20250526_HM464MoNbRu2_chiAC_vs_T_B_1T.002.txt Mon, May 26, 2025 4:31:25 PM Gabe
Magnet: None
Trigger spacing of 0.010000 on column #3
Offsets:	0.000000000E+0	0.000000000E+0	0.000000000E+0	0.000000000E+0	0.000000000E+0

Scale Factors:	1.000000000E+0	1.000000000E+0	1.000000000E+0	1.000000000E+0	1.000000000E+0

1T
Lockin_V_002	Chan2_V_002	Temperature_002	Field_002	Timestamp_002
-1.490130000E-7	1.266610000E-7	4.997900000E+0	9.999703125E+3	3.000000000E-2
-1.490130000E-7	1.862650000E-7	4.985900000E+0	9.999703125E+3	2.667600000E+1
-1.788150000E-7	9.685800000E-8	4.974300000E+0	9.999703125E+3	2.865700000E+1
-7.450630000E-8	5.960510000E-8	4.964000000E+0	9.999703125E+3	3.068700000E+1
-1.639140000E-7	-6.705570000E-8	4.952200000E+0	9.999703125E+3	3.303400000E+1
-2.235180000E-7	-3.725310000E-8	4.941500000E+0	9.999703125E+3	3.543900000E+1
-2.533220000E-7	-2.980250000E-8	4.931200000E+0	9.999703125E+3	3.707300000E+1
-1.192100000E-7	-5.960510000E-8	4.920800000E+0	9.999703125E+3	3.942800000E+1
-1.862650000E-7	-9.685800000E-8	4.910200000E+0	9.999703125E+3	4.142800000E+1
-3.725310000E-7	8.940740000E-8	4.898100000E+0	9.999703125E+3	4.389500000E+1
-3.501790000E-7	-4.470370000E-8	4.888000000E+0	9.999703125E+3	4.626500000E+1
-5.215440000E-7	1.043090000E-7	4.877600000E+0	9.999703125E+3	4.824400000E+1
-5.066430000E-7	1.862650000E-7	4.866000000E+0	9.999703125E+3	5.024500000E+1
-4.097840000E-7	2.235180000E-7	4.855000000E+0	9.999703125E+3	5.267100000E+1
-3.874320000E-7	5.960510000E-8	4.844100000E+0	9.999703125E+3	5.464400000E+1
-2.831240000E-7	7.450640000E-9	4.833200000E+0	9.999703125E+3	5.675200000E+1
-4.917420000E-7	2.011670000E-7	4.821000000E+0	9.999703125E+3	5.951400000E+1
-4.395860000E-7	6.705570000E-8	4.809800000E+0	9.999703125E+3	6.145800000E+1
-5.960500000E-7	2.533220000E-7	4.799200000E+0	9.999703125E+3	6.350400000E+1
-3.352780000E-7	6.705570000E-8	4.788500000E+0	9.999703125E+3	6.624300000E+1
-4.693880000E-7	3.129260000E-7	4.777100000E+0	9.999703125E+3	6.788000000E+1
-4.470370000E-7	5.662480000E-7	4.766600000E+0	9.999703125E+3	7.077500000E+1
-5.513470000E-7	4.619380000E-7	4.756500000E+0	9.999703125E+3	7.243400000E+1
-5.736980000E-7	3.948830000E-7	4.744600000E+0	9.999703125E+3	7.444400000E+1
-5.736980000E-7	3.203770000E-7	4.733500000E+0	9.999703125E+3	7.678500000E+1
-5.438960000E-7	6.109510000E-7	4.722100000E+0	9.999703125E+3	7.879100000E+1
-4.619380000E-7	6.556550000E-7	4.709700000E+0	9.999703125E+3	8.178100000E+1
-3.874320000E-7	4.544870000E-7	4.697300000E+0	9.999703125E+3	8.399600000E+1
-2.756730000E-7	6.184020000E-7	4.687100000E+0	9.999703125E+3	8.600100000E+1
-4.023330000E-7	8.121170000E-7	4.676900000E+0	9.999703125E+3	8.865100000E+1
-3.203770000E-7	6.780060000E-7	4.664100000E+0	9.999703125E+3	9.042900000E+1
-3.054760000E-7	6.333030000E-7	4.653300000E+0	9.999703125E+3	9.240600000E+1
-3.427290000E-7	5.960500000E-7	4.642000000E+0	9.999703125E+3	9.519200000E+1
-3.203770000E-7	5.289950000E-7	4.631500000E+0	9.999703125E+3	9.720500000E+1
-3.203770000E-7	7.152590000E-7	4.619500000E+0	9.999703125E+3	9.933500000E+1
-1.490130000E-7	3.278270000E-7	4.608100000E+0	9.999703125E+3	1.019860000E+2
-2.980250000E-7	7.152590000E-7	4.594900000E+0	9.999703125E+3	1.040110000E+2
-3.352780000E-7	5.662480000E-7	4.582900000E+0	9.999703125E+3	1.070590000E+2
-2.011670000E-7	3.278270000E-7	4.570900000E+0	9.999703125E+3	1.091900000E+2
-3.129260000E-7	4.842910000E-7	4.560300000E+0	9.999703125E+3	1.117330000E+2
-2.011670000E-7	4.619380000E-7	4.549400000E+0	9.999703125E+3	1.135920000E+2
-2.160680000E-7	4.991930000E-7	4.536900000E+0	9.999703125E+3	1.156040000E+2
-3.203770000E-7	4.395860000E-7	4.526600000E+0	9.999703125E+3	1.185440000E+2
-2.235180000E-7	5.736980000E-7	4.514300000E+0	9.999703125E+3	1.204000000E+2
-3.203770000E-7	6.631050000E-7	4.501400000E+0	9.999703125E+3	1.233820000E+2
-3.650800000E-7	6.035010000E-7	4.489700000E+0	9.999703125E+3	1.258070000E+2
-3.203770000E-7	6.333030000E-7	4.476100000E+0	9.999703125E+3	1.284310000E+2
-3.203770000E-7	7.152590000E-7	4.464400000E+0	9.999703125E+3	1.305420000E+2
-3.203770000E-7	7.897650000E-7	4.454200000E+0	9.999703125E+3	1.329850000E+2
-1.937160000E-7	6.780060000E-7	4.441800000E+0	9.999703125E+3	1.348320000E+2
-2.831240000E-7	6.854570000E-7	4.431500000E+0	9.999703125E+3	1.373860000E+2
-2.384200000E-7	6.929080000E-7	4.421000000E+0	9.999703125E+3	1.393350000E+2
-2.309690000E-7	7.450620000E-7	4.409000000E+0	9.999703125E+3	1.416280000E+2
-2.309690000E-7	7.078090000E-7	4.398400000E+0	9.999703125E+3	1.435940000E+2
-2.607720000E-7	7.003580000E-7	4.386000000E+0	9.999703125E+3	1.462980000E+2
-3.054760000E-7	7.972160000E-7	4.375800000E+0	9.999703125E+3	1.484230000E+2
-2.607720000E-7	8.493700000E-7	4.363200000E+0	9.999703125E+3	1.510090000E+2
-2.086170000E-7	7.376110000E-7	4.352900000E+0	9.999703125E+3	1.528640000E+2
-2.011670000E-7	7.301610000E-7	4.342400000E+0	9.999703125E+3	1.548290000E+2
-1.266610000E-7	7.450620000E-7	4.330400000E+0	9.999703125E+3	1.572230000E+2
-1.266610000E-7	5.587970000E-7	4.319000000E+0	9.999703125E+3	1.596810000E+2
-1.192100000E-7	3.650800000E-7	4.308700000E+0	9.999703125E+3	1.620260000E+2
-2.756730000E-7	4.321350000E-7	4.298500000E+0	9.999703125E+3	1.641600000E+2
-1.490130000E-7	1.937160000E-7	4.286500000E+0	9.999703125E+3	1.659100000E+2
-4.395860000E-7	3.129260000E-7	4.276100000E+0	9.999703125E+3	1.684530000E+2
-4.246850000E-7	1.490130000E-8	4.264800000E+0	9.999703125E+3	1.702920000E+2
-5.513470000E-7	-8.940740000E-8	4.252100000E+0	9.999703125E+3	1.732140000E+2
-6.109510000E-7	-2.086170000E-7	4.239800000E+0	9.999703125E+3	1.756740000E+2
-7.823150000E-7	-4.470370000E-7	4.228500000E+0	9.999703125E+3	1.777370000E+2
-8.046660000E-7	-6.258520000E-7	4.217400000E+0	9.999703125E+3	1.804160000E+2
-1.020740000E-6	-8.940730000E-7	4.204600000E+0	9.999703125E+3	1.820260000E+2
-1.348560000E-6	-1.333660000E-6	4.193900000E+0	9.999703125E+3	1.851450000E+2
-1.557180000E-6	-1.452870000E-6	4.182600000E+0	9.999703125E+3	1.868040000E+2
-1.996770000E-6	-1.631680000E-6	4.170200000E+0	9.999703125E+3	1.897470000E+2
-2.272440000E-6	-2.160680000E-6	4.157600000E+0	9.999703125E+3	1.919800000E+2
-2.667320000E-6	-2.630070000E-6	4.146100000E+0	9.999703125E+3	1.940620000E+2
-2.913190000E-6	-3.099460000E-6	4.134300000E+0	9.999703125E+3	1.969620000E+2
-3.233570000E-6	-3.531590000E-6	4.122700000E+0	9.999703125E+3	1.989640000E+2
-3.680600000E-6	-3.941390000E-6	4.110800000E+0	9.999703125E+3	2.013490000E+2
-4.187260000E-6	-4.217060000E-6	4.100200000E+0	9.999703125E+3	2.033710000E+2
-4.693890000E-6	-4.693890000E-6	4.088400000E+0	9.999703125E+3	2.059370000E+2
-5.193080000E-6	-5.058970000E-6	4.077100000E+0	9.999703125E+3	2.082030000E+2
-5.692270000E-6	-5.565610000E-6	4.065100000E+0	9.999703125E+3	2.106040000E+2
-6.482030000E-6	-5.915790000E-6	4.053800000E+0	9.999703125E+3	2.127600000E+2
-6.847110000E-6	-6.474580000E-6	4.042800000E+0	9.999703125E+3	2.153470000E+2
-7.301600000E-6	-6.958870000E-6	4.029700000E+0	9.999703125E+3	2.169500000E+2
-8.180800000E-6	-7.450610000E-6	4.018500000E+0	9.999703125E+3	2.200110000E+2
-8.992910000E-6	-8.300000000E-6	4.005100000E+0	9.999703125E+3	2.227720000E+2
-9.417590000E-6	-8.411760000E-6	3.994900000E+0	9.999703125E+3	2.242210000E+2
-1.028930000E-5	-8.851350000E-6	3.983200000E+0	9.999703125E+3	2.271300000E+2
-1.068420000E-5	-9.477200000E-6	3.971900000E+0	9.999703125E+3	2.285550000E+2
-1.171980000E-5	-1.032660000E-5	3.960300000E+0	9.999703125E+3	2.315810000E+2
-1.235310000E-5	-1.077360000E-5	3.950200000E+0	9.999703125E+3	2.335340000E+2
-1.323970000E-5	-1.105670000E-5	3.937900000E+0	9.999703125E+3	2.358220000E+2
-1.411890000E-5	-1.142180000E-5	3.927700000E+0	9.999703125E+3	2.382980000E+2
-1.480440000E-5	-1.148140000E-5	3.915000000E+0	9.999703125E+3	2.401450000E+2
-1.578790000E-5	-1.205510000E-5	3.904100000E+0	9.999703125E+3	2.429430000E+2
-1.628710000E-5	-1.250210000E-5	3.893200000E+0	9.999703125E+3	2.445790000E+2
-1.754620000E-5	-1.253190000E-5	3.883000000E+0	9.999703125E+3	2.469640000E+2
-1.801560000E-5	-1.286720000E-5	3.870600000E+0	9.999703125E+3	2.493710000E+2
-1.894690000E-5	-1.320250000E-5	3.859000000E+0	9.999703125E+3	2.513540000E+2
-1.976650000E-5	-1.372400000E-5	3.846900000E+0	9.999703125E+3	2.542850000E+2
-2.055630000E-5	-1.385070000E-5	3.835400000E+0	9.999703125E+3	2.562020000E+2
-2.166640000E-5	-1.420090000E-5	3.822900000E+0	9.999703125E+3	2.590940000E+2
-2.279890000E-5	-1.426790000E-5	3.808700000E+0	9.999703125E+3	2.614900000E+2
-2.370040000E-5	-1.470750000E-5	3.796100000E+0	9.999703125E+3	2.644420000E+2
-2.487020000E-5	-1.475220000E-5	3.784500000E+0	9.999703125E+3	2.669200000E+2
-2.533950000E-5	-1.506510000E-5	3.774000000E+0	9.999703125E+3	2.682880000E+2
-2.628580000E-5	-1.526640000E-5	3.763700000E+0	9.999703125E+3	2.709410000E+2
-2.696380000E-5	-1.548990000E-5	3.753500000E+0	9.999703125E+3	2.727160000E+2
-2.791000000E-5	-1.557930000E-5	3.740800000E+0	9.999703125E+3	2.756410000E+2
-2.896800000E-5	-1.564630000E-5	3.729700000E+0	9.999703125E+3	2.777510000E+2
-2.978010000E-5	-1.564630000E-5	3.719500000E+0	9.999703125E+3	2.799140000E+2
-3.034630000E-5	-1.575810000E-5	3.708600000E+0	9.999703125E+3	2.815360000E+2
-3.149380000E-5	-1.555690000E-5	3.697300000E+0	9.999703125E+3	2.845740000E+2
-3.192600000E-5	-1.566120000E-5	3.685200000E+0	9.999703125E+3	2.862690000E+2
-3.325220000E-5	-1.575810000E-5	3.672700000E+0	9.999703125E+3	2.892660000E+2
-3.398980000E-5	-1.551970000E-5	3.662000000E+0	9.999703125E+3	2.912730000E+2
-3.463800000E-5	-1.551220000E-5	3.651000000E+0	9.999703125E+3	2.930880000E+2
-3.574070000E-5	-1.533340000E-5	3.638500000E+0	9.999703125E+3	2.960860000E+2
-3.641870000E-5	-1.546010000E-5	3.628200000E+0	9.999703125E+3	2.980430000E+2
-3.724570000E-5	-1.540050000E-5	3.616300000E+0	9.999703125E+3	2.999080000E+2
-3.781190000E-5	-1.537070000E-5	3.605400000E+0	9.999703125E+3	3.024870000E+2
-3.885500000E-5	-1.524390000E-5	3.587800000E+0	9.999703125E+3	3.056190000E+2
-3.996510000E-5	-1.523650000E-5	3.573000000E+0	9.999703125E+3	3.093610000E+2
-4.085920000E-5	-1.484160000E-5	3.559400000E+0	9.999703125E+3	3.115130000E+2
-4.189480000E-5	-1.467030000E-5	3.548600000E+0	9.999703125E+3	3.147210000E+2
-4.216310000E-5	-1.493100000E-5	3.538100000E+0	9.999703125E+3	3.168890000E+2
-4.319120000E-5	-1.463300000E-5	3.526900000E+0	9.999703125E+3	3.189400000E+2
-4.397360000E-5	-1.458830000E-5	3.511800000E+0	9.999703125E+3	3.221840000E+2
-4.446530000E-5	-1.456590000E-5	3.500800000E+0	9.999703125E+3	3.242920000E+2
-4.509110000E-5	-1.457340000E-5	3.488700000E+0	9.999703125E+3	3.274950000E+2
-4.577660000E-5	-1.439460000E-5	3.475100000E+0	9.999703125E+3	3.297130000E+2
-4.643970000E-5	-1.435730000E-5	3.459900000E+0	9.999703125E+3	3.332550000E+2
-4.733380000E-5	-1.411150000E-5	3.448300000E+0	9.999703125E+3	3.353580000E+2
-4.801180000E-5	-1.397730000E-5	3.434300000E+0	9.999703125E+3	3.385690000E+2
-4.855570000E-5	-1.392520000E-5	3.423600000E+0	9.999703125E+3	3.407700000E+2
-4.924110000E-5	-1.381340000E-5	3.409600000E+0	9.999703125E+3	3.439260000E+2
-4.962110000E-5	-1.362720000E-5	3.399300000E+0	9.999703125E+3	3.460390000E+2
-5.026930000E-5	-1.343350000E-5	3.385200000E+0	9.999703125E+3	3.481780000E+2
-5.085040000E-5	-1.329190000E-5	3.370200000E+0	9.999703125E+3	3.519400000E+2
-5.137940000E-5	-1.353030000E-5	3.359100000E+0	9.999703125E+3	3.544110000E+2
-5.193080000E-5	-1.309070000E-5	3.344500000E+0	9.999703125E+3	3.576740000E+2
-5.251940000E-5	-1.280020000E-5	3.331600000E+0	9.999703125E+3	3.598430000E+2
-5.292920000E-5	-1.269580000E-5	3.318200000E+0	9.999703125E+3	3.629920000E+2
-5.361460000E-5	-1.250960000E-5	3.305900000E+0	9.999703125E+3	3.651390000E+2
-5.389030000E-5	-1.235310000E-5	3.294400000E+0	9.999703125E+3	3.683300000E+2
-5.455340000E-5	-1.216690000E-5	3.279800000E+0	9.999703125E+3	3.704700000E+2
-5.498550000E-5	-1.197310000E-5	3.266700000E+0	9.999703125E+3	3.736300000E+2
-5.553690000E-5	-1.179430000E-5	3.253200000E+0	9.999703125E+3	3.768450000E+2
-5.594660000E-5	-1.168260000E-5	3.242000000E+0	9.999703125E+3	3.789620000E+2
-5.656500000E-5	-1.167510000E-5	3.228900000E+0	9.999703125E+3	3.821740000E+2
-5.690030000E-5	-1.148140000E-5	3.215700000E+0	9.999703125E+3	3.842840000E+2
-5.737720000E-5	-1.152610000E-5	3.203300000E+0	9.999703125E+3	3.875120000E+2
-5.758580000E-5	-1.145910000E-5	3.191600000E+0	9.999703125E+3	3.896350000E+2
-5.798070000E-5	-1.152610000E-5	3.178600000E+0	9.999703125E+3	3.928670000E+2
-5.829360000E-5	-1.143670000E-5	3.166200000E+0	9.999703125E+3	3.949410000E+2
-5.877790000E-5	-1.116850000E-5	3.156100000E+0	9.999703125E+3	3.970930000E+2
-5.912800000E-5	-1.095990000E-5	3.141300000E+0	9.999703125E+3	4.006790000E+2
-5.938880000E-5	-1.105670000E-5	3.126500000E+0	9.999703125E+3	4.028210000E+2
-5.998490000E-5	-1.081090000E-5	3.111100000E+0	9.999703125E+3	4.071250000E+2
-6.010410000E-5	-1.084810000E-5	3.098100000E+0	9.999703125E+3	4.092620000E+2
-6.070010000E-5	-1.060970000E-5	3.082100000E+0	9.999703125E+3	4.130040000E+2
-6.075970000E-5	-1.085560000E-5	3.070400000E+0	9.999703125E+3	4.150760000E+2
-6.125170000E-5	-1.055010000E-5	3.057100000E+0	9.999703125E+3	4.182800000E+2
-6.175830000E-5	-9.983840000E-6	3.045800000E+0	9.999703125E+3	4.204450000E+2
-6.204890000E-5	-1.011050000E-5	3.034800000E+0	9.999703125E+3	4.229720000E+2
-6.224260000E-5	-1.014770000E-5	3.020700000E+0	9.999703125E+3	4.261750000E+2
-6.270460000E-5	-9.857180000E-6	3.008600000E+0	9.999703125E+3	4.282810000E+2
-6.283870000E-5	-9.827370000E-6	2.997600000E+0	9.999703125E+3	4.309590000E+2
-6.318880000E-5	-9.663460000E-6	2.985100000E+0	9.999703125E+3	4.331070000E+2
-6.335280000E-5	-9.663460000E-6	2.971800000E+0	9.999703125E+3	4.362060000E+2
-6.382210000E-5	-9.454840000E-6	2.961500000E+0	9.999703125E+3	4.393810000E+2
-6.378490000E-5	-9.574050000E-6	2.950400000E+0	9.999703125E+3	4.408160000E+2
-6.413510000E-5	-9.380340000E-6	2.939300000E+0	9.999703125E+3	4.429750000E+2
-6.434370000E-5	-9.507000000E-6	2.922600000E+0	9.999703125E+3	4.461670000E+2
-6.453740000E-5	-9.447390000E-6	2.911400000E+0	9.999703125E+3	4.492140000E+2
-6.483540000E-5	-8.903500000E-6	2.899800000E+0	9.999703125E+3	4.513680000E+2
-6.496950000E-5	-9.521900000E-6	2.887600000E+0	9.999703125E+3	4.545610000E+2
-6.502910000E-5	-9.641110000E-6	2.873200000E+0	9.999703125E+3	4.567590000E+2
-6.551340000E-5	-9.276030000E-6	2.857300000E+0	9.999703125E+3	4.604790000E+2
-6.591580000E-5	-9.052510000E-6	2.842400000E+0	9.999703125E+3	4.640850000E+2
-6.587100000E-5	-9.186620000E-6	2.828300000E+0	9.999703125E+3	4.661860000E+2
-6.615420000E-5	-9.059960000E-6	2.818300000E+0	9.999703125E+3	4.692430000E+2
-6.631810000E-5	-8.992910000E-6	2.802600000E+0	9.999703125E+3	4.713850000E+2
-6.669810000E-5	-8.858800000E-6	2.785500000E+0	9.999703125E+3	4.757150000E+2
-6.683960000E-5	-8.821550000E-6	2.775200000E+0	9.999703125E+3	4.777990000E+2
-6.692900000E-5	-8.940750000E-6	2.764300000E+0	9.999703125E+3	4.803670000E+2
-6.699610000E-5	-9.141920000E-6	2.752300000E+0	9.999703125E+3	4.824180000E+2
-6.724200000E-5	-9.253680000E-6	2.734400000E+0	9.999703125E+3	4.861760000E+2
-6.744310000E-5	-8.918400000E-6	2.723100000E+0	9.999703125E+3	4.893810000E+2
-6.815090000E-5	-8.553320000E-6	2.710000000E+0	9.999703125E+3	4.915050000E+2
-6.823290000E-5	-8.605480000E-6	2.697200000E+0	9.999703125E+3	4.947070000E+2
-6.868740000E-5	-8.300000000E-6	2.684700000E+0	9.999703125E+3	4.968160000E+2
-6.876930000E-5	-8.255300000E-6	2.672400000E+0	9.999703125E+3	5.000290000E+2
-6.876930000E-5	-8.419210000E-6	2.658100000E+0	9.999703125E+3	5.021570000E+2
-6.899280000E-5	-8.277650000E-6	2.642200000E+0	9.999703125E+3	5.064540000E+2
-6.897050000E-5	-8.508620000E-6	2.628100000E+0	9.999703125E+3	5.085660000E+2
-6.947710000E-5	-8.158440000E-6	2.615000000E+0	9.999703125E+3	5.117790000E+2
-6.935050000E-5	-8.322360000E-6	2.604800000E+0	9.999703125E+3	5.145500000E+2
-6.938030000E-5	-8.344710000E-6	2.588400000E+0	9.999703125E+3	5.171050000E+2
-6.972300000E-5	-8.337260000E-6	2.575700000E+0	9.999703125E+3	5.202990000E+2
-6.992420000E-5	-8.344710000E-6	2.562500000E+0	9.999703125E+3	5.224290000E+2
-7.022960000E-5	-8.016880000E-6	2.547600000E+0	9.999703125E+3	5.255130000E+2
-7.040850000E-5	-7.949830000E-6	2.533400000E+0	9.999703125E+3	5.290980000E+2
-7.086290000E-5	-7.674160000E-6	2.522000000E+0	9.999703125E+3	5.312550000E+2
-7.104180000E-5	-7.472960000E-6	2.508000000E+0	9.999703125E+3	5.344240000E+2
-7.107160000E-5	-7.472960000E-6	2.491200000E+0	9.999703125E+3	5.376190000E+2
-7.123550000E-5	-7.569820000E-6	2.475600000E+0	9.999703125E+3	5.412210000E+2
-7.128760000E-5	-7.607070000E-6	2.464800000E+0	9.999703125E+3	5.433510000E+2
-7.159310000E-5	-7.420810000E-6	2.450500000E+0	9.999703125E+3	5.465640000E+2
-7.178680000E-5	-7.413360000E-6	2.436400000E+0	9.999703125E+3	5.498520000E+2
-7.168250000E-5	-7.569820000E-6	2.425500000E+0	9.999703125E+3	5.518980000E+2
-7.163780000E-5	-7.815720000E-6	2.415100000E+0	9.999703125E+3	5.540200000E+2
-7.209230000E-5	-7.376100000E-6	2.401500000E+0	9.999703125E+3	5.572510000E+2
-7.236800000E-5	-7.100430000E-6	2.390400000E+0	9.999703125E+3	5.594330000E+2
-7.238290000E-5	-7.182390000E-6	2.379600000E+0	9.999703125E+3	5.615090000E+2
-7.250950000E-5	-7.167490000E-6	2.366200000E+0	9.999703125E+3	5.647350000E+2
-7.245740000E-5	-7.323950000E-6	2.355300000E+0	9.999703125E+3	5.668350000E+2
-7.262870000E-5	-7.256890000E-6	2.344600000E+0	9.999703125E+3	5.695430000E+2
-7.270320000E-5	-7.346300000E-6	2.331600000E+0	9.999703125E+3	5.716820000E+2
-7.290440000E-5	-7.167490000E-6	2.319900000E+0	9.999703125E+3	5.748660000E+2
-7.295660000E-5	-7.368650000E-6	2.305300000E+0	9.999703125E+3	5.769680000E+2
-7.308320000E-5	-7.115330000E-6	2.292300000E+0	9.999703125E+3	5.802000000E+2
-7.319500000E-5	-7.003570000E-6	2.281600000E+0	9.999703125E+3	5.823260000E+2
-7.349300000E-5	-6.459680000E-6	2.266000000E+0	9.999703125E+3	5.855600000E+2
-7.341100000E-5	-6.876910000E-6	2.253000000E+0	9.999703125E+3	5.888200000E+2
-7.371650000E-5	-6.608690000E-6	2.240800000E+0	9.999703125E+3	5.908850000E+2
-7.385060000E-5	-6.847110000E-6	2.225900000E+0	9.999703125E+3	5.944880000E+2
-7.390280000E-5	-6.787510000E-6	2.214400000E+0	9.999703125E+3	5.965670000E+2
-7.407410000E-5	-6.526740000E-6	2.203200000E+0	9.999703125E+3	5.987700000E+2
-7.414120000E-5	-6.511840000E-6	2.191400000E+0	9.999703125E+3	6.019500000E+2
-7.424550000E-5	-6.541640000E-6	2.177200000E+0	9.999703125E+3	6.040280000E+2
-7.443920000E-5	-6.280870000E-6	2.162000000E+0	9.999703125E+3	6.078410000E+2
-7.459570000E-5	-6.422430000E-6	2.150600000E+0	9.999703125E+3	6.099440000E+2
-7.466270000E-5	-6.288320000E-6	2.137100000E+0	9.999703125E+3	6.131140000E+2
-7.467760000E-5	-6.318120000E-6	2.125100000E+0	9.999703125E+3	6.152950000E+2
-7.467020000E-5	-6.295770000E-6	2.114900000E+0	9.999703125E+3	6.178510000E+2
-7.487140000E-5	-6.228710000E-6	2.103800000E+0	9.999703125E+3	6.199230000E+2
-7.505760000E-5	-6.362820000E-6	2.088100000E+0	9.999703125E+3	6.229680000E+2
-7.518430000E-5	-6.310670000E-6	2.076400000E+0	9.999703125E+3	6.261770000E+2
-7.517680000E-5	-6.116960000E-6	2.062000000E+0	9.999703125E+3	6.283390000E+2
-7.537800000E-5	-6.027550000E-6	2.051500000E+0	9.999703125E+3	6.310320000E+2
-7.543760000E-5	-6.087150000E-6	2.041300000E+0	9.999703125E+3	6.331630000E+2
-7.560900000E-5	-5.804030000E-6	2.025900000E+0	9.999703125E+3	6.361890000E+2
-7.547480000E-5	-5.893440000E-6	2.013000000E+0	9.999703125E+3	6.393760000E+2
-7.564620000E-5	-5.759330000E-6	2.001600000E+0	9.999703125E+3	6.415290000E+2
-7.587720000E-5	-5.908340000E-6	2.012100000E+0	9.999703125E+3	7.717350000E+2
-7.562390000E-5	-5.990300000E-6	2.023300000E+0	9.999703125E+3	7.741020000E+2
-7.560900000E-5	-5.908340000E-6	2.033600000E+0	9.999703125E+3	7.761110000E+2
-7.551960000E-5	-6.049900000E-6	2.043700000E+0	9.999703125E+3	7.780940000E+2
-7.540780000E-5	-6.020100000E-6	2.056000000E+0	9.999703125E+3	7.805010000E+2
-7.526620000E-5	-6.102050000E-6	2.067000000E+0	9.999703125E+3	7.828990000E+2
-7.503530000E-5	-6.310670000E-6	2.078500000E+0	9.999703125E+3	7.848930000E+2
-7.500550000E-5	-6.258520000E-6	2.090700000E+0	9.999703125E+3	7.876170000E+2
-7.501290000E-5	-6.146760000E-6	2.103000000E+0	9.999703125E+3	7.897820000E+2
-7.505760000E-5	-6.124410000E-6	2.114000000E+0	9.999703125E+3	7.922800000E+2
-7.494590000E-5	-6.407530000E-6	2.125000000E+0	9.999703125E+3	7.943660000E+2
-7.492350000E-5	-6.064800000E-6	2.136100000E+0	9.999703125E+3	7.967700000E+2
-7.455100000E-5	-6.318120000E-6	2.146300000E+0	9.999703125E+3	7.987740000E+2
-7.462550000E-5	-6.169110000E-6	2.157200000E+0	9.999703125E+3	8.009770000E+2
-7.455840000E-5	-6.265970000E-6	2.167400000E+0	9.999703125E+3	8.030220000E+2
-7.445410000E-5	-6.362820000E-6	2.178100000E+0	9.999703125E+3	8.050580000E+2
-7.435730000E-5	-6.504390000E-6	2.189300000E+0	9.999703125E+3	8.073070000E+2
-7.434240000E-5	-6.251070000E-6	2.199900000E+0	9.999703125E+3	8.093320000E+2
-7.431260000E-5	-6.340470000E-6	2.210900000E+0	9.999703125E+3	8.118030000E+2
-7.419330000E-5	-6.467130000E-6	2.221200000E+0	9.999703125E+3	8.138220000E+2
-7.416350000E-5	-6.511840000E-6	2.231600000E+0	9.999703125E+3	8.159780000E+2
-7.394000000E-5	-6.578890000E-6	2.243200000E+0	9.999703125E+3	8.179910000E+2
-7.390280000E-5	-6.504390000E-6	2.254500000E+0	9.999703125E+3	8.205120000E+2
-7.373140000E-5	-6.601240000E-6	2.264900000E+0	9.999703125E+3	8.222890000E+2
-7.372400000E-5	-6.750260000E-6	2.275100000E+0	9.999703125E+3	8.246380000E+2
-7.366440000E-5	-6.750260000E-6	2.286200000E+0	9.999703125E+3	8.266860000E+2
-7.353020000E-5	-6.839660000E-6	2.297200000E+0	9.999703125E+3	8.288610000E+2
-7.337380000E-5	-6.847110000E-6	2.307500000E+0	9.999703125E+3	8.311740000E+2
-7.331420000E-5	-6.899270000E-6	2.319100000E+0	9.999703125E+3	8.334420000E+2
-7.312050000E-5	-7.033380000E-6	2.329300000E+0	9.999703125E+3	8.350620000E+2
-7.297890000E-5	-7.040830000E-6	2.345900000E+0	9.999703125E+3	8.384040000E+2
-7.274790000E-5	-6.936520000E-6	2.356500000E+0	9.999703125E+3	8.407900000E+2
-7.267340000E-5	-7.197290000E-6	2.367000000E+0	9.999703125E+3	8.429980000E+2
-7.264360000E-5	-7.092980000E-6	2.379100000E+0	9.999703125E+3	8.449320000E+2
-7.256910000E-5	-7.167490000E-6	2.390800000E+0	9.999703125E+3	8.478610000E+2
-7.233820000E-5	-7.100430000E-6	2.401800000E+0	9.999703125E+3	8.496100000E+2
-7.221150000E-5	-7.264350000E-6	2.412300000E+0	9.999703125E+3	8.519960000E+2
-7.216680000E-5	-7.264350000E-6	2.423300000E+0	9.999703125E+3	8.539820000E+2
-7.206990000E-5	-7.174940000E-6	2.434000000E+0	9.999703125E+3	8.565640000E+2
-7.198050000E-5	-7.197290000E-6	2.444100000E+0	9.999703125E+3	8.582740000E+2
-7.189110000E-5	-7.189840000E-6	2.454700000E+0	9.999703125E+3	8.606710000E+2
-7.182410000E-5	-7.256890000E-6	2.467500000E+0	9.999703125E+3	8.628890000E+2
-7.163780000E-5	-7.361200000E-6	2.478600000E+0	9.999703125E+3	8.652180000E+2
-6.975280000E-5	-8.083940000E-6	2.612800000E+0	9.999703125E+3	8.920220000E+2
-6.950690000E-5	-8.106290000E-6	2.623600000E+0	9.999703125E+3	8.946590000E+2
-6.954420000E-5	-7.867870000E-6	2.634500000E+0	9.999703125E+3	8.962670000E+2
-6.926850000E-5	-8.218050000E-6	2.645000000E+0	9.999703125E+3	8.986850000E+2
-6.920150000E-5	-8.083940000E-6	2.655500000E+0	9.999703125E+3	9.006750000E+2
-6.904500000E-5	-8.136090000E-6	2.667000000E+0	9.999703125E+3	9.027690000E+2
-6.891090000E-5	-8.255300000E-6	2.678000000E+0	9.999703125E+3	9.050820000E+2
-6.872460000E-5	-8.307460000E-6	2.688800000E+0	9.999703125E+3	9.074930000E+2
-6.858310000E-5	-8.501170000E-6	2.701500000E+0	9.999703125E+3	9.097630000E+2
-6.839680000E-5	-8.300000000E-6	2.713700000E+0	9.999703125E+3	9.123380000E+2
-6.827760000E-5	-8.471370000E-6	2.725100000E+0	9.999703125E+3	9.143070000E+2
-6.805410000E-5	-8.501170000E-6	2.736900000E+0	9.999703125E+3	9.168650000E+2
-6.783060000E-5	-8.493720000E-6	2.747600000E+0	9.999703125E+3	9.192280000E+2
-6.770390000E-5	-8.508620000E-6	2.759200000E+0	9.999703125E+3	9.212510000E+2
-6.749530000E-5	-8.754490000E-6	2.773500000E+0	9.999703125E+3	9.241860000E+2
-6.721960000E-5	-8.829000000E-6	2.783800000E+0	9.999703125E+3	9.261790000E+2
-6.695140000E-5	-8.821550000E-6	2.795900000E+0	9.999703125E+3	9.288730000E+2
-6.685450000E-5	-8.761940000E-6	2.807000000E+0	9.999703125E+3	9.308830000E+2
-6.668320000E-5	-8.970560000E-6	2.819300000E+0	9.999703125E+3	9.332100000E+2
-6.642240000E-5	-9.037610000E-6	2.829500000E+0	9.999703125E+3	9.353140000E+2
-6.615420000E-5	-9.328190000E-6	2.841000000E+0	9.999703125E+3	9.377860000E+2
-6.594560000E-5	-9.343090000E-6	2.852300000E+0	9.999703125E+3	9.398460000E+2
-6.569970000E-5	-9.186620000E-6	2.863800000E+0	9.999703125E+3	9.425800000E+2
-6.554320000E-5	-9.432490000E-6	2.873800000E+0	9.999703125E+3	9.443380000E+2
-6.549850000E-5	-9.328190000E-6	2.883900000E+0	9.999703125E+3	9.458980000E+2
-6.520050000E-5	-9.365440000E-6	2.896000000E+0	9.999703125E+3	9.487980000E+2
-6.509620000E-5	-9.313280000E-6	2.906100000E+0	9.999703125E+3	9.509030000E+2
-6.482800000E-5	-9.402690000E-6	2.917400000E+0	9.999703125E+3	9.525740000E+2
-6.456720000E-5	-9.529350000E-6	2.929200000E+0	9.999703125E+3	9.553830000E+2
-6.431390000E-5	-9.596410000E-6	2.941100000E+0	9.999703125E+3	9.573780000E+2
-6.409780000E-5	-9.715620000E-6	2.952400000E+0	9.999703125E+3	9.602120000E+2
-6.392640000E-5	-9.790120000E-6	2.962500000E+0	9.999703125E+3	9.619030000E+2
-6.364330000E-5	-9.872080000E-6	2.973300000E+0	9.999703125E+3	9.641310000E+2
-6.347200000E-5	-9.827370000E-6	2.985300000E+0	9.999703125E+3	9.668320000E+2
-6.333040000E-5	-9.879530000E-6	2.995500000E+0	9.999703125E+3	9.684570000E+2
-6.306960000E-5	-9.961480000E-6	3.005800000E+0	9.999703125E+3	9.709910000E+2
-6.277160000E-5	-9.901880000E-6	3.018000000E+0	9.999703125E+3	9.730220000E+2
-6.238420000E-5	-1.021480000E-5	3.028600000E+0	9.999703125E+3	9.753720000E+2
-6.207870000E-5	-1.037870000E-5	3.039300000E+0	9.999703125E+3	9.771340000E+2
-6.177320000E-5	-1.049050000E-5	3.051500000E+0	9.999703125E+3	9.799080000E+2
-6.156460000E-5	-1.057990000E-5	3.063000000E+0	9.999703125E+3	9.819730000E+2
-6.114740000E-5	-1.082580000E-5	3.073400000E+0	9.999703125E+3	9.844950000E+2
-6.116230000E-5	-1.060970000E-5	3.086300000E+0	9.999703125E+3	9.865690000E+2
-6.071500000E-5	-1.074380000E-5	3.098400000E+0	9.999703125E+3	9.893890000E+2
-6.034250000E-5	-1.099710000E-5	3.108400000E+0	9.999703125E+3	9.910450000E+2
-6.023820000E-5	-1.078100000E-5	3.120100000E+0	9.999703125E+3	9.936100000E+2
-5.979860000E-5	-1.101950000E-5	3.132400000E+0	9.999703125E+3	9.959490000E+2
-5.941120000E-5	-1.124300000E-5	3.144000000E+0	9.999703125E+3	9.983810000E+2
-5.881510000E-5	-1.136960000E-5	3.155700000E+0	9.999703125E+3	1.000764000E+3
-5.833830000E-5	-1.177200000E-5	3.168900000E+0	9.999703125E+3	1.002911000E+3
-5.820420000E-5	-1.166770000E-5	3.180200000E+0	9.999703125E+3	1.005722000E+3
-5.797320000E-5	-1.148140000E-5	3.191900000E+0	9.999703125E+3	1.007442000E+3
-5.755600000E-5	-1.175710000E-5	3.203400000E+0	9.999703125E+3	1.010186000E+3
-5.711640000E-5	-1.187630000E-5	3.215600000E+0	9.999703125E+3	1.012281000E+3
-5.651290000E-5	-1.204760000E-5	3.227100000E+0	9.999703125E+3	1.014860000E+3
-5.625960000E-5	-1.175710000E-5	3.237700000E+0	9.999703125E+3	1.017352000E+3
-5.584230000E-5	-1.194330000E-5	3.248600000E+0	9.999703125E+3	1.018886000E+3
-5.536550000E-5	-1.209240000E-5	3.260500000E+0	9.999703125E+3	1.021725000E+3
-5.495570000E-5	-1.215200000E-5	3.272800000E+0	9.999703125E+3	1.023747000E+3
-5.460550000E-5	-1.226370000E-5	3.283200000E+0	9.999703125E+3	1.026076000E+3
-5.421070000E-5	-1.233080000E-5	3.296500000E+0	9.999703125E+3	1.028447000E+3
-5.365190000E-5	-1.252450000E-5	3.307900000E+0	9.999703125E+3	1.031250000E+3
-5.324950000E-5	-1.282250000E-5	3.319500000E+0	9.999703125E+3	1.033534000E+3
-5.297390000E-5	-1.277040000E-5	3.330800000E+0	9.999703125E+3	1.035119000E+3
-5.257150000E-5	-1.299390000E-5	3.341300000E+0	9.999703125E+3	1.037985000E+3
-5.207980000E-5	-1.326950000E-5	3.351300000E+0	9.999703125E+3	1.039676000E+3
-5.142410000E-5	-1.319500000E-5	3.364800000E+0	9.999703125E+3	1.042214000E+3
-5.091010000E-5	-1.341110000E-5	3.375400000E+0	9.999703125E+3	1.044631000E+3
-5.076100000E-5	-1.349310000E-5	3.386500000E+0	9.999703125E+3	1.046586000E+3
-5.036620000E-5	-1.363460000E-5	3.396700000E+0	9.999703125E+3	1.048679000E+3
-4.989680000E-5	-1.355270000E-5	3.408100000E+0	9.999703125E+3	1.051388000E+3
-4.933050000E-5	-1.388050000E-5	3.419700000E+0	9.999703125E+3	1.053400000E+3
-4.851100000E-5	-1.434990000E-5	3.431200000E+0	9.999703125E+3	1.055999000E+3
-4.818310000E-5	-1.419340000E-5	3.441900000E+0	9.999703125E+3	1.057527000E+3
-4.728910000E-5	-1.460320000E-5	3.452500000E+0	9.999703125E+3	1.060216000E+3
-4.702830000E-5	-1.454360000E-5	3.464500000E+0	9.999703125E+3	1.062081000E+3
-4.630560000E-5	-1.470010000E-5	3.475400000E+0	9.999703125E+3	1.064597000E+3
-4.544130000E-5	-1.501300000E-5	3.486600000E+0	9.999703125E+3	1.066992000E+3
-4.527000000E-5	-1.475970000E-5	3.497000000E+0	9.999703125E+3	1.068622000E+3
-4.471120000E-5	-1.463300000E-5	3.508300000E+0	9.999703125E+3	1.070995000E+3
-4.389910000E-5	-1.508000000E-5	3.519200000E+0	9.999703125E+3	1.073516000E+3
-4.339240000E-5	-1.507260000E-5	3.530800000E+0	9.999703125E+3	1.075513000E+3
-4.278150000E-5	-1.518430000E-5	3.541500000E+0	9.999703125E+3	1.077569000E+3
-4.174580000E-5	-1.555690000E-5	3.552400000E+0	9.999703125E+3	1.080346000E+3
-4.125410000E-5	-1.538560000E-5	3.563500000E+0	9.999703125E+3	1.082045000E+3
-4.050900000E-5	-1.512470000E-5	3.573600000E+0	9.999703125E+3	1.084057000E+3
-3.968950000E-5	-1.528870000E-5	3.584300000E+0	9.999703125E+3	1.086459000E+3
-3.902640000E-5	-1.528870000E-5	3.594400000E+0	9.999703125E+3	1.088073000E+3
-3.848990000E-5	-1.526640000E-5	3.604500000E+0	9.999703125E+3	1.090455000E+3
-3.775230000E-5	-1.537810000E-5	3.617000000E+0	9.999703125E+3	1.092728000E+3
-3.676880000E-5	-1.578790000E-5	3.627700000E+0	9.999703125E+3	1.094775000E+3
-3.612810000E-5	-1.543770000E-5	3.638600000E+0	9.999703125E+3	1.097526000E+3
-3.543520000E-5	-1.557180000E-5	3.649500000E+0	9.999703125E+3	1.099110000E+3
-3.456350000E-5	-1.551970000E-5	3.660600000E+0	9.999703125E+3	1.101511000E+3
-3.380350000E-5	-1.551220000E-5	3.673600000E+0	9.999703125E+3	1.104362000E+3
-3.308080000E-5	-1.531850000E-5	3.684900000E+0	9.999703125E+3	1.106057000E+3
-3.219420000E-5	-1.526640000E-5	3.695300000E+0	9.999703125E+3	1.108430000E+3
-3.143420000E-5	-1.546750000E-5	3.707500000E+0	9.999703125E+3	1.111018000E+3
-3.020480000E-5	-1.540790000E-5	3.719500000E+0	9.999703125E+3	1.113778000E+3
-2.957890000E-5	-1.546010000E-5	3.731400000E+0	9.999703125E+3	1.115379000E+3
-2.867000000E-5	-1.533340000E-5	3.742000000E+0	9.999703125E+3	1.117773000E+3
-2.788020000E-5	-1.541540000E-5	3.752500000E+0	9.999703125E+3	1.119963000E+3
-2.711280000E-5	-1.525890000E-5	3.766600000E+0	9.999703125E+3	1.122752000E+3
-2.608460000E-5	-1.483420000E-5	3.779200000E+0	9.999703125E+3	1.125521000E+3
-2.521290000E-5	-1.499810000E-5	3.790200000E+0	9.999703125E+3	1.127694000E+3
-2.469130000E-5	-1.483420000E-5	3.800800000E+0	9.999703125E+3	1.129245000E+3
-2.376000000E-5	-1.449140000E-5	3.811200000E+0	9.999703125E+3	1.131623000E+3
-2.277650000E-5	-1.429770000E-5	3.821900000E+0	9.999703125E+3	1.134030000E+3
-2.198680000E-5	-1.399970000E-5	3.834100000E+0	9.999703125E+3	1.136052000E+3
-2.098840000E-5	-1.386560000E-5	3.845000000E+0	9.999703125E+3	1.138474000E+3
-2.032530000E-5	-1.357500000E-5	3.855200000E+0	9.999703125E+3	1.140705000E+3
-1.945360000E-5	-1.352290000E-5	3.865600000E+0	9.999703125E+3	1.142317000E+3
-1.867130000E-5	-1.312800000E-5	3.877400000E+0	9.999703125E+3	1.144724000E+3
-1.792620000E-5	-1.273310000E-5	3.887500000E+0	9.999703125E+3	1.147130000E+3
-1.716630000E-5	-1.264370000E-5	3.900400000E+0	9.999703125E+3	1.149535000E+3
-1.628710000E-5	-1.227860000E-5	3.911700000E+0	9.999703125E+3	1.151647000E+3
-1.516200000E-5	-1.183160000E-5	3.922900000E+0	9.999703125E+3	1.154444000E+3
-1.450630000E-5	-1.183160000E-5	3.934600000E+0	9.999703125E+3	1.156425000E+3
-1.367190000E-5	-1.129510000E-5	3.944800000E+0	9.999703125E+3	1.158477000E+3
-1.306840000E-5	-1.110890000E-5	3.956300000E+0	9.999703125E+3	1.160450000E+3
-1.195820000E-5	-1.028930000E-5	3.968300000E+0	9.999703125E+3	1.163376000E+3
-1.130260000E-5	-1.010300000E-5	3.979000000E+0	9.999703125E+3	1.165390000E+3
-1.049790000E-5	-9.968940000E-6	3.991100000E+0	9.999703125E+3	1.167444000E+3
-9.641110000E-6	-9.343090000E-6	4.003100000E+0	9.999703125E+3	1.170225000E+3
-9.179170000E-6	-8.590580000E-6	4.013800000E+0	9.999703125E+3	1.172372000E+3
-8.486270000E-6	-8.173350000E-6	4.026300000E+0	9.999703125E+3	1.174539000E+3
-7.651800000E-6	-7.472960000E-6	4.038700000E+0	9.999703125E+3	1.177256000E+3
-6.943970000E-6	-7.160040000E-6	4.052100000E+0	9.999703125E+3	1.179652000E+3
-6.236170000E-6	-6.780060000E-6	4.062900000E+0	9.999703125E+3	1.182050000E+3
-5.520910000E-6	-6.355370000E-6	4.074100000E+0	9.999703125E+3	1.184194000E+3
-5.282490000E-6	-5.684820000E-6	4.084100000E+0	9.999703125E+3	1.186189000E+3
-4.842910000E-6	-5.222890000E-6	4.096400000E+0	9.999703125E+3	1.188999000E+3
-4.231960000E-6	-4.939760000E-6	4.107100000E+0	9.999703125E+3	1.190989000E+3
-3.479440000E-6	-4.604490000E-6	4.119200000E+0	9.999703125E+3	1.193001000E+3
-2.913190000E-6	-3.933940000E-6	4.129700000E+0	9.999703125E+3	1.195796000E+3
-2.600270000E-6	-3.665700000E-6	4.140900000E+0	9.999703125E+3	1.197519000E+3
-2.041470000E-6	-3.337870000E-6	4.151800000E+0	9.999703125E+3	1.199916000E+3
-1.788150000E-6	-3.077100000E-6	4.164100000E+0	9.999703125E+3	1.202328000E+3
-1.348560000E-6	-2.667320000E-6	4.174200000E+0	9.999703125E+3	1.204447000E+3
-9.536820000E-7	-2.376750000E-6	4.186600000E+0	9.999703125E+3	1.206893000E+3
-1.065440000E-6	-1.966970000E-6	4.197700000E+0	9.999703125E+3	1.208851000E+3
-7.227100000E-7	-1.743440000E-6	4.209000000E+0	9.999703125E+3	1.211439000E+3
-7.376110000E-7	-1.519930000E-6	4.220300000E+0	9.999703125E+3	1.213800000E+3
-5.140940000E-7	-1.207000000E-6	4.232300000E+0	9.999703125E+3	1.215430000E+3
-4.395860000E-7	-1.139950000E-6	4.243600000E+0	9.999703125E+3	1.218372000E+3
-3.650800000E-7	-8.419190000E-7	4.255600000E+0	9.999703125E+3	1.220751000E+3
-2.309690000E-7	-6.109510000E-7	4.266100000E+0	9.999703125E+3	1.222328000E+3
-1.937160000E-7	-4.246850000E-7	4.276800000E+0	9.999703125E+3	1.224764000E+3
-2.458710000E-7	-2.235190000E-8	4.287600000E+0	9.999703125E+3	1.227118000E+3
-2.682230000E-7	1.192100000E-7	4.299300000E+0	9.999703125E+3	1.229134000E+3
-9.685800000E-8	9.685800000E-8	4.311900000E+0	9.999703125E+3	1.231943000E+3
-8.195680000E-8	2.235190000E-8	4.323200000E+0	9.999703125E+3	1.234370000E+3
-8.940740000E-8	2.533220000E-7	4.335700000E+0	9.999703125E+3	1.236338000E+3
-8.195680000E-8	1.862650000E-7	4.347400000E+0	9.999703125E+3	1.239265000E+3
-6.705570000E-8	3.352780000E-7	4.357700000E+0	9.999703125E+3	1.241003000E+3
-1.043090000E-7	3.874320000E-7	4.368400000E+0	9.999703125E+3	1.243441000E+3
-2.980250000E-8	1.639140000E-7	4.379900000E+0	9.999703125E+3	1.245379000E+3
-2.235190000E-8	1.862650000E-7	4.390300000E+0	9.999703125E+3	1.247397000E+3
-5.215430000E-8	3.501790000E-7	4.400600000E+0	9.999703125E+3	1.249802000E+3
1.490130000E-8	2.905740000E-7	4.411000000E+0	9.999703125E+3	1.251455000E+3
-7.450640000E-9	1.415620000E-7	4.421900000E+0	9.999703125E+3	1.253700000E+3
1.639140000E-7	-5.960510000E-8	4.433400000E+0	9.999703125E+3	1.256513000E+3
1.043090000E-7	7.450630000E-8	4.443700000E+0	9.999703125E+3	1.258109000E+3
5.960510000E-8	6.705570000E-8	4.454800000E+0	9.999703125E+3	1.260050000E+3
-7.450630000E-8	1.713640000E-7	4.465300000E+0	9.999703125E+3	1.262868000E+3
-1.490130000E-7	4.246850000E-7	4.477300000E+0	9.999703125E+3	1.264492000E+3
1.415620000E-7	8.195680000E-8	4.488400000E+0	9.999703125E+3	1.267286000E+3
2.682230000E-7	1.490130000E-8	4.499100000E+0	9.999703125E+3	1.269266000E+3
-7.450630000E-8	3.874320000E-7	4.510300000E+0	9.999703125E+3	1.271713000E+3
-5.960510000E-8	4.172340000E-7	4.520400000E+0	9.999703125E+3	1.273325000E+3
7.450640000E-9	1.713640000E-7	4.531500000E+0	9.999703125E+3	1.276046000E+3
6.705570000E-8	8.940740000E-8	4.543000000E+0	9.999703125E+3	1.278178000E+3
7.450630000E-8	1.415620000E-7	4.553800000E+0	9.999703125E+3	1.279937000E+3
-4.470370000E-8	1.862650000E-7	4.565400000E+0	9.999703125E+3	1.282357000E+3
8.940740000E-8	1.192100000E-7	4.577100000E+0	9.999703125E+3	1.285141000E+3
4.470370000E-8	3.129260000E-7	4.588700000E+0	9.999703125E+3	1.287136000E+3
3.725310000E-8	2.384200000E-7	4.600300000E+0	9.999703125E+3	1.289143000E+3
-1.490130000E-7	2.533220000E-7	4.611100000E+0	9.999703125E+3	1.292078000E+3
-6.705570000E-8	3.278270000E-7	4.622100000E+0	9.999703125E+3	1.293752000E+3
-2.980250000E-8	3.278270000E-7	4.632500000E+0	9.999703125E+3	1.296642000E+3
1.043090000E-7	1.266610000E-7	4.644400000E+0	9.999703125E+3	1.298199000E+3
-7.450640000E-9	4.395860000E-7	4.654500000E+0	9.999703125E+3	1.300607000E+3
0.000000000E+0	4.768410000E-7	4.666000000E+0	9.999703125E+3	1.303002000E+3
2.980250000E-8	1.415620000E-7	4.676700000E+0	9.999703125E+3	1.305003000E+3
1.266610000E-7	-8.195680000E-8	4.689300000E+0	9.999703125E+3	1.307019000E+3
1.266610000E-7	-1.117590000E-7	4.700400000E+0	9.999703125E+3	1.309412000E+3
1.415620000E-7	2.235190000E-8	4.711700000E+0	9.999703125E+3	1.311809000E+3
7.450640000E-9	1.415620000E-7	4.723200000E+0	9.999703125E+3	1.314229000E+3
2.980250000E-8	1.937160000E-7	4.734300000E+0	9.999703125E+3	1.316205000E+3
0.000000000E+0	-3.725310000E-8	4.745600000E+0	9.999703125E+3	1.318728000E+3
1.341110000E-7	-2.011670000E-7	4.757600000E+0	9.999703125E+3	1.320751000E+3
1.117590000E-7	5.215430000E-8	4.769500000E+0	9.999703125E+3	1.323560000E+3
5.960510000E-8	1.490130000E-8	4.781300000E+0	9.999703125E+3	1.325588000E+3
4.470370000E-8	6.705570000E-8	4.792600000E+0	9.999703125E+3	1.327683000E+3
2.980250000E-8	-1.639140000E-7	4.802900000E+0	9.999703125E+3	1.330450000E+3
-7.450640000E-9	1.862650000E-7	4.814600000E+0	9.999703125E+3	1.332462000E+3
1.266610000E-7	-1.490130000E-7	4.825100000E+0	9.999703125E+3	1.334203000E+3
8.940740000E-8	-2.458710000E-7	4.835800000E+0	9.999703125E+3	1.336663000E+3
7.450630000E-8	-1.490130000E-7	4.845900000E+0	9.999703125E+3	1.339062000E+3
1.043090000E-7	-1.639140000E-7	4.856600000E+0	9.999703125E+3	1.340702000E+3
1.266610000E-7	-1.043090000E-7	4.866700000E+0	9.999703125E+3	1.343010000E+3
3.725310000E-8	1.043090000E-7	4.877900000E+0	9.999703125E+3	1.345129000E+3
8.940740000E-8	-4.470370000E-8	4.888300000E+0	9.999703125E+3	1.347161000E+3
1.415620000E-7	-8.195680000E-8	4.899300000E+0	9.999703125E+3	1.349168000E+3
6.705570000E-8	-1.341110000E-7	4.911600000E+0	9.999703125E+3	1.351937000E+3
3.725310000E-8	-1.341110000E-7	4.924600000E+0	9.999703125E+3	1.354356000E+3
-5.215430000E-8	-1.341110000E-7	4.936500000E+0	9.999703125E+3	1.356362000E+3
1.415620000E-7	1.490130000E-8	4.946600000E+0	9.999703125E+3	1.358808000E+3
0.000000000E+0	5.960510000E-8	4.957100000E+0	9.999703125E+3	1.360899000E+3
1.788150000E-7	7.450640000E-9	4.969000000E+0	9.999703125E+3	1.363274000E+3
2.011670000E-7	-8.195680000E-8	4.980100000E+0	9.999703125E+3	1.365309000E+3
2.011670000E-7	-4.470370000E-8	4.990600000E+0	9.999703125E+3	1.367682000E+3
1.937160000E-7	-6.705570000E-8	5.001300000E+0	9.999703125E+3	1.370085000E+3
