20250526_HM464MoNbRu2_chiAC_vs_T_B_0T.003.txt Mon, May 26, 2025 3:37:51 PM Gabe
Magnet: None
Trigger spacing of 0.010000 on column #3
Offsets:	0.000000000E+0	0.000000000E+0	0.000000000E+0	0.000000000E+0	0.000000000E+0

Scale Factors:	1.000000000E+0	1.000000000E+0	1.000000000E+0	1.000000000E+0	1.000000000E+0

0T
Lockin_V_003	Chan2_V_003	Temperature_003	Field_003	Timestamp_003
-3.576300000E-7	-7.450640000E-9	5.001200000E+0	3.460338712E-1	2.600000000E-2
-2.980250000E-7	-5.215430000E-8	4.990500000E+0	3.460338712E-1	7.067300000E+1
-3.576300000E-7	-1.490130000E-8	4.979100000E+0	3.460338712E-1	7.221000000E+1
-3.576300000E-7	-2.980250000E-8	4.968000000E+0	3.460338712E-1	7.381000000E+1
-3.501790000E-7	-1.490130000E-8	4.956400000E+0	3.460338712E-1	7.661100000E+1
-3.576300000E-7	-2.980250000E-8	4.945600000E+0	3.460338712E-1	7.908100000E+1
-3.874320000E-7	-3.725310000E-8	4.932900000E+0	3.460338712E-1	8.139300000E+1
-3.576300000E-7	-2.235190000E-8	4.921900000E+0	3.460338712E-1	8.342000000E+1
-3.501790000E-7	-3.725310000E-8	4.911600000E+0	3.460338712E-1	8.581800000E+1
-3.874320000E-7	-4.470370000E-8	4.901100000E+0	3.460338712E-1	8.850600000E+1
-3.948830000E-7	-8.940740000E-8	4.889000000E+0	3.460338712E-1	9.013200000E+1
-4.023330000E-7	-9.685800000E-8	4.878100000E+0	3.460338712E-1	9.249300000E+1
-5.438960000E-7	-2.682230000E-7	4.866200000E+0	3.460338712E-1	9.490800000E+1
-7.078090000E-7	-8.717220000E-7	4.855500000E+0	3.460338712E-1	9.647800000E+1
-1.907360000E-6	-3.740210000E-6	4.844000000E+0	3.460338712E-1	9.928900000E+1
-5.498560000E-6	-8.419210000E-6	4.833600000E+0	3.460338712E-1	1.016830000E+2
-9.276030000E-6	-1.158570000E-5	4.823100000E+0	3.460338712E-1	1.033260000E+2
-1.685330000E-5	-1.561650000E-5	4.812100000E+0	3.460338712E-1	1.052650000E+2
-2.568230000E-5	-1.799330000E-5	4.801300000E+0	3.460338712E-1	1.081090000E+2
-3.246990000E-5	-1.870110000E-5	4.789300000E+0	3.460338712E-1	1.100920000E+2
-4.081450000E-5	-1.866380000E-5	4.778800000E+0	3.460338712E-1	1.120940000E+2
-4.813840000E-5	-1.814970000E-5	4.768200000E+0	3.460338712E-1	1.144920000E+2
-5.371150000E-5	-1.744940000E-5	4.757600000E+0	3.460338712E-1	1.168880000E+2
-5.924720000E-5	-1.660000000E-5	4.746000000E+0	3.460338712E-1	1.188980000E+2
-6.487270000E-5	-1.551970000E-5	4.734800000E+0	3.460338712E-1	1.213750000E+2
-6.803170000E-5	-1.487140000E-5	4.724100000E+0	3.460338712E-1	1.230250000E+2
-7.382080000E-5	-1.357500000E-5	4.713800000E+0	3.460338712E-1	1.257180000E+2
-7.604110000E-5	-1.303110000E-5	4.703700000E+0	3.460338712E-1	1.276210000E+2
-7.946090000E-5	-1.214450000E-5	4.691700000E+0	3.460338712E-1	1.297430000E+2
-8.310420000E-5	-1.102690000E-5	4.678500000E+0	3.460338712E-1	1.323700000E+2
-8.554800000E-5	-1.026700000E-5	4.668300000E+0	3.460338712E-1	1.343550000E+2
-8.785770000E-5	-9.492100000E-6	4.656900000E+0	3.460338712E-1	1.368120000E+2
-9.007050000E-5	-8.679980000E-6	4.645100000E+0	3.460338712E-1	1.387910000E+2
-9.215670000E-5	-7.875320000E-6	4.633600000E+0	3.460338712E-1	1.411700000E+2
-9.412370000E-5	-7.160040000E-6	4.622600000E+0	3.460338712E-1	1.442140000E+2
-9.518910000E-5	-6.727900000E-6	4.610600000E+0	3.460338712E-1	1.460200000E+2
-9.684310000E-5	-6.020100000E-6	4.598400000E+0	3.460338712E-1	1.485170000E+2
-9.782660000E-5	-5.640120000E-6	4.586300000E+0	3.460338712E-1	1.503710000E+2
-9.901120000E-5	-5.155830000E-6	4.576000000E+0	3.460338712E-1	1.527810000E+2
-1.000990000E-4	-4.686440000E-6	4.563900000E+0	3.460338712E-1	1.553540000E+2
-1.008740000E-4	-4.425670000E-6	4.552700000E+0	3.460338712E-1	1.575950000E+2
-1.014330000E-4	-4.112750000E-6	4.542600000E+0	3.460338712E-1	1.591820000E+2
-1.022600000E-4	-3.814730000E-6	4.532400000E+0	3.460338712E-1	1.614630000E+2
-1.029380000E-4	-3.457080000E-6	4.521000000E+0	3.460338712E-1	1.644460000E+2
-1.033620000E-4	-3.285720000E-6	4.510900000E+0	3.460338712E-1	1.661180000E+2
-1.038760000E-4	-3.069650000E-6	4.499900000E+0	3.460338712E-1	1.678500000E+2
-1.044280000E-4	-2.779080000E-6	4.488200000E+0	3.460338712E-1	1.708190000E+2
-1.047330000E-4	-2.689670000E-6	4.477800000E+0	3.460338712E-1	1.725410000E+2
-1.051060000E-4	-2.481060000E-6	4.467500000E+0	3.460338712E-1	1.745240000E+2
-1.054930000E-4	-2.332050000E-6	4.455400000E+0	3.460338712E-1	1.770580000E+2
-1.058730000E-4	-2.183030000E-6	4.443700000E+0	3.460338712E-1	1.789820000E+2
-1.062010000E-4	-2.048920000E-6	4.432600000E+0	3.460338712E-1	1.818590000E+2
-1.065440000E-4	-1.885000000E-6	4.420200000E+0	3.460338712E-1	1.839830000E+2
-1.068050000E-4	-1.773250000E-6	4.407700000E+0	3.460338712E-1	1.867150000E+2
-1.070580000E-4	-1.601880000E-6	4.396400000E+0	3.460338712E-1	1.890700000E+2
-1.072520000E-4	-1.586980000E-6	4.386000000E+0	3.460338712E-1	1.908670000E+2
-1.074450000E-4	-1.542280000E-6	4.375300000E+0	3.460338712E-1	1.929400000E+2
-1.077210000E-4	-1.385820000E-6	4.363400000E+0	3.460338712E-1	1.954460000E+2
-1.078400000E-4	-1.266610000E-6	4.351300000E+0	3.460338712E-1	1.979910000E+2
-1.080120000E-4	-1.236800000E-6	4.340500000E+0	3.460338712E-1	1.997140000E+2
-1.081680000E-4	-1.139950000E-6	4.329600000E+0	3.460338712E-1	2.022900000E+2
-1.083100000E-4	-1.050540000E-6	4.318400000E+0	3.460338712E-1	2.045210000E+2
-1.084880000E-4	-1.057990000E-6	4.307500000E+0	3.460338712E-1	2.065320000E+2
-1.086080000E-4	-1.005840000E-6	4.296500000E+0	3.460338712E-1	2.091330000E+2
-1.086900000E-4	-9.462270000E-7	4.286100000E+0	3.460338712E-1	2.104530000E+2
-1.088010000E-4	-8.791720000E-7	4.274300000E+0	3.460338712E-1	2.133510000E+2
-1.089430000E-4	-7.972160000E-7	4.258900000E+0	3.460338712E-1	2.158920000E+2
-1.090770000E-4	-7.823150000E-7	4.246700000E+0	3.460338712E-1	2.186670000E+2
-1.091510000E-4	-7.152590000E-7	4.236600000E+0	3.460338712E-1	2.206840000E+2
-1.092110000E-4	-6.780060000E-7	4.222100000E+0	3.460338712E-1	2.236120000E+2
-1.093080000E-4	-6.258520000E-7	4.211200000E+0	3.460338712E-1	2.257280000E+2
-1.093900000E-4	-6.035010000E-7	4.199900000E+0	3.460338712E-1	2.284170000E+2
-1.094420000E-4	-5.438960000E-7	4.186900000E+0	3.460338712E-1	2.304030000E+2
-1.095540000E-4	-4.842910000E-7	4.175300000E+0	3.460338712E-1	2.327970000E+2
-1.096060000E-4	-5.289950000E-7	4.163700000E+0	3.460338712E-1	2.355850000E+2
-1.096580000E-4	-5.066430000E-7	4.151900000E+0	3.460338712E-1	2.376040000E+2
-1.097620000E-4	-4.470370000E-7	4.139800000E+0	3.460338712E-1	2.401380000E+2
-1.097700000E-4	-4.246850000E-7	4.128000000E+0	3.460338712E-1	2.424000000E+2
-1.098820000E-4	-4.097840000E-7	4.116300000E+0	3.460338712E-1	2.443960000E+2
-1.098820000E-4	-4.395860000E-7	4.105100000E+0	3.460338712E-1	2.473820000E+2
-1.099110000E-4	-3.799810000E-7	4.092500000E+0	3.460338712E-1	2.491920000E+2
-1.099780000E-4	-3.650800000E-7	4.080100000E+0	3.460338712E-1	2.521800000E+2
-1.100530000E-4	-3.203770000E-7	4.068900000E+0	3.460338712E-1	2.541430000E+2
-1.101350000E-4	-3.278270000E-7	4.055900000E+0	3.460338712E-1	2.569910000E+2
-1.100830000E-4	-2.905740000E-7	4.045200000E+0	3.460338712E-1	2.593420000E+2
-1.101570000E-4	-2.831240000E-7	4.034200000E+0	3.460338712E-1	2.610840000E+2
-1.101870000E-4	-2.607720000E-7	4.024000000E+0	3.460338712E-1	2.632620000E+2
-1.102090000E-4	-2.682230000E-7	4.012000000E+0	3.460338712E-1	2.657920000E+2
-1.102840000E-4	-2.458710000E-7	3.999000000E+0	3.460338712E-1	2.681360000E+2
-1.102910000E-4	-2.607720000E-7	3.988300000E+0	3.460338712E-1	2.700070000E+2
-1.103290000E-4	-2.607720000E-7	3.978200000E+0	3.460338712E-1	2.729360000E+2
-1.103360000E-4	-2.235180000E-7	3.967100000E+0	3.460338712E-1	2.747110000E+2
-1.104550000E-4	-1.937160000E-7	3.956900000E+0	3.460338712E-1	2.764330000E+2
-1.103660000E-4	-1.639140000E-7	3.944600000E+0	3.460338712E-1	2.793910000E+2
-1.103960000E-4	-1.937160000E-7	3.933200000E+0	3.460338712E-1	2.813710000E+2
-1.104630000E-4	-1.788150000E-7	3.922800000E+0	3.460338712E-1	2.836030000E+2
-1.104550000E-4	-1.639140000E-7	3.911600000E+0	3.460338712E-1	2.855990000E+2
-1.105150000E-4	-2.160680000E-7	3.901000000E+0	3.460338712E-1	2.882750000E+2
-1.105220000E-4	-1.564630000E-7	3.889100000E+0	3.460338712E-1	2.904040000E+2
-1.105520000E-4	-1.415620000E-7	3.876700000E+0	3.460338712E-1	2.924210000E+2
-1.105750000E-4	-1.490130000E-7	3.865900000E+0	3.460338712E-1	2.953400000E+2
-1.105750000E-4	-1.341110000E-7	3.853200000E+0	3.460338712E-1	2.972390000E+2
-1.106270000E-4	-1.341110000E-7	3.842300000E+0	3.460338712E-1	3.001760000E+2
-1.106120000E-4	-1.490130000E-7	3.830200000E+0	3.460338712E-1	3.022220000E+2
-1.106420000E-4	-1.415620000E-7	3.819200000E+0	3.460338712E-1	3.040110000E+2
-1.106340000E-4	-1.043090000E-7	3.806100000E+0	3.460338712E-1	3.069490000E+2
-1.106490000E-4	-1.266610000E-7	3.794800000E+0	3.460338712E-1	3.093460000E+2
-1.106640000E-4	-6.705570000E-8	3.784100000E+0	3.460338712E-1	3.108020000E+2
-1.106940000E-4	-9.685800000E-8	3.772300000E+0	3.460338712E-1	3.137760000E+2
-1.106860000E-4	-1.043090000E-7	3.759700000E+0	3.460338712E-1	3.157520000E+2
-1.107240000E-4	-7.450630000E-8	3.748500000E+0	3.460338712E-1	3.185340000E+2
-1.107310000E-4	-8.940740000E-8	3.735800000E+0	3.460338712E-1	3.209450000E+2
-1.107760000E-4	-1.043090000E-7	3.725700000E+0	3.460338712E-1	3.225450000E+2
-1.107680000E-4	-9.685800000E-8	3.713500000E+0	3.460338712E-1	3.255980000E+2
-1.107310000E-4	-6.705570000E-8	3.700800000E+0	3.460338712E-1	3.277520000E+2
-1.107910000E-4	-2.980250000E-8	3.690700000E+0	3.460338712E-1	3.297530000E+2
-1.107530000E-4	-7.450630000E-8	3.675900000E+0	3.460338712E-1	3.326860000E+2
-1.107830000E-4	-5.960510000E-8	3.663900000E+0	3.460338712E-1	3.357350000E+2
-1.108130000E-4	-6.705570000E-8	3.653600000E+0	3.460338712E-1	3.375260000E+2
-1.108130000E-4	-7.450630000E-8	3.641000000E+0	3.460338712E-1	3.394850000E+2
-1.108350000E-4	-5.960510000E-8	3.628800000E+0	3.460338712E-1	3.425770000E+2
-1.107830000E-4	-5.960510000E-8	3.616400000E+0	3.460338712E-1	3.448280000E+2
-1.108430000E-4	-3.725310000E-8	3.603700000E+0	3.460338712E-1	3.469820000E+2
-1.108650000E-4	-8.195680000E-8	3.587000000E+0	3.460338712E-1	3.505950000E+2
-1.108650000E-4	-3.725310000E-8	3.572500000E+0	3.460338712E-1	3.542840000E+2
-1.108580000E-4	-7.450640000E-9	3.557500000E+0	3.460338712E-1	3.564230000E+2
-1.108730000E-4	-3.725310000E-8	3.546000000E+0	3.460338712E-1	3.596450000E+2
-1.109020000E-4	-6.705570000E-8	3.531400000E+0	3.460338712E-1	3.618240000E+2
-1.109020000E-4	-3.725310000E-8	3.520300000E+0	3.460338712E-1	3.653410000E+2
-1.109100000E-4	-1.490130000E-8	3.504700000E+0	3.460338712E-1	3.674920000E+2
-1.109250000E-4	-1.490130000E-8	3.488700000E+0	3.460338712E-1	3.717490000E+2
-1.109400000E-4	0.000000000E+0	3.476300000E+0	3.460338712E-1	3.739440000E+2
-1.109400000E-4	-2.235190000E-8	3.462900000E+0	3.460338712E-1	3.771240000E+2
-1.109770000E-4	-4.470370000E-8	3.450600000E+0	3.460338712E-1	3.792700000E+2
-1.109550000E-4	-7.450640000E-9	3.436700000E+0	3.460338712E-1	3.825720000E+2
-1.110070000E-4	7.450640000E-9	3.422900000E+0	3.460338712E-1	3.856800000E+2
-1.109690000E-4	0.000000000E+0	3.410900000E+0	3.460338712E-1	3.877730000E+2
-1.109400000E-4	-2.980250000E-8	3.397700000E+0	3.460338712E-1	3.915490000E+2
-1.109840000E-4	1.490130000E-8	3.383000000E+0	3.460338712E-1	3.936480000E+2
-1.109770000E-4	-7.450640000E-9	3.370100000E+0	3.460338712E-1	3.968900000E+2
-1.109990000E-4	1.490130000E-8	3.359000000E+0	3.460338712E-1	3.990230000E+2
-1.109770000E-4	0.000000000E+0	3.344800000E+0	3.460338712E-1	4.021690000E+2
-1.109840000E-4	-2.235190000E-8	3.333400000E+0	3.460338712E-1	4.043050000E+2
-1.110360000E-4	-2.980250000E-8	3.323100000E+0	3.460338712E-1	4.064260000E+2
-1.110070000E-4	0.000000000E+0	3.312000000E+0	3.460338712E-1	4.096460000E+2
-1.109690000E-4	-7.450640000E-9	3.299900000E+0	3.460338712E-1	4.118240000E+2
-1.109920000E-4	-7.450640000E-9	3.289000000E+0	3.460338712E-1	4.139560000E+2
-1.110220000E-4	1.490130000E-8	3.278900000E+0	3.460338712E-1	4.160480000E+2
-1.110960000E-4	0.000000000E+0	3.268800000E+0	3.460338712E-1	4.182240000E+2
-1.110220000E-4	7.450640000E-9	3.254600000E+0	3.460338712E-1	4.214210000E+2
-1.110440000E-4	3.725310000E-8	3.244300000E+0	3.460338712E-1	4.235600000E+2
-1.109020000E-4	5.960510000E-8	3.227900000E+0	3.460338712E-1	4.267120000E+2
-1.109320000E-4	7.450640000E-9	3.217600000E+0	3.460338712E-1	4.288730000E+2
-1.108950000E-4	0.000000000E+0	3.207500000E+0	3.460338712E-1	4.320600000E+2
-1.109550000E-4	2.235190000E-8	3.190700000E+0	3.460338712E-1	4.341990000E+2
-1.108870000E-4	4.470370000E-8	3.179500000E+0	3.460338712E-1	4.377680000E+2
-1.109770000E-4	7.450640000E-9	3.167300000E+0	3.460338712E-1	4.399250000E+2
-1.109690000E-4	1.490130000E-8	3.156300000E+0	3.460338712E-1	4.425880000E+2
-1.109470000E-4	2.980250000E-8	3.143100000E+0	3.460338712E-1	4.447580000E+2
-1.109690000E-4	7.450640000E-9	3.131200000E+0	3.460338712E-1	4.479600000E+2
-1.109550000E-4	1.490130000E-8	3.118800000E+0	3.460338712E-1	4.500770000E+2
-1.109690000E-4	5.960510000E-8	3.104000000E+0	3.460338712E-1	4.533080000E+2
-1.109770000E-4	4.470370000E-8	3.092700000E+0	3.460338712E-1	4.554170000E+2
-1.109550000E-4	4.470370000E-8	3.082300000E+0	3.460338712E-1	4.579460000E+2
-1.109690000E-4	4.470370000E-8	3.070900000E+0	3.460338712E-1	4.601020000E+2
-1.109840000E-4	5.215430000E-8	3.059100000E+0	3.460338712E-1	4.632500000E+2
-1.109840000E-4	5.215430000E-8	3.046300000E+0	3.460338712E-1	4.654400000E+2
-1.110220000E-4	6.705570000E-8	3.030700000E+0	3.460338712E-1	4.686700000E+2
-1.110290000E-4	2.980250000E-8	3.016000000E+0	3.460338712E-1	4.721910000E+2
-1.110070000E-4	7.450640000E-9	3.002000000E+0	3.460338712E-1	4.743160000E+2
-1.110290000E-4	2.980250000E-8	2.988200000E+0	3.460338712E-1	4.775460000E+2
-1.110070000E-4	7.450640000E-9	2.975300000E+0	3.460338712E-1	4.807710000E+2
-1.109920000E-4	3.725310000E-8	2.961000000E+0	3.460338712E-1	4.828690000E+2
-1.110290000E-4	2.235190000E-8	2.945900000E+0	3.460338712E-1	4.866210000E+2
-1.109770000E-4	7.450630000E-8	2.935000000E+0	3.460338712E-1	4.887510000E+2
-1.109690000E-4	3.725310000E-8	2.917300000E+0	3.460338712E-1	4.919600000E+2
-1.109840000E-4	5.960510000E-8	2.903200000E+0	3.460338712E-1	4.955190000E+2
-1.110510000E-4	7.450640000E-9	2.892600000E+0	3.460338712E-1	4.973880000E+2
-1.110290000E-4	2.235190000E-8	2.877600000E+0	3.460338712E-1	5.008730000E+2
-1.110360000E-4	5.960510000E-8	2.867000000E+0	3.460338712E-1	5.030130000E+2
-1.110290000E-4	2.980250000E-8	2.853800000E+0	3.460338712E-1	5.057330000E+2
-1.110510000E-4	3.725310000E-8	2.843700000E+0	3.460338712E-1	5.082460000E+2
-1.110220000E-4	3.725310000E-8	2.829300000E+0	3.460338712E-1	5.108950000E+2
-1.110740000E-4	5.960510000E-8	2.813200000E+0	3.460338712E-1	5.145000000E+2
-1.110590000E-4	4.470370000E-8	2.802600000E+0	3.460338712E-1	5.166390000E+2
-1.110960000E-4	5.215430000E-8	2.788700000E+0	3.460338712E-1	5.192600000E+2
-1.110360000E-4	7.450630000E-8	2.777500000E+0	3.460338712E-1	5.224760000E+2
-1.110290000E-4	5.960510000E-8	2.760000000E+0	3.460338712E-1	5.246680000E+2
-1.110440000E-4	7.450630000E-8	2.746200000E+0	3.460338712E-1	5.282020000E+2
-1.110960000E-4	5.215430000E-8	2.735900000E+0	3.460338712E-1	5.303960000E+2
-1.110960000E-4	2.980250000E-8	2.724200000E+0	3.460338712E-1	5.329020000E+2
-1.110440000E-4	5.960510000E-8	2.713800000E+0	3.460338712E-1	5.349920000E+2
-1.110740000E-4	2.980250000E-8	2.697700000E+0	3.460338712E-1	5.380820000E+2
-1.110810000E-4	3.725310000E-8	2.683300000E+0	3.460338712E-1	5.416830000E+2
-1.110360000E-4	2.980250000E-8	2.670700000E+0	3.460338712E-1	5.438760000E+2
-1.110510000E-4	8.195680000E-8	2.660700000E+0	3.460338712E-1	5.465040000E+2
-1.110360000E-4	2.980250000E-8	2.647300000E+0	3.460338712E-1	5.486160000E+2
-1.110740000E-4	5.215430000E-8	2.633100000E+0	3.460338712E-1	5.523020000E+2
-1.110960000E-4	5.960510000E-8	2.623100000E+0	3.460338712E-1	5.543810000E+2
-1.110810000E-4	1.043090000E-7	2.605900000E+0	3.460338712E-1	5.574440000E+2
-1.111040000E-4	8.940740000E-8	2.589900000E+0	3.460338712E-1	5.611410000E+2
-1.110890000E-4	5.960510000E-8	2.579700000E+0	3.460338712E-1	5.633290000E+2
-1.110960000E-4	2.980250000E-8	2.562700000E+0	3.460338712E-1	5.665080000E+2
-1.111260000E-4	5.215430000E-8	2.544300000E+0	3.460338712E-1	5.706130000E+2
-1.110810000E-4	5.960510000E-8	2.533400000E+0	3.460338712E-1	5.727580000E+2
-1.110960000E-4	5.960510000E-8	2.520200000E+0	3.460338712E-1	5.759590000E+2
-1.111180000E-4	5.960510000E-8	2.505400000E+0	3.460338712E-1	5.791400000E+2
-1.110960000E-4	7.450630000E-8	2.493800000E+0	3.460338712E-1	5.812930000E+2
-1.111040000E-4	6.705570000E-8	2.479000000E+0	3.460338712E-1	5.845360000E+2
-1.110890000E-4	5.960510000E-8	2.466500000E+0	3.460338712E-1	5.876960000E+2
-1.111260000E-4	5.960510000E-8	2.454400000E+0	3.460338712E-1	5.898080000E+2
-1.110960000E-4	6.705570000E-8	2.444000000E+0	3.460338712E-1	5.919770000E+2
-1.111630000E-4	4.470370000E-8	2.431100000E+0	3.460338712E-1	5.951480000E+2
-1.111180000E-4	2.980250000E-8	2.418600000E+0	3.460338712E-1	5.972970000E+2
-1.110890000E-4	4.470370000E-8	2.407100000E+0	3.460338712E-1	6.005490000E+2
-1.111560000E-4	1.341110000E-7	2.390800000E+0	3.460338712E-1	6.026330000E+2
-1.110660000E-4	6.705570000E-8	2.373000000E+0	3.460338712E-1	6.069150000E+2
-1.110890000E-4	5.960510000E-8	2.360500000E+0	3.460338712E-1	6.099800000E+2
-1.110960000E-4	3.725310000E-8	2.348100000E+0	3.460338712E-1	6.121240000E+2
-1.111110000E-4	2.980250000E-8	2.335600000E+0	3.460338712E-1	6.153060000E+2
-1.111710000E-4	2.235190000E-8	2.324200000E+0	3.460338712E-1	6.174590000E+2
-1.111480000E-4	6.705570000E-8	2.313900000E+0	3.460338712E-1	6.199710000E+2
-1.110960000E-4	5.960510000E-8	2.297300000E+0	3.460338712E-1	6.226580000E+2
-1.110960000E-4	5.960510000E-8	2.280400000E+0	3.460338712E-1	6.262830000E+2
-1.111480000E-4	5.960510000E-8	2.268700000E+0	3.460338712E-1	6.293100000E+2
-1.111330000E-4	2.235190000E-8	2.257200000E+0	3.460338712E-1	6.314530000E+2
-1.111560000E-4	6.705570000E-8	2.242000000E+0	3.460338712E-1	6.346800000E+2
-1.111040000E-4	7.450630000E-8	2.227500000E+0	3.460338712E-1	6.378500000E+2
-1.111410000E-4	6.705570000E-8	2.214800000E+0	3.460338712E-1	6.410890000E+2
-1.111480000E-4	4.470370000E-8	2.199400000E+0	3.460338712E-1	6.433020000E+2
-1.111260000E-4	8.195680000E-8	2.189000000E+0	3.460338712E-1	6.463690000E+2
-1.111560000E-4	2.235190000E-8	2.176200000E+0	3.460338712E-1	6.485360000E+2
-1.111480000E-4	7.450630000E-8	2.164100000E+0	3.460338712E-1	6.518170000E+2
-1.110960000E-4	9.685800000E-8	2.150100000E+0	3.460338712E-1	6.538710000E+2
-1.111330000E-4	5.960510000E-8	2.132900000E+0	3.460338712E-1	6.576010000E+2
-1.111410000E-4	7.450630000E-8	2.118400000E+0	3.460338712E-1	6.611760000E+2
-1.111930000E-4	7.450640000E-9	2.107100000E+0	3.460338712E-1	6.633240000E+2
-1.111710000E-4	6.705570000E-8	2.092800000E+0	3.460338712E-1	6.665090000E+2
-1.111330000E-4	7.450630000E-8	2.076600000E+0	3.460338712E-1	6.697220000E+2
-1.111260000E-4	4.470370000E-8	2.059200000E+0	3.460338712E-1	6.734450000E+2
-1.111560000E-4	7.450630000E-8	2.047900000E+0	3.460338712E-1	6.765120000E+2
-1.112230000E-4	9.685800000E-8	2.034400000E+0	3.460338712E-1	6.786460000E+2
-1.111410000E-4	3.725310000E-8	2.020700000E+0	3.460338712E-1	6.819020000E+2
-1.111850000E-4	5.960510000E-8	2.006100000E+0	3.460338712E-1	6.850980000E+2
-1.111850000E-4	4.470370000E-8	2.016400000E+0	3.460338712E-1	8.150750000E+2
-1.111780000E-4	4.470370000E-8	2.028000000E+0	3.460338712E-1	8.179550000E+2
-1.111780000E-4	2.980250000E-8	2.038800000E+0	3.460338712E-1	8.199140000E+2
-1.111560000E-4	1.043090000E-7	2.049200000E+0	3.460338712E-1	8.222810000E+2
-1.111410000E-4	5.215430000E-8	2.060700000E+0	3.460338712E-1	8.242860000E+2
-1.111930000E-4	1.043090000E-7	2.071700000E+0	3.460338712E-1	8.268550000E+2
-1.111930000E-4	6.705570000E-8	2.082300000E+0	3.460338712E-1	8.285700000E+2
-1.111710000E-4	5.960510000E-8	2.092700000E+0	3.460338712E-1	8.310850000E+2
-1.111850000E-4	4.470370000E-8	2.103300000E+0	3.460338712E-1	8.326780000E+2
-1.111630000E-4	5.960510000E-8	2.113900000E+0	3.460338712E-1	8.353480000E+2
-1.111410000E-4	6.705570000E-8	2.126000000E+0	3.460338712E-1	8.375220000E+2
-1.111480000E-4	7.450630000E-8	2.138100000E+0	3.460338712E-1	8.399410000E+2
-1.111710000E-4	3.725310000E-8	2.148300000E+0	3.460338712E-1	8.423040000E+2
-1.111850000E-4	3.725310000E-8	2.159700000E+0	3.460338712E-1	8.444500000E+2
-1.111480000E-4	8.940740000E-8	2.171400000E+0	3.460338712E-1	8.465980000E+2
-1.111410000E-4	5.960510000E-8	2.186500000E+0	3.460338712E-1	8.496580000E+2
-1.111560000E-4	5.960510000E-8	2.197200000E+0	3.460338712E-1	8.516310000E+2
-1.111780000E-4	8.195680000E-8	2.207400000E+0	3.460338712E-1	8.540520000E+2
-1.111330000E-4	6.705570000E-8	2.218300000E+0	3.460338712E-1	8.560370000E+2
-1.111630000E-4	6.705570000E-8	2.230000000E+0	3.460338712E-1	8.581780000E+2
-1.110960000E-4	5.960510000E-8	2.240200000E+0	3.460338712E-1	8.608850000E+2
-1.111260000E-4	3.725310000E-8	2.250500000E+0	3.460338712E-1	8.624240000E+2
-1.111410000E-4	5.960510000E-8	2.261000000E+0	3.460338712E-1	8.644760000E+2
-1.111410000E-4	3.725310000E-8	2.272400000E+0	3.460338712E-1	8.669700000E+2
-1.110890000E-4	4.470370000E-8	2.283700000E+0	3.460338712E-1	8.691230000E+2
-1.111260000E-4	5.960510000E-8	2.294700000E+0	3.460338712E-1	8.711150000E+2
-1.111480000E-4	5.215430000E-8	2.305500000E+0	3.460338712E-1	8.736140000E+2
-1.111560000E-4	9.685800000E-8	2.316700000E+0	3.460338712E-1	8.758980000E+2
-1.111330000E-4	5.215430000E-8	2.328800000E+0	3.460338712E-1	8.781820000E+2
-1.110960000E-4	5.960510000E-8	2.339200000E+0	3.460338712E-1	8.801650000E+2
-1.110960000E-4	5.960510000E-8	2.350100000E+0	3.460338712E-1	8.824370000E+2
-1.111040000E-4	5.215430000E-8	2.361100000E+0	3.460338712E-1	8.848520000E+2
-1.111110000E-4	7.450630000E-8	2.373300000E+0	3.460338712E-1	8.870280000E+2
-1.110810000E-4	6.705570000E-8	2.386300000E+0	3.460338712E-1	8.897650000E+2
-1.110890000E-4	5.960510000E-8	2.398200000E+0	3.460338712E-1	8.921870000E+2
-1.111260000E-4	5.960510000E-8	2.409900000E+0	3.460338712E-1	8.947430000E+2
-1.110960000E-4	2.980250000E-8	2.421400000E+0	3.460338712E-1	8.965360000E+2
-1.110960000E-4	8.195680000E-8	2.435500000E+0	3.460338712E-1	8.997750000E+2
-1.111480000E-4	3.725310000E-8	2.448200000E+0	3.460338712E-1	9.022930000E+2
-1.110810000E-4	3.725310000E-8	2.460400000E+0	3.460338712E-1	9.043110000E+2
-1.111180000E-4	5.960510000E-8	2.472100000E+0	3.460338712E-1	9.071420000E+2
-1.110960000E-4	8.195680000E-8	2.483000000E+0	3.460338712E-1	9.086930000E+2
-1.110890000E-4	8.940740000E-8	2.496400000E+0	3.460338712E-1	9.118060000E+2
-1.111110000E-4	8.195680000E-8	2.506600000E+0	3.460338712E-1	9.138260000E+2
-1.110960000E-4	1.490130000E-8	2.517500000E+0	3.460338712E-1	9.163650000E+2
-1.110960000E-4	4.470370000E-8	2.530200000E+0	3.460338712E-1	9.184670000E+2
-1.111260000E-4	3.725310000E-8	2.540800000E+0	3.460338712E-1	9.204420000E+2
-1.110960000E-4	7.450630000E-8	2.552800000E+0	3.460338712E-1	9.233320000E+2
-1.111480000E-4	5.960510000E-8	2.564600000E+0	3.460338712E-1	9.252500000E+2
-1.111040000E-4	5.960510000E-8	2.575700000E+0	3.460338712E-1	9.278080000E+2
-1.111180000E-4	2.235190000E-8	2.587300000E+0	3.460338712E-1	9.297990000E+2
-1.110360000E-4	2.235190000E-8	2.599900000E+0	3.460338712E-1	9.324640000E+2
-1.110660000E-4	5.960510000E-8	2.611400000E+0	3.460338712E-1	9.344620000E+2
-1.110960000E-4	5.960510000E-8	2.622900000E+0	3.460338712E-1	9.373060000E+2
-1.110960000E-4	7.450630000E-8	2.634500000E+0	3.460338712E-1	9.394020000E+2
-1.110960000E-4	3.725310000E-8	2.647200000E+0	3.460338712E-1	9.414590000E+2
-1.111040000E-4	8.940740000E-8	2.660600000E+0	3.460338712E-1	9.443840000E+2
-1.110590000E-4	1.490130000E-8	2.671300000E+0	3.460338712E-1	9.467260000E+2
-1.110360000E-4	5.215430000E-8	2.684400000E+0	3.460338712E-1	9.493150000E+2
-1.110810000E-4	5.215430000E-8	2.694600000E+0	3.460338712E-1	9.518040000E+2
-1.110290000E-4	2.980250000E-8	2.705700000E+0	3.460338712E-1	9.533990000E+2
-1.110510000E-4	2.980250000E-8	2.716400000E+0	3.460338712E-1	9.558240000E+2
-1.110890000E-4	5.960510000E-8	2.728800000E+0	3.460338712E-1	9.581760000E+2
-1.110890000E-4	3.725310000E-8	2.739000000E+0	3.460338712E-1	9.599360000E+2
-1.110740000E-4	7.450630000E-8	2.751400000E+0	3.460338712E-1	9.628500000E+2
-1.110810000E-4	5.960510000E-8	2.762800000E+0	3.460338712E-1	9.648650000E+2
-1.110810000E-4	4.470370000E-8	2.773400000E+0	3.460338712E-1	9.674090000E+2
-1.110960000E-4	6.705570000E-8	2.785200000E+0	3.460338712E-1	9.694160000E+2
-1.110590000E-4	5.960510000E-8	2.796400000E+0	3.460338712E-1	9.718670000E+2
-1.110590000E-4	5.215430000E-8	2.806600000E+0	3.460338712E-1	9.735730000E+2
-1.110510000E-4	2.235190000E-8	2.817400000E+0	3.460338712E-1	9.763310000E+2
-1.110960000E-4	5.960510000E-8	2.828200000E+0	3.460338712E-1	9.779210000E+2
-1.110070000E-4	1.043090000E-7	2.838700000E+0	3.460338712E-1	9.804540000E+2
-1.110290000E-4	6.705570000E-8	2.850000000E+0	3.460338712E-1	9.822520000E+2
-1.110510000E-4	7.450630000E-8	2.860600000E+0	3.460338712E-1	9.846210000E+2
-1.110510000E-4	7.450630000E-8	2.871900000E+0	3.460338712E-1	9.867850000E+2
-1.110290000E-4	0.000000000E+0	2.883100000E+0	3.460338712E-1	9.891420000E+2
-1.109690000E-4	4.470370000E-8	2.895100000E+0	3.460338712E-1	9.912460000E+2
-1.110140000E-4	3.725310000E-8	2.905200000E+0	3.460338712E-1	9.935850000E+2
-1.110290000E-4	5.215430000E-8	2.916800000E+0	3.460338712E-1	9.955410000E+2
-1.110440000E-4	1.490130000E-8	2.927200000E+0	3.460338712E-1	9.980890000E+2
-1.110070000E-4	3.725310000E-8	2.938300000E+0	3.460338712E-1	9.998740000E+2
-1.110220000E-4	5.215430000E-8	2.948500000E+0	3.460338712E-1	1.002264000E+3
-1.110140000E-4	2.235190000E-8	2.961500000E+0	3.460338712E-1	1.004607000E+3
-1.110360000E-4	6.705570000E-8	2.974000000E+0	3.460338712E-1	1.007306000E+3
-1.110220000E-4	6.705570000E-8	2.984500000E+0	3.460338712E-1	1.009748000E+3
-1.109920000E-4	6.705570000E-8	2.995200000E+0	3.460338712E-1	1.011301000E+3
-1.109770000E-4	5.960510000E-8	3.006000000E+0	3.460338712E-1	1.013730000E+3
-1.109920000E-4	5.960510000E-8	3.017500000E+0	3.460338712E-1	1.016117000E+3
-1.110290000E-4	7.450630000E-8	3.028900000E+0	3.460338712E-1	1.018532000E+3
-1.109620000E-4	2.980250000E-8	3.039300000E+0	3.460338712E-1	1.020301000E+3
-1.109770000E-4	2.235190000E-8	3.049700000E+0	3.460338712E-1	1.022385000E+3
-1.109920000E-4	2.980250000E-8	3.061400000E+0	3.460338712E-1	1.024751000E+3
-1.109620000E-4	4.470370000E-8	3.073100000E+0	3.460338712E-1	1.027362000E+3
-1.109550000E-4	4.470370000E-8	3.085600000E+0	3.460338712E-1	1.029711000E+3
-1.109770000E-4	7.450640000E-9	3.097500000E+0	3.460338712E-1	1.032268000E+3
-1.109920000E-4	4.470370000E-8	3.108100000E+0	3.460338712E-1	1.034280000E+3
-1.109620000E-4	5.215430000E-8	3.118800000E+0	3.460338712E-1	1.035867000E+3
-1.109690000E-4	2.235190000E-8	3.129600000E+0	3.460338712E-1	1.038231000E+3
-1.109620000E-4	-1.490130000E-8	3.140100000E+0	3.460338712E-1	1.040825000E+3
-1.109690000E-4	-1.490130000E-8	3.150800000E+0	3.460338712E-1	1.042375000E+3
-1.109920000E-4	2.980250000E-8	3.160900000E+0	3.460338712E-1	1.044737000E+3
-1.109840000E-4	2.235190000E-8	3.172500000E+0	3.460338712E-1	1.047133000E+3
-1.109770000E-4	5.215430000E-8	3.183900000E+0	3.460338712E-1	1.049137000E+3
-1.109620000E-4	0.000000000E+0	3.195100000E+0	3.460338712E-1	1.051813000E+3
-1.108950000E-4	3.725310000E-8	3.207500000E+0	3.460338712E-1	1.053825000E+3
-1.109620000E-4	2.235190000E-8	3.218400000E+0	3.460338712E-1	1.056297000E+3
-1.108870000E-4	2.235190000E-8	3.233200000E+0	3.460338712E-1	1.058789000E+3
-1.109250000E-4	4.470370000E-8	3.244100000E+0	3.460338712E-1	1.061557000E+3
-1.109020000E-4	2.235190000E-8	3.255200000E+0	3.460338712E-1	1.063179000E+3
-1.108870000E-4	4.470370000E-8	3.265900000E+0	3.460338712E-1	1.065698000E+3
-1.109470000E-4	2.980250000E-8	3.279100000E+0	3.460338712E-1	1.068142000E+3
-1.109020000E-4	2.980250000E-8	3.289900000E+0	3.460338712E-1	1.070502000E+3
-1.109020000E-4	5.215430000E-8	3.301100000E+0	3.460338712E-1	1.073027000E+3
-1.108870000E-4	1.490130000E-8	3.313100000E+0	3.460338712E-1	1.074651000E+3
-1.109100000E-4	2.235190000E-8	3.324500000E+0	3.460338712E-1	1.077598000E+3
-1.108800000E-4	7.450640000E-9	3.335500000E+0	3.460338712E-1	1.079292000E+3
-1.108730000E-4	1.490130000E-8	3.345600000E+0	3.460338712E-1	1.081582000E+3
-1.108580000E-4	7.450640000E-9	3.356000000E+0	3.460338712E-1	1.083974000E+3
-1.108500000E-4	2.235190000E-8	3.367300000E+0	3.460338712E-1	1.085571000E+3
-1.108800000E-4	1.490130000E-8	3.377800000E+0	3.460338712E-1	1.088249000E+3
-1.108430000E-4	0.000000000E+0	3.388700000E+0	3.460338712E-1	1.089854000E+3
-1.108580000E-4	0.000000000E+0	3.400700000E+0	3.460338712E-1	1.092639000E+3
-1.108800000E-4	2.235190000E-8	3.411100000E+0	3.460338712E-1	1.095110000E+3
-1.108650000E-4	-7.450640000E-9	3.422500000E+0	3.460338712E-1	1.096825000E+3
-1.108350000E-4	7.450640000E-9	3.433100000E+0	3.460338712E-1	1.099242000E+3
-1.108280000E-4	-2.980250000E-8	3.445400000E+0	3.460338712E-1	1.101585000E+3
-1.107830000E-4	2.235190000E-8	3.456400000E+0	3.460338712E-1	1.103597000E+3
-1.108280000E-4	7.450640000E-9	3.467700000E+0	3.460338712E-1	1.106526000E+3
-1.107980000E-4	7.450640000E-9	3.478600000E+0	3.460338712E-1	1.108128000E+3
-1.108200000E-4	-7.450640000E-9	3.490300000E+0	3.460338712E-1	1.110531000E+3
-1.107760000E-4	-3.725310000E-8	3.503500000E+0	3.460338712E-1	1.113453000E+3
-1.107980000E-4	0.000000000E+0	3.514600000E+0	3.460338712E-1	1.115438000E+3
-1.107760000E-4	0.000000000E+0	3.531300000E+0	3.460338712E-1	1.118401000E+3
-1.107680000E-4	-1.490130000E-8	3.542400000E+0	3.460338712E-1	1.121216000E+3
-1.107380000E-4	2.235190000E-8	3.554100000E+0	3.460338712E-1	1.123330000E+3
-1.107610000E-4	-7.450640000E-9	3.567200000E+0	3.460338712E-1	1.126132000E+3
-1.107610000E-4	0.000000000E+0	3.578500000E+0	3.460338712E-1	1.128517000E+3
-1.107160000E-4	-5.960510000E-8	3.588800000E+0	3.460338712E-1	1.130123000E+3
-1.107010000E-4	-5.215430000E-8	3.598900000E+0	3.460338712E-1	1.132185000E+3
-1.107310000E-4	-7.450640000E-9	3.608900000E+0	3.460338712E-1	1.134548000E+3
-1.107010000E-4	-5.215430000E-8	3.620200000E+0	3.460338712E-1	1.136532000E+3
-1.106860000E-4	-3.725310000E-8	3.630900000E+0	3.460338712E-1	1.138664000E+3
-1.106560000E-4	-2.235190000E-8	3.641100000E+0	3.460338712E-1	1.141209000E+3
-1.106710000E-4	-4.470370000E-8	3.652300000E+0	3.460338712E-1	1.142836000E+3
-1.106710000E-4	-5.215430000E-8	3.663300000E+0	3.460338712E-1	1.145252000E+3
-1.106490000E-4	-7.450640000E-9	3.673400000E+0	3.460338712E-1	1.147623000E+3
-1.106490000E-4	-4.470370000E-8	3.683800000E+0	3.460338712E-1	1.149190000E+3
-1.105970000E-4	-1.490130000E-8	3.694000000E+0	3.460338712E-1	1.151456000E+3
-1.106340000E-4	-5.215430000E-8	3.704600000E+0	3.460338712E-1	1.153467000E+3
-1.106420000E-4	-8.940740000E-8	3.715500000E+0	3.460338712E-1	1.155491000E+3
-1.106270000E-4	-7.450630000E-8	3.726200000E+0	3.460338712E-1	1.158265000E+3
-1.106490000E-4	-6.705570000E-8	3.737900000E+0	3.460338712E-1	1.159939000E+3
-1.105890000E-4	-5.960510000E-8	3.748000000E+0	3.460338712E-1	1.162348000E+3
-1.105670000E-4	-6.705570000E-8	3.758600000E+0	3.460338712E-1	1.164677000E+3
-1.105670000E-4	-8.195680000E-8	3.770100000E+0	3.460338712E-1	1.166328000E+3
-1.105450000E-4	-9.685800000E-8	3.781600000E+0	3.460338712E-1	1.169141000E+3
-1.105070000E-4	-1.192100000E-7	3.791700000E+0	3.460338712E-1	1.170815000E+3
-1.105150000E-4	-8.940740000E-8	3.802800000E+0	3.460338712E-1	1.173334000E+3
-1.104780000E-4	-1.043090000E-7	3.813400000E+0	3.460338712E-1	1.175347000E+3
-1.105370000E-4	-8.195680000E-8	3.823800000E+0	3.460338712E-1	1.177398000E+3
-1.104850000E-4	-8.940740000E-8	3.834800000E+0	3.460338712E-1	1.179341000E+3
-1.104630000E-4	-1.117590000E-7	3.845200000E+0	3.460338712E-1	1.181895000E+3
-1.104260000E-4	-1.043090000E-7	3.857000000E+0	3.460338712E-1	1.183888000E+3
-1.104400000E-4	-8.940740000E-8	3.868000000E+0	3.460338712E-1	1.186450000E+3
-1.104400000E-4	-1.117590000E-7	3.878200000E+0	3.460338712E-1	1.188430000E+3
-1.103880000E-4	-1.490130000E-7	3.890600000E+0	3.460338712E-1	1.190422000E+3
-1.103580000E-4	-1.266610000E-7	3.902600000E+0	3.460338712E-1	1.193356000E+3
-1.103360000E-4	-1.564630000E-7	3.914500000E+0	3.460338712E-1	1.195622000E+3
-1.103290000E-4	-1.341110000E-7	3.924700000E+0	3.460338712E-1	1.197214000E+3
-1.103140000E-4	-1.639140000E-7	3.936600000E+0	3.460338712E-1	1.200154000E+3
-1.102540000E-4	-1.415620000E-7	3.949100000E+0	3.460338712E-1	1.202160000E+3
-1.102620000E-4	-1.862650000E-7	3.961200000E+0	3.460338712E-1	1.204989000E+3
-1.102090000E-4	-1.937160000E-7	3.971500000E+0	3.460338712E-1	1.207368000E+3
-1.101570000E-4	-2.086170000E-7	3.983400000E+0	3.460338712E-1	1.208996000E+3
-1.101720000E-4	-2.607720000E-7	3.993900000E+0	3.460338712E-1	1.211610000E+3
-1.101200000E-4	-2.160680000E-7	4.004800000E+0	3.460338712E-1	1.214005000E+3
-1.101130000E-4	-2.831240000E-7	4.016800000E+0	3.460338712E-1	1.215620000E+3
-1.101270000E-4	-2.607720000E-7	4.027400000E+0	3.460338712E-1	1.218018000E+3
-1.100160000E-4	-2.607720000E-7	4.037800000E+0	3.460338712E-1	1.220506000E+3
-1.100080000E-4	-2.607720000E-7	4.049600000E+0	3.460338712E-1	1.222486000E+3
-1.099490000E-4	-2.980250000E-7	4.061200000E+0	3.460338712E-1	1.224999000E+3
-1.099340000E-4	-3.054760000E-7	4.073600000E+0	3.460338712E-1	1.227341000E+3
-1.098670000E-4	-3.054760000E-7	4.083700000E+0	3.460338712E-1	1.228975000E+3
-1.097770000E-4	-3.576300000E-7	4.095000000E+0	3.460338712E-1	1.231746000E+3
-1.098220000E-4	-3.725310000E-7	4.107900000E+0	3.460338712E-1	1.233888000E+3
-1.097400000E-4	-3.948830000E-7	4.119800000E+0	3.460338712E-1	1.236707000E+3
-1.096950000E-4	-4.470370000E-7	4.130900000E+0	3.460338712E-1	1.239090000E+3
-1.095840000E-4	-4.395860000E-7	4.142400000E+0	3.460338712E-1	1.240683000E+3
-1.095910000E-4	-4.470370000E-7	4.152700000E+0	3.460338712E-1	1.243124000E+3
-1.094720000E-4	-5.066430000E-7	4.163200000E+0	3.460338712E-1	1.245608000E+3
-1.094720000E-4	-5.364450000E-7	4.173700000E+0	3.460338712E-1	1.247220000E+3
-1.094050000E-4	-5.438960000E-7	4.184500000E+0	3.460338712E-1	1.249361000E+3
-1.093450000E-4	-5.140940000E-7	4.196400000E+0	3.460338712E-1	1.252155000E+3
-1.092780000E-4	-5.662480000E-7	4.208200000E+0	3.460338712E-1	1.254172000E+3
-1.091810000E-4	-6.333030000E-7	4.218800000E+0	3.460338712E-1	1.256157000E+3
-1.091290000E-4	-6.407540000E-7	4.229400000E+0	3.460338712E-1	1.258618000E+3
-1.090990000E-4	-6.929080000E-7	4.241300000E+0	3.460338712E-1	1.260999000E+3
-1.089500000E-4	-7.301610000E-7	4.252500000E+0	3.460338712E-1	1.263106000E+3
-1.089130000E-4	-7.450620000E-7	4.263600000E+0	3.460338712E-1	1.265553000E+3
-1.087570000E-4	-7.823150000E-7	4.275600000E+0	3.460338712E-1	1.267228000E+3
-1.086520000E-4	-8.642710000E-7	4.286700000E+0	3.460338712E-1	1.270045000E+3
-1.085180000E-4	-9.089740000E-7	4.298100000E+0	3.460338712E-1	1.272461000E+3
-1.084210000E-4	-9.536820000E-7	4.309100000E+0	3.460338712E-1	1.274129000E+3
-1.083170000E-4	-9.909340000E-7	4.320400000E+0	3.460338712E-1	1.276842000E+3
-1.081830000E-4	-1.080340000E-6	4.332200000E+0	3.460338712E-1	1.278849000E+3
-1.079890000E-4	-1.154850000E-6	4.343300000E+0	3.460338712E-1	1.281437000E+3
-1.078770000E-4	-1.236800000E-6	4.354200000E+0	3.460338712E-1	1.283382000E+3
-1.076540000E-4	-1.333660000E-6	4.365000000E+0	3.460338712E-1	1.286227000E+3
-1.075200000E-4	-1.341110000E-6	4.376700000E+0	3.460338712E-1	1.287833000E+3
-1.073260000E-4	-1.467770000E-6	4.387300000E+0	3.460338712E-1	1.289914000E+3
-1.070650000E-4	-1.512480000E-6	4.398500000E+0	3.460338712E-1	1.292720000E+3
-1.069010000E-4	-1.639140000E-6	4.410400000E+0	3.460338712E-1	1.294710000E+3
-1.066410000E-4	-1.743440000E-6	4.420500000E+0	3.460338712E-1	1.296752000E+3
-1.064100000E-4	-1.870100000E-6	4.433600000E+0	3.460338712E-1	1.299114000E+3
-1.060370000E-4	-2.034020000E-6	4.444200000E+0	3.460338712E-1	1.301511000E+3
-1.056500000E-4	-2.160680000E-6	4.456900000E+0	3.460338712E-1	1.304200000E+3
-1.054340000E-4	-2.309690000E-6	4.468500000E+0	3.460338712E-1	1.306184000E+3
-1.050610000E-4	-2.540660000E-6	4.479500000E+0	3.460338712E-1	1.308199000E+3
-1.045990000E-4	-2.667320000E-6	4.490000000E+0	3.460338712E-1	1.310591000E+3
-1.040630000E-4	-2.861040000E-6	4.501400000E+0	3.460338712E-1	1.313404000E+3
-1.037500000E-4	-3.039850000E-6	4.512000000E+0	3.460338712E-1	1.315008000E+3
-1.031760000E-4	-3.270820000E-6	4.522900000E+0	3.460338712E-1	1.317157000E+3
-1.026170000E-4	-3.539040000E-6	4.533200000E+0	3.460338712E-1	1.319525000E+3
-1.021780000E-4	-3.740210000E-6	4.544300000E+0	3.460338712E-1	1.321154000E+3
-1.013880000E-4	-4.090400000E-6	4.554800000E+0	3.460338712E-1	1.323554000E+3
-1.006060000E-4	-4.425670000E-6	4.565300000E+0	3.460338712E-1	1.325948000E+3
-9.988290000E-5	-4.641740000E-6	4.577300000E+0	3.460338712E-1	1.327955000E+3
-9.877280000E-5	-5.111130000E-6	4.589300000E+0	3.460338712E-1	1.330101000E+3
-9.768500000E-5	-5.580510000E-6	4.599700000E+0	3.460338712E-1	1.332896000E+3
-9.668670000E-5	-6.072250000E-6	4.611800000E+0	3.460338712E-1	1.334897000E+3
-9.530080000E-5	-6.608690000E-6	4.622100000E+0	3.460338712E-1	1.336888000E+3
-9.361700000E-5	-7.234540000E-6	4.633900000E+0	3.460338712E-1	1.339681000E+3
-9.205240000E-5	-7.808270000E-6	4.646300000E+0	3.460338712E-1	1.341890000E+3
-9.006310000E-5	-8.590580000E-6	4.657100000E+0	3.460338712E-1	1.343867000E+3
-8.775340000E-5	-9.432490000E-6	4.668600000E+0	3.460338712E-1	1.346258000E+3
-8.525000000E-5	-1.025210000E-5	4.680300000E+0	3.460338712E-1	1.349149000E+3
-8.267960000E-5	-1.108650000E-5	4.692200000E+0	3.460338712E-1	1.351212000E+3
-7.990790000E-5	-1.186880000E-5	4.704700000E+0	3.460338712E-1	1.353176000E+3
-7.616030000E-5	-1.292680000E-5	4.714800000E+0	3.460338712E-1	1.355601000E+3
-7.309070000E-5	-1.372400000E-5	4.725100000E+0	3.460338712E-1	1.357303000E+3
-6.837440000E-5	-1.472990000E-5	4.735800000E+0	3.460338712E-1	1.360140000E+3
-6.463430000E-5	-1.547500000E-5	4.748500000E+0	3.460338712E-1	1.362119000E+3
-5.728030000E-5	-1.679370000E-5	4.761200000E+0	3.460338712E-1	1.364971000E+3
-5.145390000E-5	-1.769520000E-5	4.773100000E+0	3.460338712E-1	1.367296000E+3
-4.510600000E-5	-1.835090000E-5	4.786200000E+0	3.460338712E-1	1.369702000E+3
-3.696260000E-5	-1.871600000E-5	4.797400000E+0	3.460338712E-1	1.371704000E+3
-2.822290000E-5	-1.834340000E-5	4.809300000E+0	3.460338712E-1	1.374494000E+3
-1.910340000E-5	-1.648080000E-5	4.822600000E+0	3.460338712E-1	1.377148000E+3
-9.760320000E-6	-1.201040000E-5	4.832700000E+0	3.460338712E-1	1.379486000E+3
-5.908340000E-6	-9.000360000E-6	4.843600000E+0	3.460338712E-1	1.381467000E+3
-2.443800000E-6	-4.947210000E-6	4.854500000E+0	3.460338712E-1	1.383555000E+3
-7.599630000E-7	-1.601880000E-6	4.865600000E+0	3.460338712E-1	1.385570000E+3
-3.874320000E-7	-4.246850000E-7	4.877300000E+0	3.460338712E-1	1.387979000E+3
-2.607720000E-7	-9.685800000E-8	4.887900000E+0	3.460338712E-1	1.390386000E+3
-2.607720000E-7	-4.470370000E-8	4.899800000E+0	3.460338712E-1	1.392375000E+3
-2.533220000E-7	-2.235190000E-8	4.910300000E+0	3.460338712E-1	1.394792000E+3
-1.713640000E-7	-5.215430000E-8	4.921800000E+0	3.460338712E-1	1.396909000E+3
-1.937160000E-7	-2.980250000E-8	4.934900000E+0	3.460338712E-1	1.399722000E+3
-1.788150000E-7	-1.490130000E-8	4.945200000E+0	3.460338712E-1	1.401527000E+3
-1.862650000E-7	2.235190000E-8	4.956700000E+0	3.460338712E-1	1.403846000E+3
-2.011670000E-7	0.000000000E+0	4.966700000E+0	3.460338712E-1	1.406293000E+3
-1.639140000E-7	-7.450640000E-9	4.978500000E+0	3.460338712E-1	1.408256000E+3
-1.788150000E-7	0.000000000E+0	4.988900000E+0	3.460338712E-1	1.410256000E+3
-1.341110000E-7	0.000000000E+0	5.000200000E+0	3.460338712E-1	1.412698000E+3
