20250527_HM464MoNbRu2_chiAC_vs_T_B_3T.003.txt Tue, May 27, 2025 3:37:36 PM Gabe
Magnet: None
Trigger spacing of 0.010000 on column #3
Offsets:	0.000000000E+0	0.000000000E+0	0.000000000E+0	0.000000000E+0	0.000000000E+0

Scale Factors:	1.000000000E+0	1.000000000E+0	1.000000000E+0	1.000000000E+0	1.000000000E+0

3T
Lockin_V_003	Chan2_V_003	Temperature_003	Field_003	Timestamp_003
1.490130000E-7	-2.980250000E-7	5.000400000E+0	2.999981445E+4	3.300000000E-2
-7.450620000E-7	5.066430000E-7	4.988500000E+0	2.999981445E+4	2.704200000E+1
2.980250000E-8	-1.788150000E-7	4.977300000E+0	2.999981445E+4	2.863700000E+1
8.940740000E-8	-2.384200000E-7	4.966300000E+0	2.999981445E+4	3.064600000E+1
-1.192100000E-7	5.960510000E-8	4.956300000E+0	2.999981445E+4	3.302800000E+1
-5.364450000E-7	2.980250000E-7	4.945800000E+0	2.999981445E+4	3.504900000E+1
-5.066430000E-7	2.384200000E-7	4.934600000E+0	2.999981445E+4	3.705100000E+1
-8.046660000E-7	4.470370000E-7	4.921900000E+0	2.999981445E+4	4.032200000E+1
-7.152590000E-7	3.278270000E-7	4.910700000E+0	2.999981445E+4	4.184300000E+1
-8.344690000E-7	-5.960510000E-8	4.900100000E+0	2.999981445E+4	4.437700000E+1
-8.940730000E-7	1.490130000E-7	4.889100000E+0	2.999981445E+4	4.637700000E+1
4.470370000E-7	-5.960510000E-8	4.878800000E+0	2.999981445E+4	4.876300000E+1
0.000000000E+0	1.490130000E-7	4.867700000E+0	2.999981445E+4	5.040000000E+1
-7.450620000E-7	2.980250000E-7	4.854800000E+0	2.999981445E+4	5.322100000E+1
-2.980250000E-7	2.384200000E-7	4.843100000E+0	2.999981445E+4	5.604000000E+1
5.960510000E-8	2.384200000E-7	4.832100000E+0	2.999981445E+4	5.782500000E+1
8.940740000E-8	6.258520000E-7	4.818200000E+0	2.999981445E+4	6.070000000E+1
3.278270000E-7	6.258520000E-7	4.806300000E+0	2.999981445E+4	6.288700000E+1
-6.258520000E-7	8.344690000E-7	4.793400000E+0	2.999981445E+4	6.532100000E+1
-1.788150000E-7	7.152590000E-7	4.782800000E+0	2.999981445E+4	6.811300000E+1
-5.364450000E-7	1.579530000E-6	4.771300000E+0	2.999981445E+4	6.998400000E+1
-2.384200000E-7	1.013290000E-6	4.760500000E+0	2.999981445E+4	7.222200000E+1
-4.172340000E-7	1.102690000E-6	4.750500000E+0	2.999981445E+4	7.368000000E+1
2.980250000E-8	8.940730000E-7	4.737900000E+0	2.999981445E+4	7.652100000E+1
-4.470370000E-7	1.192100000E-6	4.726800000E+0	2.999981445E+4	7.891800000E+1
-8.940740000E-8	1.013290000E-6	4.713300000E+0	2.999981445E+4	8.169100000E+1
-1.192100000E-7	1.102690000E-6	4.701300000E+0	2.999981445E+4	8.369400000E+1
-3.576300000E-7	5.960500000E-7	4.688700000E+0	2.999981445E+4	8.622800000E+1
-7.152590000E-7	8.046660000E-7	4.677400000E+0	2.999981445E+4	8.906200000E+1
-9.536820000E-7	6.258520000E-7	4.665200000E+0	2.999981445E+4	9.105500000E+1
-7.748640000E-7	5.662480000E-7	4.653600000E+0	2.999981445E+4	9.351900000E+1
-8.046660000E-7	8.046660000E-7	4.643000000E+0	2.999981445E+4	9.571900000E+1
-1.102690000E-6	1.072890000E-6	4.629600000E+0	2.999981445E+4	9.822100000E+1
-7.450620000E-7	8.642710000E-7	4.619000000E+0	2.999981445E+4	1.002720000E+2
-2.771630000E-6	7.450620000E-7	4.608700000E+0	2.999981445E+4	1.030300000E+2
-2.443800000E-6	5.066430000E-7	4.597600000E+0	2.999981445E+4	1.045660000E+2
-1.728540000E-6	4.768410000E-7	4.587000000E+0	2.999981445E+4	1.063470000E+2
-1.698740000E-6	3.278270000E-7	4.576400000E+0	2.999981445E+4	1.093050000E+2
-2.056370000E-6	6.854570000E-7	4.562200000E+0	2.999981445E+4	1.113310000E+2
-1.966970000E-6	2.980250000E-8	4.549400000E+0	2.999981445E+4	1.140780000E+2
-2.175580000E-6	6.258520000E-7	4.537500000E+0	2.999981445E+4	1.170190000E+2
-2.533210000E-6	5.662480000E-7	4.526300000E+0	2.999981445E+4	1.190130000E+2
-2.622620000E-6	2.086170000E-7	4.515400000E+0	2.999981445E+4	1.208680000E+2
-2.622620000E-6	3.278270000E-7	4.502300000E+0	2.999981445E+4	1.238230000E+2
-2.652420000E-6	1.788150000E-7	4.488900000E+0	2.999981445E+4	1.262550000E+2
-2.950440000E-6	5.662480000E-7	4.474800000E+0	2.999981445E+4	1.292620000E+2
-2.175580000E-6	3.278270000E-7	4.463700000E+0	2.999981445E+4	1.314170000E+2
-3.010050000E-6	7.450620000E-7	4.453500000E+0	2.999981445E+4	1.339660000E+2
-3.039850000E-6	1.013290000E-6	4.442400000E+0	2.999981445E+4	1.358040000E+2
-2.324600000E-6	5.960500000E-7	4.429400000E+0	2.999981445E+4	1.379010000E+2
-1.728540000E-6	-1.192100000E-7	4.418200000E+0	2.999981445E+4	1.408060000E+2
-1.549730000E-6	1.490130000E-7	4.405100000E+0	2.999981445E+4	1.432480000E+2
-1.996770000E-6	5.960510000E-8	4.393800000E+0	2.999981445E+4	1.455340000E+2
-1.430520000E-6	-8.940740000E-8	4.381000000E+0	2.999981445E+4	1.479660000E+2
-2.086180000E-6	5.960510000E-8	4.370500000E+0	2.999981445E+4	1.501240000E+2
-1.758340000E-6	1.788150000E-7	4.359800000E+0	2.999981445E+4	1.523230000E+2
-1.251700000E-6	-3.576300000E-7	4.347600000E+0	2.999981445E+4	1.544680000E+2
-7.748640000E-7	-1.788150000E-7	4.334800000E+0	2.999981445E+4	1.574100000E+2
-6.854570000E-7	-5.364450000E-7	4.323900000E+0	2.999981445E+4	1.591350000E+2
-6.854570000E-7	-8.642710000E-7	4.313400000E+0	2.999981445E+4	1.615360000E+2
-1.251700000E-6	-3.278270000E-7	4.301200000E+0	2.999981445E+4	1.639250000E+2
-1.311310000E-6	-5.364450000E-7	4.291100000E+0	2.999981445E+4	1.659230000E+2
-1.341110000E-6	-6.854570000E-7	4.280500000E+0	2.999981445E+4	1.683210000E+2
-9.238760000E-7	-5.960500000E-7	4.269000000E+0	2.999981445E+4	1.701910000E+2
-1.519930000E-6	-4.470370000E-7	4.258000000E+0	2.999981445E+4	1.731750000E+2
-1.370910000E-6	-4.768410000E-7	4.245900000E+0	2.999981445E+4	1.752460000E+2
-1.370910000E-6	-1.788150000E-7	4.235600000E+0	2.999981445E+4	1.769880000E+2
-2.056370000E-6	5.960510000E-8	4.222300000E+0	2.999981445E+4	1.795460000E+2
-1.907360000E-6	5.960510000E-8	4.210000000E+0	2.999981445E+4	1.824870000E+2
-1.907360000E-6	-1.192100000E-7	4.197700000E+0	2.999981445E+4	1.843590000E+2
-1.221900000E-6	-2.384200000E-7	4.186400000E+0	2.999981445E+4	1.873180000E+2
-1.609330000E-6	-5.960510000E-8	4.176100000E+0	2.999981445E+4	1.892410000E+2
-1.907360000E-6	-2.980250000E-8	4.163100000E+0	2.999981445E+4	1.911710000E+2
-2.205390000E-6	-5.960510000E-8	4.153000000E+0	2.999981445E+4	1.935290000E+2
-1.639140000E-6	1.192100000E-7	4.142900000E+0	2.999981445E+4	1.962330000E+2
-2.235190000E-6	5.662480000E-7	4.132300000E+0	2.999981445E+4	1.974070000E+2
-2.145780000E-6	4.768410000E-7	4.120000000E+0	2.999981445E+4	2.003080000E+2
-2.145780000E-6	4.768410000E-7	4.107000000E+0	2.999981445E+4	2.029910000E+2
-2.145780000E-6	4.768410000E-7	4.093400000E+0	2.999981445E+4	2.056410000E+2
-2.443800000E-6	5.364450000E-7	4.082900000E+0	2.999981445E+4	2.076590000E+2
-2.384200000E-6	2.086170000E-7	4.071800000E+0	2.999981445E+4	2.102500000E+2
-1.609330000E-6	-1.192100000E-7	4.058900000E+0	2.999981445E+4	2.124470000E+2
-1.579530000E-6	-8.940740000E-8	4.047600000E+0	2.999981445E+4	2.144510000E+2
-1.579530000E-6	2.086170000E-7	4.037400000E+0	2.999981445E+4	2.168930000E+2
-1.817950000E-6	5.960510000E-8	4.025500000E+0	2.999981445E+4	2.191710000E+2
-1.639140000E-6	1.490130000E-7	4.015100000E+0	2.999981445E+4	2.211660000E+2
-1.609330000E-6	3.278270000E-7	4.004500000E+0	2.999981445E+4	2.238280000E+2
-1.251700000E-6	1.788150000E-7	3.991800000E+0	2.999981445E+4	2.255820000E+2
-1.877550000E-6	1.490130000E-7	3.979700000E+0	2.999981445E+4	2.284480000E+2
-1.788150000E-6	8.940740000E-8	3.968400000E+0	2.999981445E+4	2.305780000E+2
-1.549730000E-6	-5.960510000E-8	3.954700000E+0	2.999981445E+4	2.332560000E+2
-1.549730000E-6	-5.960510000E-8	3.944200000E+0	2.999981445E+4	2.352430000E+2
-1.937170000E-6	-2.086170000E-7	3.934000000E+0	2.999981445E+4	2.377090000E+2
-1.519930000E-6	1.192100000E-7	3.922600000E+0	2.999981445E+4	2.395170000E+2
-1.907360000E-6	0.000000000E+0	3.912300000E+0	2.999981445E+4	2.415970000E+2
-2.712030000E-6	-5.960510000E-8	3.900800000E+0	2.999981445E+4	2.446010000E+2
-2.712030000E-6	2.384200000E-7	3.890300000E+0	2.999981445E+4	2.459360000E+2
-2.712030000E-6	4.768410000E-7	3.880100000E+0	2.999981445E+4	2.483010000E+2
-1.907360000E-6	1.788150000E-7	3.867400000E+0	2.999981445E+4	2.507650000E+2
-2.115980000E-6	3.278270000E-7	3.855100000E+0	2.999981445E+4	2.527170000E+2
-2.354400000E-6	5.364450000E-7	3.843900000E+0	2.999981445E+4	2.556870000E+2
-2.145780000E-6	2.384200000E-7	3.833300000E+0	2.999981445E+4	2.578040000E+2
-1.788150000E-6	3.576300000E-7	3.822500000E+0	2.999981445E+4	2.595270000E+2
-2.712030000E-6	4.768410000E-7	3.810800000E+0	2.999981445E+4	2.619060000E+2
-2.503410000E-6	6.258520000E-7	3.800700000E+0	2.999981445E+4	2.643050000E+2
-2.890840000E-6	6.556550000E-7	3.789200000E+0	2.999981445E+4	2.663040000E+2
-1.937170000E-6	3.278270000E-7	3.779100000E+0	2.999981445E+4	2.683030000E+2
-2.831240000E-6	3.278270000E-7	3.766900000E+0	2.999981445E+4	2.705700000E+2
-1.907360000E-6	4.768410000E-7	3.756800000E+0	2.999981445E+4	2.730930000E+2
-2.414000000E-6	3.874320000E-7	3.745600000E+0	2.999981445E+4	2.751320000E+2
-2.503410000E-6	6.556550000E-7	3.735100000E+0	2.999981445E+4	2.773810000E+2
-2.473610000E-6	1.102690000E-6	3.724500000E+0	2.999981445E+4	2.794050000E+2
-2.563010000E-6	8.940730000E-7	3.710200000E+0	2.999981445E+4	2.819070000E+2
-3.546490000E-6	1.192100000E-6	3.696700000E+0	2.999981445E+4	2.849640000E+2
-2.264990000E-6	3.576300000E-7	3.685200000E+0	2.999981445E+4	2.871110000E+2
-2.533210000E-6	1.013290000E-6	3.672300000E+0	2.999981445E+4	2.896540000E+2
-2.354400000E-6	5.662480000E-7	3.660300000E+0	2.999981445E+4	2.920200000E+2
-1.668940000E-6	3.278270000E-7	3.650200000E+0	2.999981445E+4	2.944280000E+2
-1.937170000E-6	5.066430000E-7	3.639800000E+0	2.999981445E+4	2.959170000E+2
-1.937170000E-6	6.556550000E-7	3.626600000E+0	2.999981445E+4	2.993550000E+2
-1.490120000E-6	4.470370000E-7	3.615700000E+0	2.999981445E+4	3.009720000E+2
-2.533210000E-6	6.258520000E-7	3.599500000E+0	2.999981445E+4	3.044480000E+2
-1.907360000E-6	2.682230000E-7	3.587900000E+0	2.999981445E+4	3.066170000E+2
-1.609330000E-6	3.874320000E-7	3.574000000E+0	2.999981445E+4	3.102330000E+2
-1.460320000E-6	2.980250000E-8	3.558800000E+0	2.999981445E+4	3.123240000E+2
-2.533210000E-6	4.768410000E-7	3.548200000E+0	2.999981445E+4	3.153690000E+2
-1.519930000E-6	5.364450000E-7	3.535200000E+0	2.999981445E+4	3.180330000E+2
-1.937170000E-6	2.682230000E-7	3.523900000E+0	2.999981445E+4	3.201800000E+2
-1.907360000E-6	3.278270000E-7	3.507200000E+0	2.999981445E+4	3.237770000E+2
-1.758340000E-6	3.576300000E-7	3.496500000E+0	2.999981445E+4	3.259290000E+2
-1.937170000E-6	5.662480000E-7	3.486500000E+0	2.999981445E+4	3.285750000E+2
-2.384200000E-6	1.013290000E-6	3.475400000E+0	2.999981445E+4	3.307410000E+2
-2.175580000E-6	3.576300000E-7	3.463700000E+0	2.999981445E+4	3.328500000E+2
-2.205390000E-6	7.748640000E-7	3.449300000E+0	2.999981445E+4	3.364280000E+2
-2.414000000E-6	7.748640000E-7	3.434500000E+0	2.999981445E+4	3.385920000E+2
-1.728540000E-6	7.450620000E-7	3.421200000E+0	2.999981445E+4	3.423140000E+2
-1.609330000E-6	5.066430000E-7	3.407900000E+0	2.999981445E+4	3.444390000E+2
-2.145780000E-6	4.172340000E-7	3.396500000E+0	2.999981445E+4	3.476230000E+2
-1.490120000E-6	1.788150000E-7	3.383600000E+0	2.999981445E+4	3.497710000E+2
-1.758340000E-6	1.788150000E-7	3.370000000E+0	2.999981445E+4	3.534360000E+2
-2.086180000E-6	2.682230000E-7	3.356300000E+0	2.999981445E+4	3.555650000E+2
-1.907360000E-6	8.940740000E-8	3.342900000E+0	2.999981445E+4	3.587150000E+2
-2.354400000E-6	7.748640000E-7	3.332200000E+0	2.999981445E+4	3.608410000E+2
-1.102690000E-6	3.576300000E-7	3.317900000E+0	2.999981445E+4	3.640690000E+2
-1.311310000E-6	3.278270000E-7	3.307400000E+0	2.999981445E+4	3.661660000E+2
-1.341110000E-6	0.000000000E+0	3.295700000E+0	2.999981445E+4	3.682950000E+2
-1.758340000E-6	3.278270000E-7	3.283800000E+0	2.999981445E+4	3.715710000E+2
-1.758340000E-6	-5.960510000E-8	3.269700000E+0	2.999981445E+4	3.736420000E+2
-1.341110000E-6	-1.788150000E-7	3.255200000E+0	2.999981445E+4	3.773770000E+2
-1.668940000E-6	-1.490130000E-7	3.244200000E+0	2.999981445E+4	3.794850000E+2
-1.639140000E-6	-3.874320000E-7	3.229000000E+0	2.999981445E+4	3.827090000E+2
-1.639140000E-6	-3.278270000E-7	3.216500000E+0	2.999981445E+4	3.859000000E+2
-1.639140000E-6	-2.086170000E-7	3.203400000E+0	2.999981445E+4	3.880310000E+2
-1.907360000E-6	-2.384200000E-7	3.190600000E+0	2.999981445E+4	3.912340000E+2
-1.341110000E-6	-1.251700000E-6	3.179300000E+0	2.999981445E+4	3.933590000E+2
-1.817950000E-6	-6.854570000E-7	3.166900000E+0	2.999981445E+4	3.956110000E+2
-1.668940000E-6	-9.834840000E-7	3.154500000E+0	2.999981445E+4	3.987030000E+2
-1.907360000E-6	-1.370910000E-6	3.144300000E+0	2.999981445E+4	4.008730000E+2
-1.609330000E-6	-1.370910000E-6	3.134200000E+0	2.999981445E+4	4.030080000E+2
-1.847750000E-6	-1.639140000E-6	3.122700000E+0	2.999981445E+4	4.050870000E+2
-1.817950000E-6	-1.907360000E-6	3.110900000E+0	2.999981445E+4	4.083580000E+2
-1.490120000E-6	-2.056370000E-6	3.098200000E+0	2.999981445E+4	4.104250000E+2
-2.712030000E-6	-2.533210000E-6	3.088100000E+0	2.999981445E+4	4.132610000E+2
-2.235190000E-6	-2.384200000E-6	3.068700000E+0	2.999981445E+4	4.158070000E+2
-2.890840000E-6	-2.622620000E-6	3.056500000E+0	2.999981445E+4	4.193940000E+2
-3.427280000E-6	-4.112750000E-6	3.042800000E+0	2.999981445E+4	4.214860000E+2
-3.129260000E-6	-4.440580000E-6	3.025600000E+0	2.999981445E+4	4.252180000E+2
-3.844530000E-6	-4.738600000E-6	3.014900000E+0	2.999981445E+4	4.284210000E+2
-4.112750000E-6	-5.155830000E-6	3.002400000E+0	2.999981445E+4	4.305370000E+2
-4.708800000E-6	-5.245240000E-6	2.987900000E+0	2.999981445E+4	4.337790000E+2
-5.096230000E-6	-5.722080000E-6	2.977500000E+0	2.999981445E+4	4.358930000E+2
-6.139310000E-6	-6.258520000E-6	2.967500000E+0	2.999981445E+4	4.380260000E+2
-6.318120000E-6	-6.884370000E-6	2.952800000E+0	2.999981445E+4	4.412620000E+2
-6.049900000E-6	-7.301600000E-6	2.936000000E+0	2.999981445E+4	4.444360000E+2
-7.301600000E-6	-7.987080000E-6	2.925600000E+0	2.999981445E+4	4.470140000E+2
-7.182390000E-6	-8.404310000E-6	2.909200000E+0	2.999981445E+4	4.501510000E+2
-8.016880000E-6	-9.000360000E-6	2.892200000E+0	2.999981445E+4	4.539040000E+2
-9.059960000E-6	-9.864630000E-6	2.878900000E+0	2.999981445E+4	4.571150000E+2
-9.626210000E-6	-1.013280000E-5	2.867100000E+0	2.999981445E+4	4.592310000E+2
-1.040110000E-5	-1.031170000E-5	2.852700000E+0	2.999981445E+4	4.624590000E+2
-1.096730000E-5	-1.114610000E-5	2.842700000E+0	2.999981445E+4	4.645770000E+2
-1.180180000E-5	-1.129510000E-5	2.825400000E+0	2.999981445E+4	4.677840000E+2
-1.293430000E-5	-1.150380000E-5	2.814300000E+0	2.999981445E+4	4.709590000E+2
-1.350050000E-5	-1.192100000E-5	2.799900000E+0	2.999981445E+4	4.731240000E+2
-1.373890000E-5	-1.245740000E-5	2.785600000E+0	2.999981445E+4	4.767210000E+2
-1.481180000E-5	-1.263620000E-5	2.774900000E+0	2.999981445E+4	4.788250000E+2
-1.558670000E-5	-1.311310000E-5	2.762700000E+0	2.999981445E+4	4.814780000E+2
-1.552710000E-5	-1.350050000E-5	2.752500000E+0	2.999981445E+4	4.836280000E+2
-1.564630000E-5	-1.370910000E-5	2.741800000E+0	2.999981445E+4	4.857830000E+2
-1.668940000E-5	-1.394750000E-5	2.727900000E+0	2.999981445E+4	4.889760000E+2
-1.677880000E-5	-1.391770000E-5	2.717500000E+0	2.999981445E+4	4.911120000E+2
-1.737490000E-5	-1.415620000E-5	2.705900000E+0	2.999981445E+4	4.932360000E+2
-1.823910000E-5	-1.412640000E-5	2.692000000E+0	2.999981445E+4	4.964040000E+2
-1.892460000E-5	-1.433500000E-5	2.678900000E+0	2.999981445E+4	4.994940000E+2
-1.934180000E-5	-1.475220000E-5	2.665100000E+0	2.999981445E+4	5.016660000E+2
-2.035510000E-5	-1.496080000E-5	2.650600000E+0	2.999981445E+4	5.048150000E+2
-2.166640000E-5	-1.513960000E-5	2.639300000E+0	2.999981445E+4	5.080530000E+2
-2.121940000E-5	-1.543770000E-5	2.624900000E+0	2.999981445E+4	5.101540000E+2
-2.208360000E-5	-1.555690000E-5	2.612800000E+0	2.999981445E+4	5.133760000E+2
-2.270950000E-5	-1.567610000E-5	2.599700000E+0	2.999981445E+4	5.154990000E+2
-2.262010000E-5	-1.615300000E-5	2.589400000E+0	2.999981445E+4	5.180230000E+2
-2.396120000E-5	-1.600400000E-5	2.577900000E+0	2.999981445E+4	5.201500000E+2
-2.446780000E-5	-1.609340000E-5	2.566800000E+0	2.999981445E+4	5.228580000E+2
-2.455720000E-5	-1.624240000E-5	2.555300000E+0	2.999981445E+4	5.249710000E+2
-2.461680000E-5	-1.621260000E-5	2.544600000E+0	2.999981445E+4	5.274840000E+2
-2.515330000E-5	-1.657020000E-5	2.534300000E+0	2.999981445E+4	5.296150000E+2
-2.586850000E-5	-1.660000000E-5	2.524100000E+0	2.999981445E+4	5.317730000E+2
-2.676260000E-5	-1.651060000E-5	2.513600000E+0	2.999981445E+4	5.344150000E+2
-2.640500000E-5	-1.636160000E-5	2.501100000E+0	2.999981445E+4	5.365770000E+2
-2.726920000E-5	-1.654040000E-5	2.486100000E+0	2.999981445E+4	5.397800000E+2
-2.819310000E-5	-1.671920000E-5	2.472900000E+0	2.999981445E+4	5.429760000E+2
-2.881900000E-5	-1.671920000E-5	2.462100000E+0	2.999981445E+4	5.450780000E+2
-2.887860000E-5	-1.630200000E-5	2.451600000E+0	2.999981445E+4	5.472630000E+2
-2.902760000E-5	-1.654040000E-5	2.434800000E+0	2.999981445E+4	5.504270000E+2
-2.971300000E-5	-1.657020000E-5	2.423300000E+0	2.999981445E+4	5.536300000E+2
-3.013030000E-5	-1.668940000E-5	2.410800000E+0	2.999981445E+4	5.557590000E+2
-3.087540000E-5	-1.657020000E-5	2.395900000E+0	2.999981445E+4	5.589630000E+2
-3.176950000E-5	-1.636160000E-5	2.385300000E+0	2.999981445E+4	5.611350000E+2
-3.176950000E-5	-1.698740000E-5	2.370000000E+0	2.999981445E+4	5.642810000E+2
-3.263380000E-5	-1.689800000E-5	2.358500000E+0	2.999981445E+4	5.674850000E+2
-3.266360000E-5	-1.695760000E-5	2.344100000E+0	2.999981445E+4	5.696650000E+2
-3.385570000E-5	-1.680860000E-5	2.330600000E+0	2.999981445E+4	5.728440000E+2
-3.474970000E-5	-1.657020000E-5	2.320500000E+0	2.999981445E+4	5.749620000E+2
-3.433250000E-5	-1.668940000E-5	2.310100000E+0	2.999981445E+4	5.771360000E+2
-3.501800000E-5	-1.662980000E-5	2.298800000E+0	2.999981445E+4	5.792050000E+2
-3.513720000E-5	-1.657020000E-5	2.283700000E+0	2.999981445E+4	5.824000000E+2
-3.567360000E-5	-1.689800000E-5	2.271100000E+0	2.999981445E+4	5.856540000E+2
-3.522660000E-5	-1.686820000E-5	2.259600000E+0	2.999981445E+4	5.877360000E+2
-3.641870000E-5	-1.665960000E-5	2.244700000E+0	2.999981445E+4	5.909410000E+2
-3.623990000E-5	-1.671920000E-5	2.233600000E+0	2.999981445E+4	5.931130000E+2
-3.650810000E-5	-1.680860000E-5	2.221000000E+0	2.999981445E+4	5.963140000E+2
-3.671670000E-5	-1.668940000E-5	2.208000000E+0	2.999981445E+4	5.984250000E+2
-3.692530000E-5	-1.677880000E-5	2.194600000E+0	2.999981445E+4	6.016280000E+2
-3.713390000E-5	-1.645100000E-5	2.183400000E+0	2.999981445E+4	6.037500000E+2
-3.713390000E-5	-1.671920000E-5	2.166200000E+0	2.999981445E+4	6.069720000E+2
-3.764060000E-5	-1.654040000E-5	2.154100000E+0	2.999981445E+4	6.101770000E+2
-3.799820000E-5	-1.665960000E-5	2.142700000E+0	2.999981445E+4	6.122830000E+2
-3.841540000E-5	-1.665960000E-5	2.128800000E+0	2.999981445E+4	6.154670000E+2
-3.853460000E-5	-1.660000000E-5	2.118700000E+0	2.999981445E+4	6.176850000E+2
-3.898170000E-5	-1.642120000E-5	2.107700000E+0	2.999981445E+4	6.197400000E+2
-3.927970000E-5	-1.683840000E-5	2.094100000E+0	2.999981445E+4	6.229380000E+2
-3.889230000E-5	-1.665960000E-5	2.082900000E+0	2.999981445E+4	6.251240000E+2
-3.984590000E-5	-1.677880000E-5	2.069400000E+0	2.999981445E+4	6.283110000E+2
-4.011420000E-5	-1.671920000E-5	2.057500000E+0	2.999981445E+4	6.303780000E+2
-4.017380000E-5	-1.686820000E-5	2.045200000E+0	2.999981445E+4	6.335930000E+2
-4.076980000E-5	-1.689800000E-5	2.033100000E+0	2.999981445E+4	6.357480000E+2
-4.184270000E-5	-1.636160000E-5	2.019100000E+0	2.999981445E+4	6.389430000E+2
-4.234930000E-5	-1.627220000E-5	2.008400000E+0	2.999981445E+4	6.410530000E+2
-4.237910000E-5	-1.624240000E-5	1.998100000E+0	2.999981445E+4	6.432280000E+2
-4.220030000E-5	-1.642120000E-5	2.008700000E+0	2.999981445E+4	7.693090000E+2
-4.225990000E-5	-1.627220000E-5	2.019100000E+0	2.999981445E+4	7.709140000E+2
-4.148510000E-5	-1.657020000E-5	2.030600000E+0	2.999981445E+4	7.732990000E+2
-4.160430000E-5	-1.642120000E-5	2.042200000E+0	2.999981445E+4	7.760980000E+2
-4.148510000E-5	-1.662980000E-5	2.053000000E+0	2.999981445E+4	7.777110000E+2
-4.169370000E-5	-1.645100000E-5	2.065400000E+0	2.999981445E+4	7.805680000E+2
-4.121680000E-5	-1.627220000E-5	2.077000000E+0	2.999981445E+4	7.825750000E+2
-4.085920000E-5	-1.677880000E-5	2.087300000E+0	2.999981445E+4	7.850280000E+2
-4.085920000E-5	-1.671920000E-5	2.098300000E+0	2.999981445E+4	7.870140000E+2
-4.059100000E-5	-1.701720000E-5	2.111100000E+0	2.999981445E+4	7.897050000E+2
-4.002480000E-5	-1.707680000E-5	2.121300000E+0	2.999981445E+4	7.918360000E+2
-3.984590000E-5	-1.695760000E-5	2.133300000E+0	2.999981445E+4	7.938240000E+2
-4.062080000E-5	-1.716630000E-5	2.144500000E+0	2.999981445E+4	7.966200000E+2
-3.924990000E-5	-1.737490000E-5	2.156800000E+0	2.999981445E+4	7.988840000E+2
-3.919030000E-5	-1.704700000E-5	2.167300000E+0	2.999981445E+4	8.009150000E+2
-3.889230000E-5	-1.677880000E-5	2.179100000E+0	2.999981445E+4	8.034030000E+2
-3.874330000E-5	-1.740470000E-5	2.189700000E+0	2.999981445E+4	8.052060000E+2
-3.898170000E-5	-1.701720000E-5	2.200000000E+0	2.999981445E+4	8.076430000E+2
-3.773000000E-5	-1.725570000E-5	2.212500000E+0	2.999981445E+4	8.099760000E+2
-3.770020000E-5	-1.743450000E-5	2.222800000E+0	2.999981445E+4	8.121240000E+2
-3.725310000E-5	-1.725570000E-5	2.232800000E+0	2.999981445E+4	8.143610000E+2
-3.582260000E-5	-1.764310000E-5	2.243300000E+0	2.999981445E+4	8.163290000E+2
-3.585240000E-5	-1.728550000E-5	2.253600000E+0	2.999981445E+4	8.183800000E+2
-3.576300000E-5	-1.716630000E-5	2.264300000E+0	2.999981445E+4	8.205070000E+2
-3.573320000E-5	-1.722590000E-5	2.275000000E+0	2.999981445E+4	8.225220000E+2
-3.552460000E-5	-1.755370000E-5	2.286400000E+0	2.999981445E+4	8.248890000E+2
-3.480930000E-5	-1.755370000E-5	2.296700000E+0	2.999981445E+4	8.267070000E+2
-3.567360000E-5	-1.767290000E-5	2.307900000E+0	2.999981445E+4	8.293940000E+2
-3.442190000E-5	-1.791130000E-5	2.320800000E+0	2.999981445E+4	8.312930000E+2
-3.483910000E-5	-1.746430000E-5	2.332500000E+0	2.999981445E+4	8.341060000E+2
-3.373650000E-5	-1.749410000E-5	2.345400000E+0	2.999981445E+4	8.366810000E+2
-3.436230000E-5	-1.713650000E-5	2.358500000E+0	2.999981445E+4	8.391230000E+2
-3.272320000E-5	-1.734510000E-5	2.370200000E+0	2.999981445E+4	8.415650000E+2
-3.287220000E-5	-1.701720000E-5	2.381900000E+0	2.999981445E+4	8.441130000E+2
-3.209730000E-5	-1.701720000E-5	2.392000000E+0	2.999981445E+4	8.456950000E+2
-3.281260000E-5	-1.668940000E-5	2.403100000E+0	2.999981445E+4	8.482650000E+2
-3.242520000E-5	-1.686820000E-5	2.413600000E+0	2.999981445E+4	8.502480000E+2
-3.218670000E-5	-1.722590000E-5	2.424900000E+0	2.999981445E+4	8.522070000E+2
-3.135230000E-5	-1.698740000E-5	2.436800000E+0	2.999981445E+4	8.549110000E+2
-3.111390000E-5	-1.689800000E-5	2.448100000E+0	2.999981445E+4	8.568850000E+2
-3.123310000E-5	-1.725570000E-5	2.458200000E+0	2.999981445E+4	8.594430000E+2
-3.135230000E-5	-1.707680000E-5	2.468900000E+0	2.999981445E+4	8.610500000E+2
-3.126290000E-5	-1.695760000E-5	2.480900000E+0	2.999981445E+4	8.638340000E+2
-3.090520000E-5	-1.713650000E-5	2.492100000E+0	2.999981445E+4	8.660530000E+2
-2.974280000E-5	-1.734510000E-5	2.503400000E+0	2.999981445E+4	8.679430000E+2
-2.932560000E-5	-1.707680000E-5	2.513700000E+0	2.999981445E+4	8.700880000E+2
-2.869980000E-5	-1.713650000E-5	2.525400000E+0	2.999981445E+4	8.724590000E+2
-2.878920000E-5	-1.654040000E-5	2.537200000E+0	2.999981445E+4	8.747340000E+2
-2.855070000E-5	-1.657020000E-5	2.550500000E+0	2.999981445E+4	8.775820000E+2
-2.795470000E-5	-1.668940000E-5	2.560500000E+0	2.999981445E+4	8.795370000E+2
-2.649440000E-5	-1.671920000E-5	2.571400000E+0	2.999981445E+4	8.815610000E+2
-2.545130000E-5	-1.654040000E-5	2.582500000E+0	2.999981445E+4	8.839450000E+2
-2.530230000E-5	-1.671920000E-5	2.594000000E+0	2.999981445E+4	8.862350000E+2
-2.539170000E-5	-1.639140000E-5	2.605400000E+0	2.999981445E+4	8.882200000E+2
-2.539170000E-5	-1.627220000E-5	2.616200000E+0	2.999981445E+4	8.906080000E+2
-2.360360000E-5	-1.612320000E-5	2.630400000E+0	2.999981445E+4	8.937210000E+2
-2.256050000E-5	-1.609340000E-5	2.640600000E+0	2.999981445E+4	8.956590000E+2
-2.247110000E-5	-1.603380000E-5	2.651800000E+0	2.999981445E+4	8.976620000E+2
-2.163660000E-5	-1.570590000E-5	2.663300000E+0	2.999981445E+4	9.000920000E+2
-2.154720000E-5	-1.561650000E-5	2.674400000E+0	2.999981445E+4	9.024820000E+2
-2.166640000E-5	-1.543770000E-5	2.685900000E+0	2.999981445E+4	9.045880000E+2
-2.086170000E-5	-1.516940000E-5	2.696000000E+0	2.999981445E+4	9.071170000E+2
-1.996770000E-5	-1.490120000E-5	2.707800000E+0	2.999981445E+4	9.088410000E+2
-1.895440000E-5	-1.505020000E-5	2.719000000E+0	2.999981445E+4	9.112440000E+2
-1.817950000E-5	-1.445420000E-5	2.729800000E+0	2.999981445E+4	9.136390000E+2
-1.883520000E-5	-1.391770000E-5	2.741700000E+0	2.999981445E+4	9.153630000E+2
-1.728550000E-5	-1.406680000E-5	2.753600000E+0	2.999981445E+4	9.181870000E+2
-1.734510000E-5	-1.385810000E-5	2.768100000E+0	2.999981445E+4	9.211190000E+2
-1.674900000E-5	-1.361970000E-5	2.781000000E+0	2.999981445E+4	9.235180000E+2
-1.546750000E-5	-1.275550000E-5	2.792900000E+0	2.999981445E+4	9.259110000E+2
-1.519920000E-5	-1.266600000E-5	2.804300000E+0	2.999981445E+4	9.287610000E+2
-1.442440000E-5	-1.245740000E-5	2.815400000E+0	2.999981445E+4	9.305650000E+2
-1.350050000E-5	-1.207000000E-5	2.827600000E+0	2.999981445E+4	9.326450000E+2
-1.347070000E-5	-1.153360000E-5	2.838800000E+0	2.999981445E+4	9.353840000E+2
-1.299390000E-5	-1.144420000E-5	2.850400000E+0	2.999981445E+4	9.371280000E+2
-1.207000000E-5	-1.111630000E-5	2.860700000E+0	2.999981445E+4	9.397200000E+2
-1.204020000E-5	-1.120570000E-5	2.871900000E+0	2.999981445E+4	9.417460000E+2
-1.171240000E-5	-1.049050000E-5	2.882600000E+0	2.999981445E+4	9.440440000E+2
-1.052030000E-5	-1.046070000E-5	2.894300000E+0	2.999981445E+4	9.460430000E+2
-1.013280000E-5	-9.954030000E-6	2.904800000E+0	2.999981445E+4	9.485890000E+2
-9.566600000E-6	-9.536800000E-6	2.917000000E+0	2.999981445E+4	9.506050000E+2
-9.149370000E-6	-9.000360000E-6	2.928000000E+0	2.999981445E+4	9.531140000E+2
-9.894430000E-6	-8.136090000E-6	2.939600000E+0	2.999981445E+4	9.551490000E+2
-9.179170000E-6	-8.314910000E-6	2.950500000E+0	2.999981445E+4	9.575700000E+2
-8.672530000E-6	-7.540020000E-6	2.962000000E+0	2.999981445E+4	9.600930000E+2
-8.314910000E-6	-7.182390000E-6	2.973600000E+0	2.999981445E+4	9.618150000E+2
-8.016880000E-6	-6.824760000E-6	2.984700000E+0	2.999981445E+4	9.646350000E+2
-6.258520000E-6	-6.437330000E-6	2.995000000E+0	2.999981445E+4	9.665820000E+2
-6.496940000E-6	-6.198910000E-6	3.005700000E+0	2.999981445E+4	9.687490000E+2
-5.245240000E-6	-6.079700000E-6	3.016900000E+0	2.999981445E+4	9.703490000E+2
-5.453850000E-6	-5.930690000E-6	3.028100000E+0	2.999981445E+4	9.731310000E+2
-4.977020000E-6	-5.126030000E-6	3.038700000E+0	2.999981445E+4	9.750970000E+2
-5.722080000E-6	-4.708800000E-6	3.049700000E+0	2.999981445E+4	9.776500000E+2
-4.708800000E-6	-4.708800000E-6	3.059900000E+0	2.999981445E+4	9.796380000E+2
-5.096230000E-6	-4.202160000E-6	3.071300000E+0	2.999981445E+4	9.814410000E+2
-5.394250000E-6	-3.099460000E-6	3.082300000E+0	2.999981445E+4	9.842480000E+2
-3.695500000E-6	-3.635900000E-6	3.094000000E+0	2.999981445E+4	9.862850000E+2
-4.410770000E-6	-3.427280000E-6	3.104500000E+0	2.999981445E+4	9.884360000E+2
-4.142550000E-6	-3.188860000E-6	3.114600000E+0	2.999981445E+4	9.904350000E+2
-3.188860000E-6	-3.129260000E-6	3.126000000E+0	2.999981445E+4	9.928180000E+2
-3.576290000E-6	-2.741830000E-6	3.137500000E+0	2.999981445E+4	9.952330000E+2
-3.129260000E-6	-2.563010000E-6	3.148400000E+0	2.999981445E+4	9.968410000E+2
-4.112750000E-6	-1.579530000E-6	3.159900000E+0	2.999981445E+4	9.996380000E+2
-2.950440000E-6	-1.519930000E-6	3.170100000E+0	2.999981445E+4	1.001253000E+3
-2.801430000E-6	-1.788150000E-6	3.181800000E+0	2.999981445E+4	1.003908000E+3
-2.831240000E-6	-1.460320000E-6	3.193100000E+0	2.999981445E+4	1.005883000E+3
-2.801430000E-6	-1.579530000E-6	3.203600000E+0	2.999981445E+4	1.008306000E+3
-3.367680000E-6	-1.341110000E-6	3.215300000E+0	2.999981445E+4	1.010735000E+3
-2.950440000E-6	-1.519930000E-6	3.226100000E+0	2.999981445E+4	1.012022000E+3
-3.129260000E-6	-1.072890000E-6	3.240000000E+0	2.999981445E+4	1.015384000E+3
-3.039850000E-6	-1.192100000E-6	3.250600000E+0	2.999981445E+4	1.017811000E+3
-3.069650000E-6	-1.013290000E-6	3.260900000E+0	2.999981445E+4	1.019364000E+3
-3.129260000E-6	-7.152590000E-7	3.271900000E+0	2.999981445E+4	1.022184000E+3
-3.218670000E-6	-6.854570000E-7	3.282900000E+0	2.999981445E+4	1.023763000E+3
-2.056370000E-6	-1.192100000E-6	3.294900000E+0	2.999981445E+4	1.026683000E+3
-2.473610000E-6	-8.046660000E-7	3.305300000E+0	2.999981445E+4	1.028384000E+3
-2.831240000E-6	-7.450620000E-7	3.317400000E+0	2.999981445E+4	1.031239000E+3
-2.861040000E-6	-6.556550000E-7	3.327600000E+0	2.999981445E+4	1.032857000E+3
-2.175580000E-6	-9.536820000E-7	3.339100000E+0	2.999981445E+4	1.035346000E+3
-2.235190000E-6	-7.748640000E-7	3.349700000E+0	2.999981445E+4	1.037363000E+3
-2.831240000E-6	-7.748640000E-7	3.359700000E+0	2.999981445E+4	1.038997000E+3
-3.159060000E-6	-5.066430000E-7	3.374300000E+0	2.999981445E+4	1.042286000E+3
-1.877550000E-6	-4.768410000E-7	3.386900000E+0	2.999981445E+4	1.044342000E+3
-2.324600000E-6	-8.046660000E-7	3.397000000E+0	2.999981445E+4	1.047125000E+3
-2.443800000E-6	-8.046660000E-7	3.408300000E+0	2.999981445E+4	1.048700000E+3
-2.861040000E-6	-2.384200000E-7	3.418500000E+0	2.999981445E+4	1.051079000E+3
-2.801430000E-6	-2.086170000E-7	3.429100000E+0	2.999981445E+4	1.053232000E+3
-2.771630000E-6	2.980250000E-8	3.440600000E+0	2.999981445E+4	1.056018000E+3
-2.384200000E-6	-3.576300000E-7	3.451700000E+0	2.999981445E+4	1.057637000E+3
-1.758340000E-6	-6.258520000E-7	3.463400000E+0	2.999981445E+4	1.060308000E+3
-1.937170000E-6	-5.960500000E-7	3.475900000E+0	2.999981445E+4	1.063139000E+3
-1.549730000E-6	-6.556550000E-7	3.486300000E+0	2.999981445E+4	1.064683000E+3
-1.728540000E-6	-7.450620000E-7	3.497400000E+0	2.999981445E+4	1.067099000E+3
-1.609330000E-6	-9.536820000E-7	3.507500000E+0	2.999981445E+4	1.068735000E+3
-1.788150000E-6	-6.258520000E-7	3.518900000E+0	2.999981445E+4	1.071556000E+3
-1.758340000E-6	-5.960500000E-7	3.530000000E+0	2.999981445E+4	1.073238000E+3
-1.877550000E-6	-7.748640000E-7	3.540900000E+0	2.999981445E+4	1.075673000E+3
-1.609330000E-6	-8.642710000E-7	3.551600000E+0	2.999981445E+4	1.077745000E+3
-1.788150000E-6	-8.046660000E-7	3.564200000E+0	2.999981445E+4	1.080156000E+3
-2.354400000E-6	-5.960500000E-7	3.574600000E+0	2.999981445E+4	1.082157000E+3
-2.682220000E-6	-7.450620000E-7	3.585000000E+0	2.999981445E+4	1.084558000E+3
-3.278270000E-6	0.000000000E+0	3.596700000E+0	2.999981445E+4	1.086995000E+3
-3.963740000E-6	-5.960510000E-8	3.608000000E+0	2.999981445E+4	1.089080000E+3
-3.337870000E-6	-1.490130000E-7	3.619200000E+0	2.999981445E+4	1.091090000E+3
-3.278270000E-6	-2.980250000E-7	3.630200000E+0	2.999981445E+4	1.093256000E+3
-4.202160000E-6	2.682230000E-7	3.640900000E+0	2.999981445E+4	1.096023000E+3
-3.755110000E-6	2.682230000E-7	3.651700000E+0	2.999981445E+4	1.097628000E+3
-3.665700000E-6	3.874320000E-7	3.662700000E+0	2.999981445E+4	1.100009000E+3
-3.457080000E-6	-7.152590000E-7	3.673700000E+0	2.999981445E+4	1.102411000E+3
-3.427280000E-6	-2.682230000E-7	3.684000000E+0	2.999981445E+4	1.104053000E+3
-2.890840000E-6	-5.960500000E-7	3.696000000E+0	2.999981445E+4	1.106700000E+3
-2.920640000E-6	-3.576300000E-7	3.707200000E+0	2.999981445E+4	1.108696000E+3
-3.725300000E-6	0.000000000E+0	3.719700000E+0	2.999981445E+4	1.111507000E+3
-2.890840000E-6	-4.172340000E-7	3.731200000E+0	2.999981445E+4	1.113925000E+3
-1.847750000E-6	-8.046660000E-7	3.741300000E+0	2.999981445E+4	1.115488000E+3
-2.622620000E-6	-8.940730000E-7	3.753800000E+0	2.999981445E+4	1.118455000E+3
-2.056370000E-6	-9.536820000E-7	3.766100000E+0	2.999981445E+4	1.120436000E+3
-3.665700000E-6	-2.086170000E-7	3.777200000E+0	2.999981445E+4	1.122815000E+3
-2.801430000E-6	-8.344690000E-7	3.789500000E+0	2.999981445E+4	1.125618000E+3
-3.069650000E-6	-1.043090000E-6	3.800700000E+0	2.999981445E+4	1.127750000E+3
-2.801430000E-6	-1.400720000E-6	3.812800000E+0	2.999981445E+4	1.129767000E+3
-2.145780000E-6	-1.043090000E-6	3.825000000E+0	2.999981445E+4	1.132225000E+3
-2.801430000E-6	-6.258520000E-7	3.835100000E+0	2.999981445E+4	1.134771000E+3
-4.351170000E-6	7.152590000E-7	3.845700000E+0	2.999981445E+4	1.136695000E+3
-3.159060000E-6	-7.152590000E-7	3.858800000E+0	2.999981445E+4	1.139128000E+3
-2.801430000E-6	-5.960500000E-7	3.869200000E+0	2.999981445E+4	1.141619000E+3
-2.145780000E-6	-8.940730000E-7	3.879600000E+0	2.999981445E+4	1.143226000E+3
-1.430520000E-6	-5.960510000E-8	3.890300000E+0	2.999981445E+4	1.145626000E+3
-1.877550000E-6	3.278270000E-7	3.904100000E+0	2.999981445E+4	1.148181000E+3
-2.503410000E-6	3.576300000E-7	3.916000000E+0	2.999981445E+4	1.150585000E+3
-1.996770000E-6	1.490130000E-7	3.926900000E+0	2.999981445E+4	1.152955000E+3
-1.907360000E-6	-2.980250000E-8	3.938700000E+0	2.999981445E+4	1.154951000E+3
-1.937170000E-6	-1.788150000E-7	3.950400000E+0	2.999981445E+4	1.157752000E+3
-1.579530000E-6	-3.576300000E-7	3.962500000E+0	2.999981445E+4	1.159755000E+3
-2.145780000E-6	-1.490130000E-7	3.974000000E+0	2.999981445E+4	1.162838000E+3
-1.281510000E-6	-2.682230000E-7	3.984700000E+0	2.999981445E+4	1.164308000E+3
-1.668940000E-6	-3.278270000E-7	3.995400000E+0	2.999981445E+4	1.166481000E+3
-1.043090000E-6	-4.768410000E-7	4.005700000E+0	2.999981445E+4	1.168867000E+3
-1.728540000E-6	-4.172340000E-7	4.016100000E+0	2.999981445E+4	1.170925000E+3
-1.013290000E-6	-7.450620000E-7	4.026200000E+0	2.999981445E+4	1.172837000E+3
-1.072890000E-6	-8.940730000E-7	4.038000000E+0	2.999981445E+4	1.175225000E+3
-1.698740000E-6	-7.152590000E-7	4.049400000E+0	2.999981445E+4	1.176994000E+3
-1.937170000E-6	-5.662480000E-7	4.060200000E+0	2.999981445E+4	1.179953000E+3
-1.549730000E-6	-6.854570000E-7	4.071000000E+0	2.999981445E+4	1.181503000E+3
-1.072890000E-6	-8.642710000E-7	4.081200000E+0	2.999981445E+4	1.183889000E+3
-9.834840000E-7	-8.940730000E-7	4.092600000E+0	2.999981445E+4	1.186291000E+3
-1.847750000E-6	-9.238760000E-7	4.103700000E+0	2.999981445E+4	1.188294000E+3
-1.907360000E-6	-8.046660000E-7	4.114600000E+0	2.999981445E+4	1.190346000E+3
-1.937170000E-6	-1.132500000E-6	4.125400000E+0	2.999981445E+4	1.192350000E+3
-2.682220000E-6	-8.940730000E-7	4.135900000E+0	2.999981445E+4	1.194756000E+3
-2.324600000E-6	-9.536820000E-7	4.146500000E+0	2.999981445E+4	1.196707000E+3
-1.400720000E-6	-1.162300000E-6	4.157900000E+0	2.999981445E+4	1.199254000E+3
-2.384200000E-6	-1.370910000E-6	4.169000000E+0	2.999981445E+4	1.201422000E+3
-2.831240000E-6	-9.536820000E-7	4.181000000E+0	2.999981445E+4	1.203400000E+3
-2.443800000E-6	-1.013290000E-6	4.192300000E+0	2.999981445E+4	1.206169000E+3
-1.966970000E-6	-9.536820000E-7	4.202800000E+0	2.999981445E+4	1.207825000E+3
-1.311310000E-6	-1.162300000E-6	4.214700000E+0	2.999981445E+4	1.210157000E+3
-2.503410000E-6	-8.344690000E-7	4.231700000E+0	2.999981445E+4	1.213664000E+3
-1.400720000E-6	-8.940730000E-7	4.242400000E+0	2.999981445E+4	1.215630000E+3
-2.682220000E-6	-1.251700000E-6	4.254100000E+0	2.999981445E+4	1.218542000E+3
-2.205390000E-6	-1.311310000E-6	4.267300000E+0	2.999981445E+4	1.220841000E+3
-2.056370000E-6	-1.221900000E-6	4.278200000E+0	2.999981445E+4	1.222855000E+3
-2.324600000E-6	-1.132500000E-6	4.288900000E+0	2.999981445E+4	1.225253000E+3
-2.145780000E-6	-1.311310000E-6	4.301400000E+0	2.999981445E+4	1.227623000E+3
-1.102690000E-6	-1.102690000E-6	4.313700000E+0	2.999981445E+4	1.230461000E+3
-1.817950000E-6	-9.834840000E-7	4.324800000E+0	2.999981445E+4	1.232440000E+3
-1.519930000E-6	-9.536820000E-7	4.336100000E+0	2.999981445E+4	1.234968000E+3
-1.162300000E-6	-1.162300000E-6	4.347400000E+0	2.999981445E+4	1.236584000E+3
-1.519930000E-6	-1.043090000E-6	4.358100000E+0	2.999981445E+4	1.239383000E+3
-2.235190000E-6	-8.046660000E-7	4.368800000E+0	2.999981445E+4	1.241109000E+3
-1.221900000E-6	-8.344690000E-7	4.380100000E+0	2.999981445E+4	1.243932000E+3
-1.370910000E-6	-1.192100000E-6	4.390800000E+0	2.999981445E+4	1.245515000E+3
-7.152590000E-7	-1.192100000E-6	4.403000000E+0	2.999981445E+4	1.247966000E+3
-8.940730000E-7	-1.341110000E-6	4.414700000E+0	2.999981445E+4	1.250875000E+3
-1.072890000E-6	-1.043090000E-6	4.426200000E+0	2.999981445E+4	1.252422000E+3
-2.145780000E-6	-1.072890000E-6	4.437800000E+0	2.999981445E+4	1.255384000E+3
-1.102690000E-6	-1.043090000E-6	4.447900000E+0	2.999981445E+4	1.257027000E+3
-1.043090000E-6	-1.162300000E-6	4.458100000E+0	2.999981445E+4	1.258974000E+3
-1.072890000E-6	-1.013290000E-6	4.468900000E+0	2.999981445E+4	1.261392000E+3
-2.115980000E-6	-1.162300000E-6	4.480000000E+0	2.999981445E+4	1.263405000E+3
-1.490120000E-6	-9.834840000E-7	4.491400000E+0	2.999981445E+4	1.265390000E+3
-1.490120000E-6	-1.102690000E-6	4.501400000E+0	2.999981445E+4	1.267795000E+3
-2.235190000E-6	-7.450620000E-7	4.511600000E+0	2.999981445E+4	1.270221000E+3
-1.519930000E-6	-9.536820000E-7	4.523100000E+0	2.999981445E+4	1.271767000E+3
-1.907360000E-6	-7.748640000E-7	4.534800000E+0	2.999981445E+4	1.274699000E+3
-2.205390000E-6	-1.072890000E-6	4.545900000E+0	2.999981445E+4	1.276713000E+3
-2.205390000E-6	-1.221900000E-6	4.555900000E+0	2.999981445E+4	1.278738000E+3
-1.370910000E-6	-1.013290000E-6	4.567400000E+0	2.999981445E+4	1.280986000E+3
-1.609330000E-6	-1.400720000E-6	4.577600000E+0	2.999981445E+4	1.282836000E+3
-1.341110000E-6	-1.043090000E-6	4.587700000E+0	2.999981445E+4	1.285245000E+3
-2.384200000E-6	-5.960500000E-7	4.598200000E+0	2.999981445E+4	1.287028000E+3
-1.490120000E-6	-1.102690000E-6	4.609200000E+0	2.999981445E+4	1.288955000E+3
-1.668940000E-6	-7.152590000E-7	4.620300000E+0	2.999981445E+4	1.291768000E+3
-1.519930000E-6	-9.238760000E-7	4.631700000E+0	2.999981445E+4	1.293830000E+3
-1.162300000E-6	-9.238760000E-7	4.642700000E+0	2.999981445E+4	1.295776000E+3
-1.460320000E-6	-8.940730000E-7	4.653500000E+0	2.999981445E+4	1.298323000E+3
-1.043090000E-6	-1.072890000E-6	4.664700000E+0	2.999981445E+4	1.300343000E+3
-8.046660000E-7	-1.162300000E-6	4.677000000E+0	2.999981445E+4	1.302316000E+3
-4.172340000E-7	-1.102690000E-6	4.688000000E+0	2.999981445E+4	1.305118000E+3
-8.046660000E-7	-7.748640000E-7	4.699300000E+0	2.999981445E+4	1.307115000E+3
-1.221900000E-6	-7.748640000E-7	4.710200000E+0	2.999981445E+4	1.309521000E+3
-1.221900000E-6	-8.940730000E-7	4.721900000E+0	2.999981445E+4	1.311601000E+3
-1.966970000E-6	-7.152590000E-7	4.732800000E+0	2.999981445E+4	1.314439000E+3
-1.668940000E-6	-1.192100000E-6	4.743900000E+0	2.999981445E+4	1.316058000E+3
-1.728540000E-6	-9.238760000E-7	4.755600000E+0	2.999981445E+4	1.318088000E+3
-1.102690000E-6	-1.132500000E-6	4.766400000E+0	2.999981445E+4	1.320837000E+3
-1.162300000E-6	-1.341110000E-6	4.777600000E+0	2.999981445E+4	1.322858000E+3
-1.043090000E-6	-1.341110000E-6	4.788500000E+0	2.999981445E+4	1.324860000E+3
-8.940730000E-7	-1.162300000E-6	4.799100000E+0	2.999981445E+4	1.327230000E+3
-8.642710000E-7	-9.834840000E-7	4.809500000E+0	2.999981445E+4	1.329527000E+3
-6.258520000E-7	-1.043090000E-6	4.820700000E+0	2.999981445E+4	1.331104000E+3
-6.258520000E-7	-1.221900000E-6	4.831900000E+0	2.999981445E+4	1.333525000E+3
-9.238760000E-7	-1.221900000E-6	4.844000000E+0	2.999981445E+4	1.336295000E+3
-1.162300000E-6	-1.043090000E-6	4.856400000E+0	2.999981445E+4	1.338766000E+3
-3.576300000E-7	-1.370910000E-6	4.868000000E+0	2.999981445E+4	1.340792000E+3
-7.748640000E-7	-1.460320000E-6	4.878400000E+0	2.999981445E+4	1.343128000E+3
-3.278270000E-7	-1.639140000E-6	4.888500000E+0	2.999981445E+4	1.345543000E+3
-5.662480000E-7	-1.609330000E-6	4.898500000E+0	2.999981445E+4	1.346919000E+3
-4.768410000E-7	-1.728540000E-6	4.909100000E+0	2.999981445E+4	1.349260000E+3
-9.834840000E-7	-1.490120000E-6	4.919500000E+0	2.999981445E+4	1.351251000E+3
-6.854570000E-7	-1.609330000E-6	4.930500000E+0	2.999981445E+4	1.353632000E+3
-7.152590000E-7	-1.490120000E-6	4.943600000E+0	2.999981445E+4	1.356198000E+3
-1.102690000E-6	-1.460320000E-6	4.953900000E+0	2.999981445E+4	1.358222000E+3
-1.549730000E-6	-1.341110000E-6	4.966400000E+0	2.999981445E+4	1.361011000E+3
-1.311310000E-6	-1.609330000E-6	4.978400000E+0	2.999981445E+4	1.363011000E+3
-1.341110000E-6	-1.788150000E-6	4.989300000E+0	2.999981445E+4	1.365398000E+3
-1.549730000E-6	-1.668940000E-6	5.000300000E+0	2.999981445E+4	1.367832000E+3
