20240423_HM455NbTa2Zr_chiAC_vs_T_B_4T.003.txt Wed, Apr 23, 2025 5:45:41 PM Juan Gabe
Magnet: None
Trigger spacing of 0.010000 on column #3
Offsets:	0.000000000E+0	0.000000000E+0	0.000000000E+0	0.000000000E+0	0.000000000E+0

Scale Factors:	1.000000000E+0	1.000000000E+0	1.000000000E+0	1.000000000E+0	1.000000000E+0

4T
Lockin_V_003	Chan2_V_003	Temperture_003	Field_003	Timestamp_003
5.066430000E-7	2.980250000E-8	8.999100000E+0	3.999953516E+4	2.800000000E-2
8.344690000E-7	-5.662480000E-7	8.986800000E+0	3.999953516E+4	8.449900000E+1
3.576300000E-7	-1.758340000E-6	8.976500000E+0	3.999953516E+4	8.607400000E+1
2.086170000E-7	-2.324600000E-6	8.964900000E+0	3.999953516E+4	8.768200000E+1
5.066430000E-7	-1.668940000E-6	8.953100000E+0	3.999953516E+4	8.973400000E+1
1.072890000E-6	-2.205390000E-6	8.940800000E+0	3.999953516E+4	9.260700000E+1
2.384200000E-7	-3.784910000E-6	8.930000000E+0	3.999953516E+4	9.467200000E+1
5.960500000E-7	-2.324600000E-6	8.918300000E+0	3.999953516E+4	9.701100000E+1
2.145780000E-6	-2.503410000E-6	8.907000000E+0	3.999953516E+4	9.903300000E+1
1.490120000E-6	-2.354400000E-6	8.895300000E+0	3.999953516E+4	1.013930000E+2
1.728540000E-6	-3.665700000E-6	8.883400000E+0	3.999953516E+4	1.038350000E+2
5.960500000E-7	-3.814730000E-6	8.872400000E+0	3.999953516E+4	1.058170000E+2
2.086180000E-6	-3.993540000E-6	8.861200000E+0	3.999953516E+4	1.083560000E+2
7.748640000E-7	-2.354400000E-6	8.848300000E+0	3.999953516E+4	1.107480000E+2
1.579530000E-6	-3.784910000E-6	8.837100000E+0	3.999953516E+4	1.126290000E+2
5.960500000E-7	-4.023340000E-6	8.826400000E+0	3.999953516E+4	1.153130000E+2
2.264990000E-6	-2.533210000E-6	8.814200000E+0	3.999953516E+4	1.177120000E+2
2.712030000E-6	-2.443800000E-6	8.802500000E+0	3.999953516E+4	1.196630000E+2
1.549730000E-6	-3.427280000E-6	8.792200000E+0	3.999953516E+4	1.217070000E+2
-9.238760000E-7	-2.771630000E-6	8.778900000E+0	3.999953516E+4	1.244910000E+2
1.668940000E-6	-4.798200000E-6	8.767000000E+0	3.999953516E+4	1.265380000E+2
8.046660000E-7	-3.278270000E-6	8.756000000E+0	3.999953516E+4	1.293230000E+2
1.251700000E-6	-1.728540000E-6	8.744900000E+0	3.999953516E+4	1.312710000E+2
2.026570000E-6	-3.308070000E-6	8.734300000E+0	3.999953516E+4	1.336770000E+2
2.115980000E-6	-2.086180000E-6	8.722900000E+0	3.999953516E+4	1.356740000E+2
5.066430000E-7	-2.890840000E-6	8.711600000E+0	3.999953516E+4	1.376730000E+2
-5.960500000E-7	-3.218670000E-6	8.699300000E+0	3.999953516E+4	1.401180000E+2
2.682230000E-7	-3.308070000E-6	8.688600000E+0	3.999953516E+4	1.424910000E+2
1.698740000E-6	-2.294790000E-6	8.677400000E+0	3.999953516E+4	1.449200000E+2
1.281510000E-6	-2.712030000E-6	8.665400000E+0	3.999953516E+4	1.472830000E+2
1.072890000E-6	-2.741830000E-6	8.655100000E+0	3.999953516E+4	1.493200000E+2
2.026570000E-6	-3.099460000E-6	8.644800000E+0	3.999953516E+4	1.512520000E+2
9.834840000E-7	-2.086180000E-6	8.631600000E+0	3.999953516E+4	1.536750000E+2
6.258520000E-7	-1.013290000E-6	8.620300000E+0	3.999953516E+4	1.565210000E+2
1.817950000E-6	-2.235190000E-6	8.610100000E+0	3.999953516E+4	1.580780000E+2
1.370910000E-6	-9.834840000E-7	8.599500000E+0	3.999953516E+4	1.600600000E+2
-5.960510000E-8	-2.354400000E-6	8.589400000E+0	3.999953516E+4	1.624610000E+2
1.788150000E-7	-3.039850000E-6	8.578200000E+0	3.999953516E+4	1.644490000E+2
8.940740000E-8	-2.622620000E-6	8.565500000E+0	3.999953516E+4	1.672800000E+2
-9.536820000E-7	-2.950440000E-6	8.555000000E+0	3.999953516E+4	1.690040000E+2
3.576300000E-7	-4.231960000E-6	8.543900000E+0	3.999953516E+4	1.714590000E+2
-4.768410000E-7	-2.890840000E-6	8.533300000E+0	3.999953516E+4	1.735310000E+2
-1.490130000E-7	-3.784910000E-6	8.521400000E+0	3.999953516E+4	1.759310000E+2
6.556550000E-7	-3.695500000E-6	8.509800000E+0	3.999953516E+4	1.784170000E+2
1.192100000E-6	-1.221900000E-6	8.499700000E+0	3.999953516E+4	1.803330000E+2
2.682230000E-7	-2.264990000E-6	8.489400000E+0	3.999953516E+4	1.819370000E+2
8.940740000E-8	-2.443800000E-6	8.477300000E+0	3.999953516E+4	1.847390000E+2
7.748640000E-7	-2.235190000E-6	8.466700000E+0	3.999953516E+4	1.867750000E+2
7.450620000E-7	-2.741830000E-6	8.455300000E+0	3.999953516E+4	1.891800000E+2
-7.748640000E-7	-2.503410000E-6	8.445100000E+0	3.999953516E+4	1.911600000E+2
6.854570000E-7	-2.950440000E-6	8.432000000E+0	3.999953516E+4	1.940300000E+2
1.847750000E-6	-2.354400000E-6	8.420600000E+0	3.999953516E+4	1.959740000E+2
7.748640000E-7	-1.341110000E-6	8.409400000E+0	3.999953516E+4	1.983550000E+2
1.490120000E-6	-3.099460000E-6	8.397600000E+0	3.999953516E+4	2.007510000E+2
1.788150000E-7	-1.221900000E-6	8.387200000E+0	3.999953516E+4	2.031210000E+2
1.490130000E-7	-6.556550000E-7	8.376000000E+0	3.999953516E+4	2.047430000E+2
8.642710000E-7	-1.668940000E-6	8.365600000E+0	3.999953516E+4	2.075550000E+2
1.013290000E-6	-1.519930000E-6	8.354500000E+0	3.999953516E+4	2.091890000E+2
6.854570000E-7	-3.695500000E-6	8.342800000E+0	3.999953516E+4	2.115190000E+2
4.768410000E-7	-1.251700000E-6	8.331500000E+0	3.999953516E+4	2.139410000E+2
1.490130000E-7	-3.427280000E-6	8.319900000E+0	3.999953516E+4	2.163140000E+2
9.238760000E-7	-3.546490000E-6	8.307900000E+0	3.999953516E+4	2.183190000E+2
2.205390000E-6	-4.053140000E-6	8.297200000E+0	3.999953516E+4	2.207630000E+2
1.877550000E-6	-2.920640000E-6	8.286200000E+0	3.999953516E+4	2.227100000E+2
3.397480000E-6	-3.874320000E-7	8.275900000E+0	3.999953516E+4	2.253480000E+2
3.546490000E-6	-2.980250000E-6	8.264900000E+0	3.999953516E+4	2.272540000E+2
2.324600000E-6	-1.609330000E-6	8.253500000E+0	3.999953516E+4	2.292550000E+2
2.443800000E-6	-3.695500000E-6	8.241400000E+0	3.999953516E+4	2.317630000E+2
2.175580000E-6	-2.652420000E-6	8.229800000E+0	3.999953516E+4	2.339230000E+2
3.039850000E-6	-1.788150000E-6	8.217800000E+0	3.999953516E+4	2.367310000E+2
2.264990000E-6	-2.533210000E-6	8.205200000E+0	3.999953516E+4	2.393730000E+2
2.920640000E-6	-2.115980000E-6	8.194900000E+0	3.999953516E+4	2.410020000E+2
2.443800000E-6	-3.248470000E-6	8.183800000E+0	3.999953516E+4	2.434980000E+2
2.831240000E-6	-2.503410000E-6	8.172400000E+0	3.999953516E+4	2.456460000E+2
2.443800000E-6	-2.086180000E-6	8.162000000E+0	3.999953516E+4	2.478150000E+2
1.579530000E-6	-2.801430000E-6	8.151700000E+0	3.999953516E+4	2.498200000E+2
2.741830000E-6	-2.920640000E-6	8.139200000E+0	3.999953516E+4	2.524580000E+2
5.066430000E-7	-2.950440000E-6	8.128100000E+0	3.999953516E+4	2.544400000E+2
2.682220000E-6	-2.771630000E-6	8.115900000E+0	3.999953516E+4	2.570470000E+2
2.980250000E-6	-2.712030000E-6	8.105600000E+0	3.999953516E+4	2.591780000E+2
1.460320000E-6	-2.414000000E-6	8.092800000E+0	3.999953516E+4	2.616750000E+2
2.950440000E-6	-2.920640000E-6	8.082300000E+0	3.999953516E+4	2.640300000E+2
8.046660000E-7	-1.430520000E-6	8.071800000E+0	3.999953516E+4	2.658290000E+2
2.384200000E-6	-3.039850000E-6	8.060900000E+0	3.999953516E+4	2.679560000E+2
1.758340000E-6	-1.788150000E-6	8.050800000E+0	3.999953516E+4	2.698990000E+2
2.890840000E-6	-3.069650000E-6	8.040400000E+0	3.999953516E+4	2.721910000E+2
9.834840000E-7	-1.192100000E-6	8.029500000E+0	3.999953516E+4	2.745870000E+2
2.235190000E-6	-2.801430000E-6	8.018000000E+0	3.999953516E+4	2.763440000E+2
2.354400000E-6	-2.205390000E-6	8.007900000E+0	3.999953516E+4	2.788350000E+2
1.490120000E-6	-3.874330000E-6	7.995700000E+0	3.999953516E+4	2.809730000E+2
1.996770000E-6	-2.533210000E-6	7.985400000E+0	3.999953516E+4	2.830340000E+2
2.384200000E-6	-2.861040000E-6	7.973900000E+0	3.999953516E+4	2.858010000E+2
2.473610000E-6	-3.278270000E-6	7.962700000E+0	3.999953516E+4	2.880470000E+2
1.877550000E-6	-2.861040000E-6	7.950900000E+0	3.999953516E+4	2.902910000E+2
2.145780000E-6	-2.950440000E-6	7.940500000E+0	3.999953516E+4	2.919450000E+2
2.533210000E-6	-9.834840000E-7	7.928300000E+0	3.999953516E+4	2.947290000E+2
2.533210000E-6	-1.966970000E-6	7.917300000E+0	3.999953516E+4	2.960860000E+2
3.248470000E-6	-3.755110000E-6	7.905900000E+0	3.999953516E+4	2.990180000E+2
1.698740000E-6	-2.443800000E-6	7.894600000E+0	3.999953516E+4	3.011120000E+2
1.043090000E-6	-2.890840000E-6	7.883900000E+0	3.999953516E+4	3.030960000E+2
2.741830000E-6	-3.486890000E-6	7.873600000E+0	3.999953516E+4	3.053630000E+2
2.205390000E-6	-1.341110000E-6	7.863200000E+0	3.999953516E+4	3.078190000E+2
2.294790000E-6	-2.175580000E-6	7.851800000E+0	3.999953516E+4	3.098770000E+2
1.698740000E-6	-2.682220000E-6	7.840100000E+0	3.999953516E+4	3.120690000E+2
2.473610000E-6	-3.069650000E-6	7.826400000E+0	3.999953516E+4	3.149870000E+2
1.966970000E-6	-1.072890000E-6	7.816000000E+0	3.999953516E+4	3.170850000E+2
1.549730000E-6	-1.758340000E-6	7.805700000E+0	3.999953516E+4	3.193670000E+2
1.996770000E-6	-1.221900000E-6	7.794900000E+0	3.999953516E+4	3.208650000E+2
8.940740000E-8	-2.086180000E-6	7.784500000E+0	3.999953516E+4	3.236750000E+2
2.145780000E-6	-1.907360000E-6	7.772700000E+0	3.999953516E+4	3.254860000E+2
1.430520000E-6	-1.341110000E-6	7.761000000E+0	3.999953516E+4	3.281680000E+2
1.251700000E-6	-1.519930000E-6	7.749300000E+0	3.999953516E+4	3.301670000E+2
1.430520000E-6	-1.490120000E-6	7.737800000E+0	3.999953516E+4	3.331990000E+2
1.877550000E-6	-1.162300000E-6	7.725600000E+0	3.999953516E+4	3.350990000E+2
1.162300000E-6	-1.341110000E-6	7.713300000E+0	3.999953516E+4	3.377450000E+2
1.072890000E-6	-2.026570000E-6	7.702900000E+0	3.999953516E+4	3.397710000E+2
1.162300000E-6	-1.907360000E-6	7.690100000E+0	3.999953516E+4	3.420010000E+2
9.238760000E-7	-3.337870000E-6	7.678300000E+0	3.999953516E+4	3.444170000E+2
-2.682230000E-7	-4.470370000E-7	7.668100000E+0	3.999953516E+4	3.469840000E+2
-5.662480000E-7	1.788150000E-7	7.657800000E+0	3.999953516E+4	3.485880000E+2
-1.519930000E-6	1.341110000E-6	7.647200000E+0	3.999953516E+4	3.506790000E+2
1.966970000E-6	-2.861040000E-6	7.636800000E+0	3.999953516E+4	3.532310000E+2
1.937170000E-6	-1.639140000E-6	7.626200000E+0	3.999953516E+4	3.548400000E+2
1.221900000E-6	-2.861040000E-6	7.615800000E+0	3.999953516E+4	3.566500000E+2
1.370910000E-6	-2.831240000E-6	7.602900000E+0	3.999953516E+4	3.594820000E+2
1.847750000E-6	-2.235190000E-6	7.590600000E+0	3.999953516E+4	3.621330000E+2
-5.960510000E-8	-9.834840000E-7	7.579500000E+0	3.999953516E+4	3.645560000E+2
6.258520000E-7	-3.367680000E-6	7.568000000E+0	3.999953516E+4	3.662670000E+2
1.370910000E-6	-1.639140000E-6	7.556400000E+0	3.999953516E+4	3.688650000E+2
1.072890000E-6	-2.056370000E-6	7.546300000E+0	3.999953516E+4	3.710020000E+2
1.281510000E-6	-2.741830000E-6	7.535700000E+0	3.999953516E+4	3.733180000E+2
-5.960510000E-8	-1.937170000E-6	7.523300000E+0	3.999953516E+4	3.756730000E+2
1.788150000E-7	-9.238760000E-7	7.512300000E+0	3.999953516E+4	3.775890000E+2
1.490130000E-7	-1.341110000E-6	7.499600000E+0	3.999953516E+4	3.801980000E+2
-3.278270000E-7	-1.370910000E-6	7.488100000E+0	3.999953516E+4	3.823050000E+2
1.072890000E-6	-1.907360000E-6	7.477100000E+0	3.999953516E+4	3.848300000E+2
2.115980000E-6	-5.662480000E-7	7.466300000E+0	3.999953516E+4	3.873650000E+2
1.341110000E-6	-2.861040000E-6	7.453900000E+0	3.999953516E+4	3.894450000E+2
8.940740000E-8	-1.609330000E-6	7.443200000E+0	3.999953516E+4	3.915190000E+2
1.519930000E-6	-1.072890000E-6	7.432100000E+0	3.999953516E+4	3.937870000E+2
4.470370000E-7	-2.771630000E-6	7.421100000E+0	3.999953516E+4	3.961560000E+2
9.536820000E-7	-2.533210000E-6	7.409500000E+0	3.999953516E+4	3.982550000E+2
1.579530000E-6	-1.788150000E-6	7.399100000E+0	3.999953516E+4	3.999880000E+2
6.258520000E-7	-2.473610000E-6	7.388200000E+0	3.999953516E+4	4.026480000E+2
-1.788150000E-7	-3.427280000E-6	7.376900000E+0	3.999953516E+4	4.049450000E+2
-2.980250000E-7	-2.503410000E-6	7.366700000E+0	3.999953516E+4	4.072950000E+2
-2.086170000E-7	-3.278270000E-6	7.353100000E+0	3.999953516E+4	4.095620000E+2
-1.788150000E-7	-1.579530000E-6	7.342800000E+0	3.999953516E+4	4.114630000E+2
3.576300000E-7	-2.086180000E-6	7.331000000E+0	3.999953516E+4	4.142960000E+2
0.000000000E+0	-1.966970000E-6	7.320500000E+0	3.999953516E+4	4.165140000E+2
-5.960510000E-8	-2.533210000E-6	7.310000000E+0	3.999953516E+4	4.184980000E+2
8.940740000E-8	-2.145780000E-6	7.298500000E+0	3.999953516E+4	4.203710000E+2
-2.384200000E-7	-1.668940000E-6	7.287900000E+0	3.999953516E+4	4.226440000E+2
1.788150000E-7	-1.847750000E-6	7.277700000E+0	3.999953516E+4	4.247920000E+2
3.576300000E-7	-2.592820000E-6	7.266500000E+0	3.999953516E+4	4.269040000E+2
-1.192100000E-7	-1.370910000E-6	7.254100000E+0	3.999953516E+4	4.293520000E+2
-1.132500000E-6	-1.728540000E-6	7.243800000E+0	3.999953516E+4	4.311440000E+2
5.960500000E-7	-8.642710000E-7	7.233700000E+0	3.999953516E+4	4.335600000E+2
-8.046660000E-7	-5.662480000E-7	7.222700000E+0	3.999953516E+4	4.357630000E+2
-8.344690000E-7	-2.026570000E-6	7.212200000E+0	3.999953516E+4	4.378430000E+2
-1.251700000E-6	-1.877550000E-6	7.202100000E+0	3.999953516E+4	4.395960000E+2
2.980250000E-8	1.192100000E-7	7.189900000E+0	3.999953516E+4	4.419690000E+2
-1.162300000E-6	-6.258520000E-7	7.178600000E+0	3.999953516E+4	4.446540000E+2
-5.364450000E-7	-9.834840000E-7	7.167800000E+0	3.999953516E+4	4.462120000E+2
-8.940740000E-8	-6.258520000E-7	7.157000000E+0	3.999953516E+4	4.487970000E+2
-4.768410000E-7	-1.460320000E-6	7.145700000E+0	3.999953516E+4	4.512920000E+2
-2.086170000E-7	-1.043090000E-6	7.132700000E+0	3.999953516E+4	4.534730000E+2
0.000000000E+0	-1.192100000E-6	7.121700000E+0	3.999953516E+4	4.554210000E+2
3.874320000E-7	-5.066430000E-7	7.110000000E+0	3.999953516E+4	4.580690000E+2
8.642710000E-7	-8.344690000E-7	7.099100000E+0	3.999953516E+4	4.605070000E+2
2.384200000E-7	-8.940730000E-7	7.088300000E+0	3.999953516E+4	4.627580000E+2
-1.579530000E-6	-2.145780000E-6	7.078300000E+0	3.999953516E+4	4.643610000E+2
-1.639140000E-6	-1.043090000E-6	7.067700000E+0	3.999953516E+4	4.664740000E+2
0.000000000E+0	-1.758340000E-6	7.056000000E+0	3.999953516E+4	4.690390000E+2
1.490130000E-7	-1.609330000E-6	7.045300000E+0	3.999953516E+4	4.711950000E+2
-8.940730000E-7	-3.874320000E-7	7.034600000E+0	3.999953516E+4	4.735470000E+2
-3.576300000E-7	-1.132500000E-6	7.023000000E+0	3.999953516E+4	4.754340000E+2
2.086170000E-7	2.384200000E-7	7.011800000E+0	3.999953516E+4	4.778560000E+2
8.940740000E-8	-1.400720000E-6	7.001600000E+0	3.999953516E+4	4.800810000E+2
1.072890000E-6	-1.221900000E-6	6.991200000E+0	3.999953516E+4	4.821470000E+2
1.192100000E-7	-1.251700000E-6	6.980300000E+0	3.999953516E+4	4.839780000E+2
1.281510000E-6	-1.639140000E-6	6.967400000E+0	3.999953516E+4	4.867300000E+2
7.152590000E-7	-5.960500000E-7	6.955600000E+0	3.999953516E+4	4.888450000E+2
-4.768410000E-7	-8.940730000E-7	6.945100000E+0	3.999953516E+4	4.908870000E+2
5.066430000E-7	-1.490130000E-7	6.933800000E+0	3.999953516E+4	4.935860000E+2
8.940740000E-8	1.490130000E-7	6.922200000E+0	3.999953516E+4	4.959250000E+2
7.152590000E-7	7.748640000E-7	6.910100000E+0	3.999953516E+4	4.980830000E+2
-2.056370000E-6	-2.175580000E-6	6.898500000E+0	3.999953516E+4	5.006450000E+2
-1.281510000E-6	2.235190000E-6	6.886000000E+0	3.999953516E+4	5.031190000E+2
-6.258520000E-7	1.788150000E-7	6.873300000E+0	3.999953516E+4	5.052780000E+2
-8.046660000E-7	8.940730000E-7	6.863200000E+0	3.999953516E+4	5.077960000E+2
-6.854570000E-7	1.102690000E-6	6.852800000E+0	3.999953516E+4	5.098090000E+2
-1.460320000E-6	1.311310000E-6	6.842200000E+0	3.999953516E+4	5.116730000E+2
0.000000000E+0	-4.172340000E-7	6.830100000E+0	3.999953516E+4	5.141170000E+2
1.788150000E-7	-8.642710000E-7	6.817200000E+0	3.999953516E+4	5.165980000E+2
9.536820000E-7	-7.748640000E-7	6.805500000E+0	3.999953516E+4	5.191580000E+2
2.264990000E-6	-1.162300000E-6	6.793500000E+0	3.999953516E+4	5.216530000E+2
1.788150000E-6	-6.854570000E-7	6.782900000E+0	3.999953516E+4	5.240770000E+2
5.662480000E-7	-1.192100000E-7	6.770900000E+0	3.999953516E+4	5.260470000E+2
2.980250000E-8	0.000000000E+0	6.760600000E+0	3.999953516E+4	5.278200000E+2
5.066430000E-7	1.788150000E-7	6.746700000E+0	3.999953516E+4	5.306150000E+2
-3.874320000E-7	-2.682230000E-7	6.736600000E+0	3.999953516E+4	5.331630000E+2
6.258520000E-7	-1.370910000E-6	6.725800000E+0	3.999953516E+4	5.347570000E+2
1.460320000E-6	3.874320000E-7	6.715000000E+0	3.999953516E+4	5.374080000E+2
2.384200000E-7	1.013290000E-6	6.704100000E+0	3.999953516E+4	5.394210000E+2
1.758340000E-6	4.172340000E-7	6.693700000E+0	3.999953516E+4	5.417920000E+2
1.698740000E-6	-2.980250000E-8	6.681600000E+0	3.999953516E+4	5.440880000E+2
9.238760000E-7	-8.046660000E-7	6.668100000E+0	3.999953516E+4	5.462370000E+2
1.043090000E-6	-3.576300000E-7	6.656500000E+0	3.999953516E+4	5.491180000E+2
9.834840000E-7	-2.980250000E-8	6.645800000E+0	3.999953516E+4	5.512380000E+2
5.066430000E-7	-1.102690000E-6	6.633500000E+0	3.999953516E+4	5.533980000E+2
9.238760000E-7	2.086170000E-7	6.622000000E+0	3.999953516E+4	5.559200000E+2
9.238760000E-7	-1.341110000E-6	6.610200000E+0	3.999953516E+4	5.579330000E+2
-3.576300000E-7	-1.490130000E-7	6.598300000E+0	3.999953516E+4	5.605740000E+2
1.013290000E-6	-6.854570000E-7	6.587500000E+0	3.999953516E+4	5.630770000E+2
8.940730000E-7	-1.579530000E-6	6.577000000E+0	3.999953516E+4	5.647030000E+2
2.086170000E-7	-3.874320000E-7	6.566900000E+0	3.999953516E+4	5.664520000E+2
5.364450000E-7	-2.682230000E-7	6.555700000E+0	3.999953516E+4	5.690420000E+2
-1.102690000E-6	-1.192100000E-6	6.544100000E+0	3.999953516E+4	5.715440000E+2
-5.364450000E-7	1.728540000E-6	6.533500000E+0	3.999953516E+4	5.736760000E+2
-5.960510000E-8	-1.192100000E-7	6.521900000E+0	3.999953516E+4	5.752860000E+2
-6.854570000E-7	1.579530000E-6	6.509600000E+0	3.999953516E+4	5.783290000E+2
2.980250000E-8	1.072890000E-6	6.497600000E+0	3.999953516E+4	5.805270000E+2
5.960510000E-8	2.175580000E-6	6.487500000E+0	3.999953516E+4	5.828700000E+2
7.748640000E-7	-1.192100000E-7	6.476600000E+0	3.999953516E+4	5.851330000E+2
-2.086170000E-7	5.066430000E-7	6.466400000E+0	3.999953516E+4	5.867080000E+2
8.642710000E-7	4.768410000E-7	6.455400000E+0	3.999953516E+4	5.889620000E+2
7.748640000E-7	-5.960510000E-8	6.443700000E+0	3.999953516E+4	5.913930000E+2
4.768410000E-7	0.000000000E+0	6.432500000E+0	3.999953516E+4	5.939330000E+2
9.238760000E-7	-3.576300000E-7	6.420600000E+0	3.999953516E+4	5.960810000E+2
2.980250000E-8	-1.072890000E-6	6.408300000E+0	3.999953516E+4	5.982250000E+2
1.043090000E-6	-1.013290000E-6	6.395500000E+0	3.999953516E+4	6.011210000E+2
-2.682230000E-7	2.682230000E-7	6.385300000E+0	3.999953516E+4	6.033500000E+2
-4.768410000E-7	9.536820000E-7	6.373500000E+0	3.999953516E+4	6.052640000E+2
-2.086170000E-7	2.056370000E-6	6.361800000E+0	3.999953516E+4	6.079340000E+2
-4.172340000E-7	-2.682230000E-7	6.351300000E+0	3.999953516E+4	6.095300000E+2
-1.013290000E-6	1.341110000E-6	6.339900000E+0	3.999953516E+4	6.124720000E+2
-7.748640000E-7	5.364450000E-7	6.327700000E+0	3.999953516E+4	6.145810000E+2
-1.579530000E-6	9.834840000E-7	6.314800000E+0	3.999953516E+4	6.167010000E+2
-6.854570000E-7	-5.066430000E-7	6.304100000E+0	3.999953516E+4	6.196100000E+2
-1.430520000E-6	4.470370000E-7	6.293300000E+0	3.999953516E+4	6.214090000E+2
2.384200000E-7	-2.980250000E-8	6.283000000E+0	3.999953516E+4	6.239670000E+2
1.490130000E-7	-2.235190000E-6	6.272300000E+0	3.999953516E+4	6.256320000E+2
5.960510000E-8	-5.960510000E-8	6.261600000E+0	3.999953516E+4	6.279180000E+2
-5.960510000E-8	-1.311310000E-6	6.250100000E+0	3.999953516E+4	6.301930000E+2
-4.470370000E-7	-1.519930000E-6	6.238800000E+0	3.999953516E+4	6.324410000E+2
-1.192100000E-7	1.192100000E-7	6.226700000E+0	3.999953516E+4	6.348590000E+2
1.013290000E-6	-2.384200000E-7	6.214400000E+0	3.999953516E+4	6.371660000E+2
9.536820000E-7	-1.490120000E-6	6.202800000E+0	3.999953516E+4	6.395050000E+2
1.788150000E-7	3.278270000E-7	6.192700000E+0	3.999953516E+4	6.416930000E+2
-1.251700000E-6	-1.043090000E-6	6.181300000E+0	3.999953516E+4	6.442390000E+2
-2.086170000E-7	5.662480000E-7	6.170800000E+0	3.999953516E+4	6.459090000E+2
-1.221900000E-6	-5.662480000E-7	6.158900000E+0	3.999953516E+4	6.480780000E+2
-1.072890000E-6	-1.162300000E-6	6.148300000E+0	3.999953516E+4	6.510000000E+2
-8.940740000E-8	-1.281510000E-6	6.137200000E+0	3.999953516E+4	6.525870000E+2
-1.251700000E-6	3.874320000E-7	6.125300000E+0	3.999953516E+4	6.552840000E+2
-2.682230000E-7	4.172340000E-7	6.113500000E+0	3.999953516E+4	6.574390000E+2
-5.960500000E-7	-5.066430000E-7	6.102100000E+0	3.999953516E+4	6.599050000E+2
2.980250000E-7	-1.192100000E-6	6.089400000E+0	3.999953516E+4	6.624500000E+2
0.000000000E+0	-1.341110000E-6	6.078600000E+0	3.999953516E+4	6.640420000E+2
-2.682230000E-7	1.192100000E-7	6.066500000E+0	3.999953516E+4	6.671520000E+2
6.556550000E-7	5.960500000E-7	6.054700000E+0	3.999953516E+4	6.695090000E+2
1.788150000E-7	-3.874320000E-7	6.044400000E+0	3.999953516E+4	6.708410000E+2
-2.682230000E-7	-6.258520000E-7	6.033400000E+0	3.999953516E+4	6.737570000E+2
1.788150000E-7	8.642710000E-7	6.020900000E+0	3.999953516E+4	6.755840000E+2
-1.192100000E-7	1.490130000E-7	6.008300000E+0	3.999953516E+4	6.785610000E+2
5.364450000E-7	1.430520000E-6	5.997700000E+0	3.999953516E+4	6.810810000E+2
5.960510000E-8	-2.682230000E-7	5.987000000E+0	3.999953516E+4	6.827000000E+2
-9.834840000E-7	8.940740000E-8	5.976900000E+0	3.999953516E+4	6.844200000E+2
5.066430000E-7	-1.609330000E-6	5.965500000E+0	3.999953516E+4	6.874150000E+2
2.086170000E-7	-1.490120000E-6	5.955100000E+0	3.999953516E+4	6.894990000E+2
6.258520000E-7	-1.013290000E-6	5.942500000E+0	3.999953516E+4	6.912720000E+2
1.549730000E-6	-1.788150000E-7	5.931000000E+0	3.999953516E+4	6.936350000E+2
-1.192100000E-6	-1.907360000E-6	5.918800000E+0	3.999953516E+4	6.962900000E+2
7.748640000E-7	-1.788150000E-7	5.906700000E+0	3.999953516E+4	6.992350000E+2
-1.043090000E-6	5.066430000E-7	5.895200000E+0	3.999953516E+4	7.010400000E+2
-2.384200000E-7	-8.940740000E-8	5.883700000E+0	3.999953516E+4	7.030970000E+2
-5.960500000E-7	8.344690000E-7	5.872600000E+0	3.999953516E+4	7.056400000E+2
-3.874320000E-7	2.384200000E-7	5.860200000E+0	3.999953516E+4	7.077850000E+2
8.642710000E-7	-3.874320000E-7	5.847800000E+0	3.999953516E+4	7.106250000E+2
-8.940730000E-7	-1.579530000E-6	5.837100000E+0	3.999953516E+4	7.124350000E+2
-6.854570000E-7	-2.086170000E-7	5.826700000E+0	3.999953516E+4	7.151460000E+2
-6.258520000E-7	7.152590000E-7	5.816100000E+0	3.999953516E+4	7.171310000E+2
6.258520000E-7	-5.364450000E-7	5.805200000E+0	3.999953516E+4	7.190820000E+2
4.768410000E-7	-1.937170000E-6	5.794700000E+0	3.999953516E+4	7.208300000E+2
9.238760000E-7	-1.877550000E-6	5.784400000E+0	3.999953516E+4	7.236360000E+2
-5.066430000E-7	8.344690000E-7	5.773700000E+0	3.999953516E+4	7.254920000E+2
2.980250000E-7	-4.172340000E-7	5.763600000E+0	3.999953516E+4	7.277670000E+2
5.364450000E-7	-8.344690000E-7	5.752000000E+0	3.999953516E+4	7.295520000E+2
7.748640000E-7	1.490130000E-7	5.741000000E+0	3.999953516E+4	7.319730000E+2
1.281510000E-6	8.940740000E-8	5.729800000E+0	3.999953516E+4	7.342840000E+2
2.682230000E-7	-2.682230000E-7	5.719600000E+0	3.999953516E+4	7.363230000E+2
-1.370910000E-6	1.281510000E-6	5.708400000E+0	3.999953516E+4	7.386270000E+2
-3.278270000E-7	1.162300000E-6	5.697700000E+0	3.999953516E+4	7.406270000E+2
-1.102690000E-6	4.768410000E-7	5.687000000E+0	3.999953516E+4	7.429590000E+2
5.066430000E-7	-6.258520000E-7	5.674400000E+0	3.999953516E+4	7.449850000E+2
-1.251700000E-6	-6.258520000E-7	5.663100000E+0	3.999953516E+4	7.475210000E+2
2.682230000E-7	-1.221900000E-6	5.651600000E+0	3.999953516E+4	7.497960000E+2
1.132500000E-6	-1.460320000E-6	5.641000000E+0	3.999953516E+4	7.518030000E+2
-4.768410000E-7	-1.460320000E-6	5.629600000E+0	3.999953516E+4	7.545850000E+2
1.490130000E-7	-2.503410000E-6	5.619300000E+0	3.999953516E+4	7.566750000E+2
-1.192100000E-7	-3.069650000E-6	5.608100000E+0	3.999953516E+4	7.584340000E+2
-5.960510000E-8	-3.486890000E-6	5.594600000E+0	3.999953516E+4	7.608610000E+2
-1.728540000E-6	-3.844530000E-6	5.582800000E+0	3.999953516E+4	7.639780000E+2
-2.503410000E-6	-2.443800000E-6	5.572700000E+0	3.999953516E+4	7.652980000E+2
-1.341110000E-6	-4.678990000E-6	5.559800000E+0	3.999953516E+4	7.681930000E+2
-9.834840000E-7	-6.437330000E-6	5.546700000E+0	3.999953516E+4	7.710470000E+2
-1.460320000E-6	-6.586340000E-6	5.536300000E+0	3.999953516E+4	7.724660000E+2
-3.010050000E-6	-8.195700000E-6	5.523100000E+0	3.999953516E+4	7.759460000E+2
-3.874330000E-6	-6.616140000E-6	5.510700000E+0	3.999953516E+4	7.781990000E+2
-2.503410000E-6	-9.834820000E-6	5.497100000E+0	3.999953516E+4	7.801870000E+2
-5.036620000E-6	-9.834820000E-6	5.484600000E+0	3.999953516E+4	7.832280000E+2
-5.900890000E-6	-1.040110000E-5	5.473400000E+0	3.999953516E+4	7.860060000E+2
-6.407530000E-6	-1.123550000E-5	5.461000000E+0	3.999953516E+4	7.879250000E+2
-7.718860000E-6	-1.221900000E-5	5.450300000E+0	3.999953516E+4	7.897750000E+2
-1.066930000E-5	-1.204020000E-5	5.438900000E+0	3.999953516E+4	7.921940000E+2
-1.198060000E-5	-1.284490000E-5	5.428100000E+0	3.999953516E+4	7.946040000E+2
-1.138450000E-5	-1.481180000E-5	5.416700000E+0	3.999953516E+4	7.969850000E+2
-1.209980000E-5	-1.522900000E-5	5.406300000E+0	3.999953516E+4	7.991780000E+2
-1.540790000E-5	-1.364950000E-5	5.395000000E+0	3.999953516E+4	8.010010000E+2
-1.600400000E-5	-1.618280000E-5	5.382300000E+0	3.999953516E+4	8.038800000E+2
-1.704700000E-5	-1.698740000E-5	5.372100000E+0	3.999953516E+4	8.061660000E+2
-1.925240000E-5	-1.630200000E-5	5.361300000E+0	3.999953516E+4	8.077200000E+2
-2.285850000E-5	-1.680860000E-5	5.350200000E+0	3.999953516E+4	8.105010000E+2
-2.235190000E-5	-1.716630000E-5	5.339600000E+0	3.999953516E+4	8.124600000E+2
-2.470620000E-5	-1.838810000E-5	5.327400000E+0	3.999953516E+4	8.146100000E+2
-2.536190000E-5	-2.029550000E-5	5.314900000E+0	3.999953516E+4	8.172570000E+2
-2.804410000E-5	-2.130880000E-5	5.302700000E+0	3.999953516E+4	8.193180000E+2
-2.971300000E-5	-2.074250000E-5	5.292300000E+0	3.999953516E+4	8.219460000E+2
-3.376630000E-5	-1.969950000E-5	5.278800000E+0	3.999953516E+4	8.244880000E+2
-3.400470000E-5	-2.145780000E-5	5.266600000E+0	3.999953516E+4	8.265960000E+2
-3.564380000E-5	-2.160680000E-5	5.255300000E+0	3.999953516E+4	8.292990000E+2
-3.764060000E-5	-2.047430000E-5	5.244700000E+0	3.999953516E+4	8.313960000E+2
-3.966710000E-5	-2.115980000E-5	5.233200000E+0	3.999953516E+4	8.335350000E+2
-4.342220000E-5	-2.074250000E-5	5.221400000E+0	3.999953516E+4	8.361070000E+2
-4.547860000E-5	-1.841800000E-5	5.210100000E+0	3.999953516E+4	8.383380000E+2
-4.455470000E-5	-2.199420000E-5	5.199800000E+0	3.999953516E+4	8.398030000E+2
-4.732630000E-5	-2.044450000E-5	5.187300000E+0	3.999953516E+4	8.428850000E+2
-4.878660000E-5	-1.999750000E-5	5.176400000E+0	3.999953516E+4	8.446580000E+2
-5.343580000E-5	-1.776230000E-5	5.164500000E+0	3.999953516E+4	8.475400000E+2
-5.453850000E-5	-1.841800000E-5	5.151700000E+0	3.999953516E+4	8.498250000E+2
-5.567100000E-5	-1.740470000E-5	5.140000000E+0	3.999953516E+4	8.518100000E+2
-5.689290000E-5	-1.725570000E-5	5.126600000E+0	3.999953516E+4	8.547520000E+2
-5.793590000E-5	-1.752390000E-5	5.114600000E+0	3.999953516E+4	8.575690000E+2
-5.969430000E-5	-1.642120000E-5	5.101500000E+0	3.999953516E+4	8.596770000E+2
-6.443310000E-5	-1.382830000E-5	5.090100000E+0	3.999953516E+4	8.625200000E+2
-6.425430000E-5	-1.481180000E-5	5.078200000E+0	3.999953516E+4	8.644290000E+2
-6.607220000E-5	-1.382830000E-5	5.064700000E+0	3.999953516E+4	8.673200000E+2
-6.750270000E-5	-1.341110000E-5	5.054100000E+0	3.999953516E+4	8.694570000E+2
-6.780070000E-5	-1.248720000E-5	5.042200000E+0	3.999953516E+4	8.720930000E+2
-6.929090000E-5	-1.159320000E-5	5.030600000E+0	3.999953516E+4	8.736740000E+2
-7.188370000E-5	-9.089770000E-6	5.017900000E+0	3.999953516E+4	8.763580000E+2
-7.394000000E-5	-9.059960000E-6	5.006300000E+0	3.999953516E+4	8.787500000E+2
-7.513210000E-5	-6.884370000E-6	4.995100000E+0	3.999953516E+4	8.814390000E+2
-7.531090000E-5	-6.854560000E-6	4.984000000E+0	3.999953516E+4	8.835630000E+2
-7.832100000E-5	-6.735350000E-6	4.971600000E+0	3.999953516E+4	8.855700000E+2
-7.680110000E-5	-6.943970000E-6	4.960900000E+0	3.999953516E+4	8.879440000E+2
-7.918520000E-5	-6.616140000E-6	4.950200000E+0	3.999953516E+4	8.903960000E+2
-7.808260000E-5	-7.391010000E-6	4.939800000E+0	3.999953516E+4	8.922670000E+2
-7.921500000E-5	-5.573060000E-6	4.928800000E+0	3.999953516E+4	8.942110000E+2
-8.204630000E-5	-5.304840000E-6	4.918300000E+0	3.999953516E+4	8.967290000E+2
-8.082440000E-5	-5.245240000E-6	4.906800000E+0	3.999953516E+4	8.990740000E+2
-8.186740000E-5	-4.649190000E-6	4.896100000E+0	3.999953516E+4	9.006040000E+2
-8.401320000E-5	-3.665700000E-6	4.884300000E+0	3.999953516E+4	9.034170000E+2
-8.449000000E-5	-2.294790000E-6	4.870700000E+0	3.999953516E+4	9.058140000E+2
-8.332780000E-5	-4.351170000E-6	4.858000000E+0	3.999953516E+4	9.087380000E+2
-8.609940000E-5	-2.324600000E-6	4.847200000E+0	3.999953516E+4	9.106120000E+2
-8.624840000E-5	-1.579530000E-6	4.835400000E+0	3.999953516E+4	9.131450000E+2
-8.699340000E-5	-1.400720000E-6	4.824500000E+0	3.999953516E+4	9.150650000E+2
-8.708290000E-5	-2.205390000E-6	4.812000000E+0	3.999953516E+4	9.179830000E+2
-8.794710000E-5	-2.056370000E-6	4.801400000E+0	3.999953516E+4	9.200250000E+2
-9.122540000E-5	-4.172340000E-7	4.786500000E+0	3.999953516E+4	9.227570000E+2
-9.033130000E-5	-2.086180000E-6	4.774800000E+0	3.999953516E+4	9.247820000E+2
-9.173200000E-5	1.370910000E-6	4.763000000E+0	3.999953516E+4	9.276910000E+2
-9.292410000E-5	1.341110000E-6	4.751400000E+0	3.999953516E+4	9.299640000E+2
-9.232810000E-5	-1.162300000E-6	4.739400000E+0	3.999953516E+4	9.319970000E+2
-9.265590000E-5	7.748640000E-7	4.726900000E+0	3.999953516E+4	9.349660000E+2
-9.366920000E-5	2.086170000E-7	4.716500000E+0	3.999953516E+4	9.371490000E+2
-9.444400000E-5	2.473610000E-6	4.705900000E+0	3.999953516E+4	9.387390000E+2
-9.465260000E-5	2.771630000E-6	4.694900000E+0	3.999953516E+4	9.416890000E+2
-9.355000000E-5	2.980250000E-8	4.682600000E+0	3.999953516E+4	9.440120000E+2
-9.563610000E-5	1.072890000E-6	4.670200000E+0	3.999953516E+4	9.455390000E+2
-9.572550000E-5	1.281510000E-6	4.658600000E+0	3.999953516E+4	9.483550000E+2
-9.638120000E-5	3.278270000E-6	4.647500000E+0	3.999953516E+4	9.507430000E+2
-9.718580000E-5	2.473610000E-6	4.634300000E+0	3.999953516E+4	9.533150000E+2
-9.626200000E-5	1.549730000E-6	4.621600000E+0	3.999953516E+4	9.556120000E+2
-9.542750000E-5	5.662480000E-7	4.610400000E+0	3.999953516E+4	9.580820000E+2
-9.894420000E-5	4.559780000E-6	4.599600000E+0	3.999953516E+4	9.604750000E+2
-1.004040000E-4	4.708800000E-6	4.587600000E+0	3.999953516E+4	9.623470000E+2
-9.700700000E-5	1.758340000E-6	4.577200000E+0	3.999953516E+4	9.649170000E+2
-9.855670000E-5	3.397480000E-6	4.566800000E+0	3.999953516E+4	9.674310000E+2
-9.897400000E-5	4.261760000E-6	4.555600000E+0	3.999953516E+4	9.691760000E+2
-1.013280000E-4	4.917410000E-6	4.544600000E+0	3.999953516E+4	9.711520000E+2
-9.983820000E-5	3.486890000E-6	4.534400000E+0	3.999953516E+4	9.736040000E+2
-9.974880000E-5	3.784910000E-6	4.523100000E+0	3.999953516E+4	9.754930000E+2
-1.002550000E-4	3.010050000E-6	4.513000000E+0	3.999953516E+4	9.779380000E+2
-1.006130000E-4	3.516690000E-6	4.502000000E+0	3.999953516E+4	9.798240000E+2
-1.015970000E-4	5.275040000E-6	4.491600000E+0	3.999953516E+4	9.820160000E+2
-1.012990000E-4	4.321370000E-6	4.477800000E+0	3.999953516E+4	9.846200000E+2
-1.024910000E-4	6.616140000E-6	4.467700000E+0	3.999953516E+4	9.866690000E+2
-1.021930000E-4	4.768400000E-6	4.456700000E+0	3.999953516E+4	9.890220000E+2
-1.024310000E-4	4.887610000E-6	4.445600000E+0	3.999953516E+4	9.908830000E+2
-1.028480000E-4	5.930690000E-6	4.435500000E+0	3.999953516E+4	9.929190000E+2
-1.023710000E-4	5.841280000E-6	4.422700000E+0	3.999953516E+4	9.957180000E+2
-1.020730000E-4	5.364450000E-6	4.410500000E+0	3.999953516E+4	9.976900000E+2
-1.046960000E-4	7.063180000E-6	4.398700000E+0	3.999953516E+4	1.000677000E+3
-1.023120000E-4	5.066420000E-6	4.388600000E+0	3.999953516E+4	1.002098000E+3
-1.037130000E-4	5.781680000E-6	4.375000000E+0	3.999953516E+4	1.005030000E+3
-1.031460000E-4	6.675750000E-6	4.363200000E+0	3.999953516E+4	1.007094000E+3
-1.022820000E-4	3.755110000E-6	4.352700000E+0	3.999953516E+4	1.010126000E+3
-1.049340000E-4	5.483660000E-6	4.340800000E+0	3.999953516E+4	1.011816000E+3
-1.030270000E-4	4.857810000E-6	4.326700000E+0	3.999953516E+4	1.014757000E+3
-1.038910000E-4	4.857810000E-6	4.316400000E+0	3.999953516E+4	1.017295000E+3
-1.056800000E-4	7.420810000E-6	4.301900000E+0	3.999953516E+4	1.019623000E+3
-1.056500000E-4	5.662470000E-6	4.289400000E+0	3.999953516E+4	1.022041000E+3
-1.064540000E-4	6.169110000E-6	4.276400000E+0	3.999953516E+4	1.024893000E+3
-1.053220000E-4	7.420810000E-6	4.265500000E+0	3.999953516E+4	1.027066000E+3
-1.071400000E-4	7.569820000E-6	4.253700000E+0	3.999953516E+4	1.029695000E+3
-1.068120000E-4	4.559780000E-6	4.243000000E+0	3.999953516E+4	1.031373000E+3
-1.068120000E-4	7.659260000E-6	4.230400000E+0	3.999953516E+4	1.034075000E+3
-1.076460000E-4	6.407530000E-6	4.218600000E+0	3.999953516E+4	1.036523000E+3
-1.061560000E-4	6.377730000E-6	4.207100000E+0	3.999953516E+4	1.038881000E+3
-1.057990000E-4	5.453850000E-6	4.193800000E+0	3.999953516E+4	1.041593000E+3
-1.058580000E-4	6.109510000E-6	4.182700000E+0	3.999953516E+4	1.043309000E+3
-1.066330000E-4	5.841280000E-6	4.172100000E+0	3.999953516E+4	1.046209000E+3
-1.064840000E-4	7.241990000E-6	4.159100000E+0	3.999953516E+4	1.048331000E+3
-1.073480000E-4	6.705550000E-6	4.148200000E+0	3.999953516E+4	1.050530000E+3
-1.059480000E-4	5.185630000E-6	4.137800000E+0	3.999953516E+4	1.053025000E+3
-1.083920000E-4	7.629450000E-6	4.125800000E+0	3.999953516E+4	1.054879000E+3
-1.082430000E-4	7.420810000E-6	4.114600000E+0	3.999953516E+4	1.057363000E+3
-1.071100000E-4	6.526740000E-6	4.101500000E+0	3.999953516E+4	1.059833000E+3
-1.077660000E-4	6.914170000E-6	4.090300000E+0	3.999953516E+4	1.061965000E+3
-1.066330000E-4	6.496940000E-6	4.079000000E+0	3.999953516E+4	1.064670000E+3
-1.101800000E-4	9.566600000E-6	4.064600000E+0	3.999953516E+4	1.066649000E+3
-1.074380000E-4	8.046690000E-6	4.053600000E+0	3.999953516E+4	1.069731000E+3
-1.086600000E-4	7.361200000E-6	4.042900000E+0	3.999953516E+4	1.071788000E+3
-1.068720000E-4	7.361200000E-6	4.032000000E+0	3.999953516E+4	1.073438000E+3
-1.062460000E-4	7.003570000E-6	4.020300000E+0	3.999953516E+4	1.076525000E+3
-1.071700000E-4	7.510210000E-6	4.007000000E+0	3.999953516E+4	1.078670000E+3
-1.074380000E-4	8.791740000E-6	3.993800000E+0	3.999953516E+4	1.081550000E+3
-1.067230000E-4	6.347920000E-6	3.982100000E+0	3.999953516E+4	1.084121000E+3
-1.094640000E-4	9.030160000E-6	3.971000000E+0	3.999953516E+4	1.085397000E+3
-1.065140000E-4	7.271800000E-6	3.958700000E+0	3.999953516E+4	1.088378000E+3
-1.076760000E-4	8.761940000E-6	3.948400000E+0	3.999953516E+4	1.090351000E+3
-1.078550000E-4	7.748660000E-6	3.937500000E+0	3.999953516E+4	1.093141000E+3
-1.089880000E-4	7.540020000E-6	3.925800000E+0	3.999953516E+4	1.094784000E+3
-1.079150000E-4	9.328190000E-6	3.915000000E+0	3.999953516E+4	1.097214000E+3
-1.079440000E-4	8.106290000E-6	3.905000000E+0	3.999953516E+4	1.099610000E+3
-1.097920000E-4	9.059960000E-6	3.892700000E+0	3.999953516E+4	1.101616000E+3
-1.100010000E-4	8.851350000E-6	3.881700000E+0	3.999953516E+4	1.103958000E+3
-1.079740000E-4	7.987080000E-6	3.868900000E+0	3.999953516E+4	1.105845000E+3
-1.105970000E-4	1.016270000E-5	3.857700000E+0	3.999953516E+4	1.108726000E+3
-1.100600000E-4	8.195700000E-6	3.843300000E+0	3.999953516E+4	1.111363000E+3
-1.108950000E-4	1.028190000E-5	3.833100000E+0	3.999953516E+4	1.113868000E+3
-1.101200000E-4	9.000360000E-6	3.822500000E+0	3.999953516E+4	1.115519000E+3
-1.092860000E-4	7.808270000E-6	3.811400000E+0	3.999953516E+4	1.118152000E+3
-1.119080000E-4	9.179170000E-6	3.800200000E+0	3.999953516E+4	1.120610000E+3
-1.116100000E-4	9.834820000E-6	3.788300000E+0	3.999953516E+4	1.122380000E+3
-1.132790000E-4	1.090770000E-5	3.777000000E+0	3.999953516E+4	1.124868000E+3
-1.113720000E-4	8.195700000E-6	3.765900000E+0	3.999953516E+4	1.126730000E+3
-1.115210000E-4	1.099710000E-5	3.755800000E+0	3.999953516E+4	1.129157000E+3
-1.122960000E-4	1.075870000E-5	3.742200000E+0	3.999953516E+4	1.131661000E+3
-1.104780000E-4	8.642730000E-6	3.731500000E+0	3.999953516E+4	1.133610000E+3
-1.121470000E-4	1.072890000E-5	3.721000000E+0	3.999953516E+4	1.136024000E+3
-1.110140000E-4	9.238780000E-6	3.709100000E+0	3.999953516E+4	1.138445000E+3
-1.114020000E-4	1.037130000E-5	3.697100000E+0	3.999953516E+4	1.140978000E+3
-1.110740000E-4	9.179170000E-6	3.686000000E+0	3.999953516E+4	1.142771000E+3
-1.110140000E-4	1.072890000E-5	3.673700000E+0	3.999953516E+4	1.145754000E+3
-1.107160000E-4	7.748660000E-6	3.662000000E+0	3.999953516E+4	1.147802000E+3
-1.118490000E-4	9.507000000E-6	3.649100000E+0	3.999953516E+4	1.150527000E+3
-1.113420000E-4	8.165890000E-6	3.636800000E+0	3.999953516E+4	1.152518000E+3
-1.099410000E-4	7.450610000E-6	3.625600000E+0	3.999953516E+4	1.155450000E+3
-1.106860000E-4	7.987080000E-6	3.613700000E+0	3.999953516E+4	1.157605000E+3
-1.117290000E-4	9.477200000E-6	3.601800000E+0	3.999953516E+4	1.160133000E+3
-1.119380000E-4	9.775220000E-6	3.590300000E+0	3.999953516E+4	1.162196000E+3
-1.124450000E-4	1.084810000E-5	3.580100000E+0	3.999953516E+4	1.164751000E+3
-1.127130000E-4	1.019250000E-5	3.567600000E+0	3.999953516E+4	1.166896000E+3
-1.102390000E-4	9.715620000E-6	3.554400000E+0	3.999953516E+4	1.170098000E+3
-1.104480000E-4	9.119570000E-6	3.536300000E+0	3.999953516E+4	1.173249000E+3
-1.104480000E-4	8.940750000E-6	3.526100000E+0	3.999953516E+4	1.176509000E+3
-1.113120000E-4	8.076490000E-6	3.511300000E+0	3.999953516E+4	1.178605000E+3
-1.106270000E-4	7.361200000E-6	3.493500000E+0	3.999953516E+4	1.182966000E+3
-1.132190000E-4	9.894430000E-6	3.476700000E+0	3.999953516E+4	1.186100000E+3
-1.119080000E-4	8.255300000E-6	3.464200000E+0	3.999953516E+4	1.189301000E+3
-1.111330000E-4	9.656010000E-6	3.450100000E+0	3.999953516E+4	1.191454000E+3
-1.125340000E-4	9.447390000E-6	3.434500000E+0	3.999953516E+4	1.195725000E+3
-1.110140000E-4	8.642730000E-6	3.421900000E+0	3.999953516E+4	1.197838000E+3
-1.118490000E-4	8.553320000E-6	3.410100000E+0	3.999953516E+4	1.200494000E+3
-1.138160000E-4	1.010300000E-5	3.398600000E+0	3.999953516E+4	1.203301000E+3
-1.129810000E-4	1.010300000E-5	3.384000000E+0	3.999953516E+4	1.205867000E+3
-1.131300000E-4	9.894430000E-6	3.371200000E+0	3.999953516E+4	1.208993000E+3
-1.133690000E-4	8.255300000E-6	3.358100000E+0	3.999953516E+4	1.211171000E+3
-1.120270000E-4	9.030160000E-6	3.345900000E+0	3.999953516E+4	1.214259000E+3
-1.130700000E-4	1.060970000E-5	3.334200000E+0	3.999953516E+4	1.216351000E+3
-1.129510000E-4	1.102690000E-5	3.320500000E+0	3.999953516E+4	1.219538000E+3
-1.121470000E-4	1.087790000E-5	3.308400000E+0	3.999953516E+4	1.221669000E+3
-1.122360000E-4	7.778460000E-6	3.297500000E+0	3.999953516E+4	1.224227000E+3
-1.124450000E-4	1.084810000E-5	3.284300000E+0	3.999953516E+4	1.227416000E+3
-1.126830000E-4	9.596410000E-6	3.271900000E+0	3.999953516E+4	1.229588000E+3
-1.145310000E-4	1.132490000E-5	3.259900000E+0	3.999953516E+4	1.232740000E+3
-1.136370000E-4	1.093750000E-5	3.246800000E+0	3.999953516E+4	1.234867000E+3
-1.145900000E-4	1.069910000E-5	3.236700000E+0	3.999953516E+4	1.237038000E+3
-1.126230000E-4	9.626210000E-6	3.222400000E+0	3.999953516E+4	1.240193000E+3
-1.135470000E-4	9.089770000E-6	3.211500000E+0	3.999953516E+4	1.242202000E+3
-1.128620000E-4	9.387790000E-6	3.195200000E+0	3.999953516E+4	1.245851000E+3
-1.132490000E-4	1.049050000E-5	3.184400000E+0	3.999953516E+4	1.248048000E+3
-1.133980000E-4	9.507000000E-6	3.168900000E+0	3.999953516E+4	1.251684000E+3
-1.140240000E-4	1.043090000E-5	3.156900000E+0	3.999953516E+4	1.253862000E+3
-1.138160000E-4	1.010300000E-5	3.143600000E+0	3.999953516E+4	1.256918000E+3
-1.143220000E-4	1.019250000E-5	3.133200000E+0	3.999953516E+4	1.259055000E+3
-1.139050000E-4	1.060970000E-5	3.118200000E+0	3.999953516E+4	1.262101000E+3
-1.143520000E-4	1.084810000E-5	3.105500000E+0	3.999953516E+4	1.265315000E+3
-1.143520000E-4	1.057990000E-5	3.093300000E+0	3.999953516E+4	1.267395000E+3
-1.137560000E-4	9.775220000E-6	3.082900000E+0	3.999953516E+4	1.270204000E+3
-1.139050000E-4	1.040110000E-5	3.067600000E+0	3.999953516E+4	1.272767000E+3
-1.139050000E-4	8.672530000E-6	3.054700000E+0	3.999953516E+4	1.275930000E+3
-1.151860000E-4	1.010300000E-5	3.043300000E+0	3.999953516E+4	1.278099000E+3
-1.157530000E-4	9.894430000E-6	3.028800000E+0	3.999953516E+4	1.281290000E+3
-1.155140000E-4	1.013280000E-5	3.016900000E+0	3.999953516E+4	1.283399000E+3
-1.127720000E-4	9.745420000E-6	3.006400000E+0	3.999953516E+4	1.285936000E+3
-1.155140000E-4	1.031170000E-5	2.995700000E+0	3.999953516E+4	1.288106000E+3
-1.134580000E-4	1.078850000E-5	2.984500000E+0	3.999953516E+4	1.290736000E+3
-1.150080000E-4	1.057990000E-5	2.972700000E+0	3.999953516E+4	1.292882000E+3
-1.140840000E-4	9.656010000E-6	2.962100000E+0	3.999953516E+4	1.295397000E+3
-1.142030000E-4	1.087790000E-5	2.950300000E+0	3.999953516E+4	1.297556000E+3
-1.135470000E-4	9.834820000E-6	2.932400000E+0	3.999953516E+4	1.301291000E+3
-1.132790000E-4	9.626210000E-6	2.919500000E+0	3.999953516E+4	1.304465000E+3
-1.135180000E-4	8.821550000E-6	2.906800000E+0	3.999953516E+4	1.306589000E+3
-1.142330000E-4	1.031170000E-5	2.894100000E+0	3.999953516E+4	1.309830000E+3
-1.139940000E-4	1.001360000E-5	2.882200000E+0	3.999953516E+4	1.312013000E+3
-1.128320000E-4	9.030160000E-6	2.868900000E+0	3.999953516E+4	1.315069000E+3
-1.135470000E-4	1.031170000E-5	2.857400000E+0	3.999953516E+4	1.317161000E+3
-1.135180000E-4	1.087790000E-5	2.840400000E+0	3.999953516E+4	1.320322000E+3
-1.128320000E-4	9.387790000E-6	2.828200000E+0	3.999953516E+4	1.323522000E+3
-1.136070000E-4	1.043090000E-5	2.816600000E+0	3.999953516E+4	1.325693000E+3
-1.138160000E-4	1.010300000E-5	2.804000000E+0	3.999953516E+4	1.328848000E+3
-1.161400000E-4	1.004340000E-5	2.791100000E+0	3.999953516E+4	1.330989000E+3
-1.139650000E-4	9.775220000E-6	2.777800000E+0	3.999953516E+4	1.334062000E+3
-1.153950000E-4	9.805020000E-6	2.766500000E+0	3.999953516E+4	1.336317000E+3
-1.147690000E-4	9.357990000E-6	2.750300000E+0	3.999953516E+4	1.339399000E+3
-1.144120000E-4	9.805020000E-6	2.739100000E+0	3.999953516E+4	1.342604000E+3
-1.143220000E-4	8.642730000E-6	2.725100000E+0	3.999953516E+4	1.344725000E+3
-1.145310000E-4	9.268580000E-6	2.709700000E+0	3.999953516E+4	1.348331000E+3
-1.150670000E-4	1.001360000E-5	2.698500000E+0	3.999953516E+4	1.350503000E+3
-1.135470000E-4	9.596410000E-6	2.686500000E+0	3.999953516E+4	1.353724000E+3
-1.135180000E-4	1.004340000E-5	2.672100000E+0	3.999953516E+4	1.355772000E+3
-1.137560000E-4	9.805020000E-6	2.661300000E+0	3.999953516E+4	1.359011000E+3
-1.127130000E-4	8.732140000E-6	2.646500000E+0	3.999953516E+4	1.361169000E+3
-1.129210000E-4	1.117590000E-5	2.631800000E+0	3.999953516E+4	1.364897000E+3
-1.150970000E-4	1.132490000E-5	2.619000000E+0	3.999953516E+4	1.366970000E+3
-1.146200000E-4	1.168260000E-5	2.602600000E+0	3.999953516E+4	1.370556000E+3
-1.156630000E-4	1.126530000E-5	2.587800000E+0	3.999953516E+4	1.374349000E+3
-1.162890000E-4	1.108650000E-5	2.575900000E+0	3.999953516E+4	1.376494000E+3
-1.144710000E-4	1.057990000E-5	2.561300000E+0	3.999953516E+4	1.379630000E+3
-1.158420000E-4	1.105670000E-5	2.546300000E+0	3.999953516E+4	1.382845000E+3
-1.141430000E-4	1.049050000E-5	2.536100000E+0	3.999953516E+4	1.385060000E+3
-1.147100000E-4	1.090770000E-5	2.521500000E+0	3.999953516E+4	1.388166000E+3
-1.153060000E-4	1.069910000E-5	2.510800000E+0	3.999953516E+4	1.390381000E+3
-1.137260000E-4	1.004340000E-5	2.494600000E+0	3.999953516E+4	1.393533000E+3
-1.148590000E-4	1.099710000E-5	2.482400000E+0	3.999953516E+4	1.396756000E+3
-1.150970000E-4	9.805020000E-6	2.469400000E+0	3.999953516E+4	1.398846000E+3
-1.153060000E-4	1.013280000E-5	2.456500000E+0	3.999953516E+4	1.402056000E+3
-1.155140000E-4	1.049050000E-5	2.445100000E+0	3.999953516E+4	1.404158000E+3
-1.171830000E-4	9.894430000E-6	2.434800000E+0	3.999953516E+4	1.406289000E+3
-1.156630000E-4	9.685810000E-6	2.424100000E+0	3.999953516E+4	1.408870000E+3
-1.164680000E-4	9.238780000E-6	2.412100000E+0	3.999953516E+4	1.411073000E+3
-1.138750000E-4	9.298380000E-6	2.399800000E+0	3.999953516E+4	1.414238000E+3
-1.153060000E-4	9.805020000E-6	2.386100000E+0	3.999953516E+4	1.416270000E+3
-1.155140000E-4	1.075870000E-5	2.372900000E+0	3.999953516E+4	1.419517000E+3
-1.163790000E-4	1.114610000E-5	2.361600000E+0	3.999953516E+4	1.421634000E+3
-1.157230000E-4	9.805020000E-6	2.346600000E+0	3.999953516E+4	1.424838000E+3
-1.154250000E-4	1.022230000E-5	2.333400000E+0	3.999953516E+4	1.428009000E+3
-1.156040000E-4	9.924230000E-6	2.320300000E+0	3.999953516E+4	1.430204000E+3
-1.153060000E-4	1.040110000E-5	2.308200000E+0	3.999953516E+4	1.433335000E+3
-1.153650000E-4	1.123550000E-5	2.296000000E+0	3.999953516E+4	1.435488000E+3
-1.156630000E-4	1.072890000E-5	2.283400000E+0	3.999953516E+4	1.438726000E+3
-1.149780000E-4	8.672530000E-6	2.271300000E+0	3.999953516E+4	1.440848000E+3
-1.137860000E-4	9.596410000E-6	2.256900000E+0	3.999953516E+4	1.444006000E+3
-1.135470000E-4	8.463920000E-6	2.243600000E+0	3.999953516E+4	1.447271000E+3
-1.138750000E-4	9.805020000E-6	2.230500000E+0	3.999953516E+4	1.449338000E+3
-1.146500000E-4	9.924230000E-6	2.214400000E+0	3.999953516E+4	1.453104000E+3
-1.141730000E-4	7.122780000E-6	2.200400000E+0	3.999953516E+4	1.456327000E+3
-1.141430000E-4	7.927480000E-6	2.188600000E+0	3.999953516E+4	1.458489000E+3
-1.142330000E-4	9.954030000E-6	2.176000000E+0	3.999953516E+4	1.461592000E+3
-1.151270000E-4	9.119570000E-6	2.163600000E+0	3.999953516E+4	1.463748000E+3
-1.136370000E-4	8.732140000E-6	2.149800000E+0	3.999953516E+4	1.466964000E+3
-1.136670000E-4	8.165890000E-6	2.134100000E+0	3.999953516E+4	1.470117000E+3
-1.154550000E-4	9.954030000E-6	2.119900000E+0	3.999953516E+4	1.473348000E+3
-1.140840000E-4	9.447390000E-6	2.109600000E+0	3.999953516E+4	1.475505000E+3
-1.151860000E-4	9.656010000E-6	2.099500000E+0	3.999953516E+4	1.477605000E+3
-1.139350000E-4	9.805020000E-6	2.083200000E+0	3.999953516E+4	1.480793000E+3
-1.156040000E-4	9.626210000E-6	2.072100000E+0	3.999953516E+4	1.483998000E+3
-1.161100000E-4	1.034150000E-5	2.057200000E+0	3.999953516E+4	1.486176000E+3
-1.150970000E-4	9.656010000E-6	2.044300000E+0	3.999953516E+4	1.489359000E+3
-1.156930000E-4	9.685810000E-6	2.033600000E+0	3.999953516E+4	1.491470000E+3
-1.147990000E-4	9.536800000E-6	2.017900000E+0	3.999953516E+4	1.494644000E+3
-1.152460000E-4	9.328190000E-6	2.005600000E+0	3.999953516E+4	1.497916000E+3
-1.153650000E-4	1.001360000E-5	1.995300000E+0	3.999953516E+4	1.500063000E+3
-1.152160000E-4	9.864630000E-6	2.005300000E+0	3.999953516E+4	1.625717000E+3
-1.161400000E-4	1.022230000E-5	2.017400000E+0	3.999953516E+4	1.627454000E+3
-1.147100000E-4	1.034150000E-5	2.027500000E+0	3.999953516E+4	1.629835000E+3
-1.146200000E-4	1.010300000E-5	2.039200000E+0	3.999953516E+4	1.631856000E+3
-1.144120000E-4	1.183160000E-5	2.049700000E+0	3.999953516E+4	1.634255000E+3
-1.150670000E-4	1.028190000E-5	2.060800000E+0	3.999953516E+4	1.636318000E+3
-1.142330000E-4	1.049050000E-5	2.071300000E+0	3.999953516E+4	1.638645000E+3
-1.145610000E-4	8.344710000E-6	2.082000000E+0	3.999953516E+4	1.640793000E+3
-1.146800000E-4	9.805020000E-6	2.092600000E+0	3.999953516E+4	1.642810000E+3
-1.138750000E-4	1.066930000E-5	2.104500000E+0	3.999953516E+4	1.645368000E+3
-1.143820000E-4	9.507000000E-6	2.114900000E+0	3.999953516E+4	1.647058000E+3
-1.142030000E-4	1.069910000E-5	2.125600000E+0	3.999953516E+4	1.649648000E+3
-1.139350000E-4	1.043090000E-5	2.137100000E+0	3.999953516E+4	1.651637000E+3
-1.145310000E-4	9.328190000E-6	2.148100000E+0	3.999953516E+4	1.654027000E+3
-1.136370000E-4	9.357990000E-6	2.158900000E+0	3.999953516E+4	1.656206000E+3
-1.156040000E-4	1.132490000E-5	2.169400000E+0	3.999953516E+4	1.658259000E+3
-1.142330000E-4	1.144420000E-5	2.183000000E+0	3.999953516E+4	1.660929000E+3
-1.144710000E-4	1.159320000E-5	2.194100000E+0	3.999953516E+4	1.663319000E+3
-1.142030000E-4	9.596410000E-6	2.205700000E+0	3.999953516E+4	1.665384000E+3
-1.146500000E-4	1.156340000E-5	2.217800000E+0	3.999953516E+4	1.668113000E+3
-1.146800000E-4	1.019250000E-5	2.228700000E+0	3.999953516E+4	1.670318000E+3
-1.156630000E-4	9.715620000E-6	2.239800000E+0	3.999953516E+4	1.672391000E+3
-1.147390000E-4	1.049050000E-5	2.251800000E+0	3.999953516E+4	1.674531000E+3
-1.152760000E-4	1.165280000E-5	2.263500000E+0	3.999953516E+4	1.677112000E+3
-1.153650000E-4	9.954030000E-6	2.274400000E+0	3.999953516E+4	1.679458000E+3
-1.145310000E-4	1.087790000E-5	2.285600000E+0	3.999953516E+4	1.681507000E+3
-1.151860000E-4	9.536800000E-6	2.296100000E+0	3.999953516E+4	1.683653000E+3
-1.149180000E-4	1.105670000E-5	2.306900000E+0	3.999953516E+4	1.686138000E+3
-1.153350000E-4	1.025210000E-5	2.317200000E+0	3.999953516E+4	1.687852000E+3
-1.150370000E-4	9.238780000E-6	2.327400000E+0	3.999953516E+4	1.689894000E+3
-1.146500000E-4	8.821550000E-6	2.338600000E+0	3.999953516E+4	1.692258000E+3
-1.152460000E-4	1.004340000E-5	2.349900000E+0	3.999953516E+4	1.694399000E+3
-1.149180000E-4	1.049050000E-5	2.361600000E+0	3.999953516E+4	1.696524000E+3
-1.147990000E-4	1.001360000E-5	2.373200000E+0	3.999953516E+4	1.699353000E+3
-1.142630000E-4	9.208980000E-6	2.384800000E+0	3.999953516E+4	1.701481000E+3
-1.142330000E-4	8.851350000E-6	2.395600000E+0	3.999953516E+4	1.703712000E+3
-1.146500000E-4	8.314910000E-6	2.405800000E+0	3.999953516E+4	1.705646000E+3
-1.147990000E-4	1.057990000E-5	2.417100000E+0	3.999953516E+4	1.708052000E+3
-1.139350000E-4	9.626210000E-6	2.429500000E+0	3.999953516E+4	1.710084000E+3
-1.158420000E-4	1.025210000E-5	2.440600000E+0	3.999953516E+4	1.712676000E+3
-1.146200000E-4	8.881150000E-6	2.450900000E+0	3.999953516E+4	1.714247000E+3
-1.142630000E-4	8.791740000E-6	2.462400000E+0	3.999953516E+4	1.716871000E+3
-1.142330000E-4	1.013280000E-5	2.473000000E+0	3.999953516E+4	1.718799000E+3
-1.144410000E-4	9.805020000E-6	2.483800000E+0	3.999953516E+4	1.721203000E+3
-1.139050000E-4	9.328190000E-6	2.495000000E+0	3.999953516E+4	1.723334000E+3
-1.136370000E-4	9.357990000E-6	2.505500000E+0	3.999953516E+4	1.725815000E+3
-1.136070000E-4	9.059960000E-6	2.516800000E+0	3.999953516E+4	1.727527000E+3
-1.138160000E-4	8.314910000E-6	2.527300000E+0	3.999953516E+4	1.730123000E+3
-1.137560000E-4	9.268580000E-6	2.537400000E+0	3.999953516E+4	1.731761000E+3
-1.134880000E-4	9.089770000E-6	2.549500000E+0	3.999953516E+4	1.734518000E+3
-1.142030000E-4	1.043090000E-5	2.560300000E+0	3.999953516E+4	1.736583000E+3
-1.138750000E-4	9.507000000E-6	2.570900000E+0	3.999953516E+4	1.738589000E+3
-1.144710000E-4	9.179170000E-6	2.582300000E+0	3.999953516E+4	1.740943000E+3
-1.137560000E-4	1.060970000E-5	2.594100000E+0	3.999953516E+4	1.743599000E+3
-1.141430000E-4	9.954030000E-6	2.605600000E+0	3.999953516E+4	1.745224000E+3
-1.147100000E-4	9.954030000E-6	2.616500000E+0	3.999953516E+4	1.747613000E+3
-1.145610000E-4	1.004340000E-5	2.626900000E+0	3.999953516E+4	1.750303000E+3
-1.139050000E-4	7.569820000E-6	2.637200000E+0	3.999953516E+4	1.751892000E+3
-1.135470000E-4	9.238780000E-6	2.650200000E+0	3.999953516E+4	1.754290000E+3
-1.143220000E-4	9.268580000E-6	2.661900000E+0	3.999953516E+4	1.757117000E+3
-1.142920000E-4	9.179170000E-6	2.672700000E+0	3.999953516E+4	1.758691000E+3
-1.126230000E-4	9.477200000E-6	2.682800000E+0	3.999953516E+4	1.761208000E+3
-1.140240000E-4	9.059960000E-6	2.694100000E+0	3.999953516E+4	1.762975000E+3
-1.142030000E-4	9.805020000E-6	2.707000000E+0	3.999953516E+4	1.765779000E+3
-1.145610000E-4	9.626210000E-6	2.718600000E+0	3.999953516E+4	1.768291000E+3
-1.154250000E-4	8.940750000E-6	2.730200000E+0	3.999953516E+4	1.770316000E+3
-1.152760000E-4	1.034150000E-5	2.741000000E+0	3.999953516E+4	1.772819000E+3
-1.145310000E-4	1.004340000E-5	2.752900000E+0	3.999953516E+4	1.774858000E+3
-1.131300000E-4	9.715620000E-6	2.764300000E+0	3.999953516E+4	1.777228000E+3
-1.144120000E-4	8.940750000E-6	2.775000000E+0	3.999953516E+4	1.779813000E+3
-1.137560000E-4	9.328190000E-6	2.785400000E+0	3.999953516E+4	1.781329000E+3
-1.148880000E-4	9.894430000E-6	2.798700000E+0	3.999953516E+4	1.784270000E+3
-1.147990000E-4	8.374510000E-6	2.810400000E+0	3.999953516E+4	1.786537000E+3
-1.145310000E-4	9.030160000E-6	2.822600000E+0	3.999953516E+4	1.789230000E+3
-1.147690000E-4	9.089770000E-6	2.833300000E+0	3.999953516E+4	1.791194000E+3
-1.136670000E-4	8.910950000E-6	2.843500000E+0	3.999953516E+4	1.793370000E+3
-1.136370000E-4	7.480410000E-6	2.853600000E+0	3.999953516E+4	1.795359000E+3
-1.132790000E-4	6.765160000E-6	2.864600000E+0	3.999953516E+4	1.797495000E+3
-1.130110000E-4	9.834820000E-6	2.876300000E+0	3.999953516E+4	1.799544000E+3
-1.147690000E-4	8.523520000E-6	2.886800000E+0	3.999953516E+4	1.801944000E+3
-1.133090000E-4	9.298380000E-6	2.898300000E+0	3.999953516E+4	1.804042000E+3
-1.128620000E-4	8.195700000E-6	2.911300000E+0	3.999953516E+4	1.806424000E+3
-1.133690000E-4	8.225500000E-6	2.923900000E+0	3.999953516E+4	1.809372000E+3
-1.134880000E-4	8.255300000E-6	2.936400000E+0	3.999953516E+4	1.811356000E+3
-1.135770000E-4	9.596410000E-6	2.948300000E+0	3.999953516E+4	1.814162000E+3
-1.133980000E-4	9.477200000E-6	2.960900000E+0	3.999953516E+4	1.816144000E+3
-1.133390000E-4	9.268580000E-6	2.971200000E+0	3.999953516E+4	1.818802000E+3
-1.131300000E-4	1.010300000E-5	2.983600000E+0	3.999953516E+4	1.820819000E+3
-1.129810000E-4	1.034150000E-5	2.994600000E+0	3.999953516E+4	1.823603000E+3
-1.133690000E-4	7.957280000E-6	3.005600000E+0	3.999953516E+4	1.825344000E+3
-1.137560000E-4	8.374510000E-6	3.016800000E+0	3.999953516E+4	1.827804000E+3
-1.137860000E-4	1.019250000E-5	3.027700000E+0	3.999953516E+4	1.830158000E+3
-1.126230000E-4	7.122780000E-6	3.039100000E+0	3.999953516E+4	1.832191000E+3
-1.125040000E-4	9.030160000E-6	3.049300000E+0	3.999953516E+4	1.834273000E+3
-1.131900000E-4	9.030160000E-6	3.060000000E+0	3.999953516E+4	1.836761000E+3
-1.127720000E-4	8.493720000E-6	3.070900000E+0	3.999953516E+4	1.838814000E+3
-1.131300000E-4	8.612930000E-6	3.081900000E+0	3.999953516E+4	1.840419000E+3
-1.144120000E-4	9.268580000E-6	3.093200000E+0	3.999953516E+4	1.842955000E+3
-1.133690000E-4	9.179170000E-6	3.104700000E+0	3.999953516E+4	1.845508000E+3
-1.133090000E-4	8.463920000E-6	3.115000000E+0	3.999953516E+4	1.847473000E+3
-1.128320000E-4	1.001360000E-5	3.126500000E+0	3.999953516E+4	1.849894000E+3
-1.127130000E-4	8.106290000E-6	3.136900000E+0	3.999953516E+4	1.851862000E+3
-1.120270000E-4	9.328190000E-6	3.147900000E+0	3.999953516E+4	1.853883000E+3
-1.125340000E-4	9.447390000E-6	3.158600000E+0	3.999953516E+4	1.856677000E+3
-1.131600000E-4	9.685810000E-6	3.169100000E+0	3.999953516E+4	1.858345000E+3
-1.130700000E-4	1.019250000E-5	3.179500000E+0	3.999953516E+4	1.860587000E+3
-1.137860000E-4	8.732140000E-6	3.189700000E+0	3.999953516E+4	1.862209000E+3
-1.119380000E-4	9.447390000E-6	3.201600000E+0	3.999953516E+4	1.865029000E+3
-1.130110000E-4	9.536800000E-6	3.212900000E+0	3.999953516E+4	1.866940000E+3
-1.128620000E-4	9.238780000E-6	3.224800000E+0	3.999953516E+4	1.869597000E+3
-1.124740000E-4	8.165890000E-6	3.235400000E+0	3.999953516E+4	1.871606000E+3
-1.125940000E-4	9.447390000E-6	3.246900000E+0	3.999953516E+4	1.874061000E+3
-1.120270000E-4	9.328190000E-6	3.258300000E+0	3.999953516E+4	1.876001000E+3
-1.116400000E-4	8.523520000E-6	3.269600000E+0	3.999953516E+4	1.878455000E+3
-1.108650000E-4	9.298380000E-6	3.280600000E+0	3.999953516E+4	1.880870000E+3
-1.124740000E-4	9.805020000E-6	3.292500000E+0	3.999953516E+4	1.882804000E+3
-1.105670000E-4	8.821550000E-6	3.302900000E+0	3.999953516E+4	1.885398000E+3
-1.108350000E-4	8.195700000E-6	3.313600000E+0	3.999953516E+4	1.887196000E+3
-1.120270000E-4	8.791740000E-6	3.323800000E+0	3.999953516E+4	1.889568000E+3
-1.109840000E-4	8.970560000E-6	3.334900000E+0	3.999953516E+4	1.891493000E+3
-1.116100000E-4	8.791740000E-6	3.345900000E+0	3.999953516E+4	1.893614000E+3
-1.117290000E-4	8.523520000E-6	3.356400000E+0	3.999953516E+4	1.896027000E+3
-1.119680000E-4	9.626210000E-6	3.367100000E+0	3.999953516E+4	1.898185000E+3
-1.117000000E-4	7.718860000E-6	3.378000000E+0	3.999953516E+4	1.900206000E+3
-1.105370000E-4	6.556540000E-6	3.389900000E+0	3.999953516E+4	1.902618000E+3
-1.109550000E-4	7.569820000E-6	3.401900000E+0	3.999953516E+4	1.904616000E+3
-1.098220000E-4	7.808270000E-6	3.413600000E+0	3.999953516E+4	1.907345000E+3
-1.098220000E-4	8.881150000E-6	3.426800000E+0	3.999953516E+4	1.909507000E+3
-1.102990000E-4	9.536800000E-6	3.437500000E+0	3.999953516E+4	1.911879000E+3
-1.115210000E-4	5.424050000E-6	3.448500000E+0	3.999953516E+4	1.914272000E+3
-1.108060000E-4	8.940750000E-6	3.460900000E+0	3.999953516E+4	1.916957000E+3
-1.100310000E-4	7.987080000E-6	3.471800000E+0	3.999953516E+4	1.918558000E+3
-1.111330000E-4	7.838070000E-6	3.483400000E+0	3.999953516E+4	1.921359000E+3
-1.096130000E-4	8.404310000E-6	3.493800000E+0	3.999953516E+4	1.923346000E+3
-1.093450000E-4	9.626210000E-6	3.504700000E+0	3.999953516E+4	1.925358000E+3
-1.110140000E-4	8.702340000E-6	3.516900000E+0	3.999953516E+4	1.927804000E+3
-1.091070000E-4	9.834820000E-6	3.527300000E+0	3.999953516E+4	1.929882000E+3
-1.092560000E-4	8.970560000E-6	3.538000000E+0	3.999953516E+4	1.932361000E+3
-1.100310000E-4	8.314910000E-6	3.550100000E+0	3.999953516E+4	1.934305000E+3
-1.093150000E-4	6.943970000E-6	3.560700000E+0	3.999953516E+4	1.936843000E+3
-1.105370000E-4	9.089770000E-6	3.573100000E+0	3.999953516E+4	1.939210000E+3
-1.088980000E-4	8.940750000E-6	3.585300000E+0	3.999953516E+4	1.941214000E+3
-1.096730000E-4	7.212190000E-6	3.595800000E+0	3.999953516E+4	1.943609000E+3
-1.105970000E-4	7.480410000E-6	3.606600000E+0	3.999953516E+4	1.946156000E+3
-1.108350000E-4	7.569820000E-6	3.620900000E+0	3.999953516E+4	1.948433000E+3
-1.093750000E-4	6.705550000E-6	3.634100000E+0	3.999953516E+4	1.951083000E+3
-1.098520000E-4	7.212190000E-6	3.645500000E+0	3.999953516E+4	1.953881000E+3
-1.088980000E-4	7.092980000E-6	3.656100000E+0	3.999953516E+4	1.955510000E+3
-1.091370000E-4	6.377730000E-6	3.666900000E+0	3.999953516E+4	1.957873000E+3
-1.102990000E-4	8.136090000E-6	3.678800000E+0	3.999953516E+4	1.960417000E+3
-1.088980000E-4	7.629450000E-6	3.688800000E+0	3.999953516E+4	1.962423000E+3
-1.099710000E-4	7.748660000E-6	3.699000000E+0	3.999953516E+4	1.964275000E+3
-1.101800000E-4	7.212190000E-6	3.709500000E+0	3.999953516E+4	1.966645000E+3
-1.094640000E-4	7.152590000E-6	3.721500000E+0	3.999953516E+4	1.968550000E+3
-1.094350000E-4	8.463920000E-6	3.731900000E+0	3.999953516E+4	1.970934000E+3
-1.094050000E-4	8.344710000E-6	3.743400000E+0	3.999953516E+4	1.973388000E+3
-1.094350000E-4	9.268580000E-6	3.753500000E+0	3.999953516E+4	1.975080000E+3
-1.086600000E-4	8.374510000E-6	3.764400000E+0	3.999953516E+4	1.977496000E+3
-1.099110000E-4	8.642730000E-6	3.775300000E+0	3.999953516E+4	1.979529000E+3
-1.083620000E-4	7.331400000E-6	3.788300000E+0	3.999953516E+4	1.982296000E+3
-1.104180000E-4	8.076490000E-6	3.800000000E+0	3.999953516E+4	1.984479000E+3
-1.089580000E-4	6.556540000E-6	3.810100000E+0	3.999953516E+4	1.986868000E+3
-1.090470000E-4	7.271800000E-6	3.821500000E+0	3.999953516E+4	1.988454000E+3
-1.097330000E-4	5.275040000E-6	3.832200000E+0	3.999953516E+4	1.991249000E+3
-1.095840000E-4	6.377730000E-6	3.844800000E+0	3.999953516E+4	1.993016000E+3
-1.084810000E-4	7.987080000E-6	3.856600000E+0	3.999953516E+4	1.995798000E+3
-1.082720000E-4	7.063180000E-6	3.867700000E+0	3.999953516E+4	1.998353000E+3
-1.080640000E-4	5.722080000E-6	3.878600000E+0	3.999953516E+4	2.000684000E+3
-1.077660000E-4	6.943970000E-6	3.889200000E+0	3.999953516E+4	2.002277000E+3
-1.078850000E-4	5.841280000E-6	3.901200000E+0	3.999953516E+4	2.004828000E+3
-1.082430000E-4	7.718860000E-6	3.912500000E+0	3.999953516E+4	2.006836000E+3
-1.086000000E-4	7.182390000E-6	3.922600000E+0	3.999953516E+4	2.009266000E+3
-1.087790000E-4	7.540020000E-6	3.932700000E+0	3.999953516E+4	2.011271000E+3
-1.078850000E-4	7.152590000E-6	3.944600000E+0	3.999953516E+4	2.013618000E+3
-1.083020000E-4	8.374510000E-6	3.955600000E+0	3.999953516E+4	2.015666000E+3
-1.080930000E-4	7.957280000E-6	3.965900000E+0	3.999953516E+4	2.018064000E+3
-1.082720000E-4	8.344710000E-6	3.978200000E+0	3.999953516E+4	2.019799000E+3
-1.075870000E-4	8.314910000E-6	3.989200000E+0	3.999953516E+4	2.022198000E+3
-1.074680000E-4	5.483660000E-6	3.999400000E+0	3.999953516E+4	2.024684000E+3
-1.078850000E-4	6.526740000E-6	4.009600000E+0	3.999953516E+4	2.026375000E+3
-1.072590000E-4	7.063180000E-6	4.020300000E+0	3.999953516E+4	2.028807000E+3
-1.070800000E-4	8.106290000E-6	4.031400000E+0	3.999953516E+4	2.031144000E+3
-1.077360000E-4	8.642730000E-6	4.044500000E+0	3.999953516E+4	2.033262000E+3
-1.068720000E-4	7.867870000E-6	4.055700000E+0	3.999953516E+4	2.035675000E+3
-1.071990000E-4	8.076490000E-6	4.068200000E+0	3.999953516E+4	2.038197000E+3
-1.065140000E-4	6.616140000E-6	4.079100000E+0	3.999953516E+4	2.040589000E+3
-1.091070000E-4	8.493720000E-6	4.090800000E+0	3.999953516E+4	2.042582000E+3
-1.068720000E-4	8.106290000E-6	4.104300000E+0	3.999953516E+4	2.045405000E+3
-1.078850000E-4	8.255300000E-6	4.114700000E+0	3.999953516E+4	2.047097000E+3
-1.059480000E-4	7.569820000E-6	4.125000000E+0	3.999953516E+4	2.049770000E+3
-1.079150000E-4	7.659260000E-6	4.136200000E+0	3.999953516E+4	2.051388000E+3
-1.072890000E-4	7.450610000E-6	4.146400000E+0	3.999953516E+4	2.053769000E+3
-1.073190000E-4	8.642730000E-6	4.158000000E+0	3.999953516E+4	2.056440000E+3
-1.070500000E-4	7.689060000E-6	4.171100000E+0	3.999953516E+4	2.058437000E+3
-1.066930000E-4	7.927480000E-6	4.183100000E+0	3.999953516E+4	2.061271000E+3
-1.071990000E-4	8.106290000E-6	4.194000000E+0	3.999953516E+4	2.063629000E+3
-1.061860000E-4	7.927480000E-6	4.205600000E+0	3.999953516E+4	2.065230000E+3
-1.075870000E-4	6.705550000E-6	4.215600000E+0	3.999953516E+4	2.068034000E+3
-1.060970000E-4	6.556540000E-6	4.227200000E+0	3.999953516E+4	2.069650000E+3
-1.054710000E-4	7.838070000E-6	4.239400000E+0	3.999953516E+4	2.072334000E+3
-1.052030000E-4	7.241990000E-6	4.250300000E+0	3.999953516E+4	2.074335000E+3
-1.047850000E-4	8.016880000E-6	4.260600000E+0	3.999953516E+4	2.076676000E+3
-1.055010000E-4	7.331400000E-6	4.271300000E+0	3.999953516E+4	2.078695000E+3
-1.049640000E-4	6.884370000E-6	4.282600000E+0	3.999953516E+4	2.080674000E+3
-1.042490000E-4	6.824760000E-6	4.293600000E+0	3.999953516E+4	2.083493000E+3
-1.043680000E-4	6.884370000E-6	4.306400000E+0	3.999953516E+4	2.085526000E+3
-1.046360000E-4	7.331400000E-6	4.316500000E+0	3.999953516E+4	2.087901000E+3
-1.043980000E-4	7.510210000E-6	4.328000000E+0	3.999953516E+4	2.090359000E+3
-1.042790000E-4	7.540020000E-6	4.338200000E+0	3.999953516E+4	2.092025000E+3
-1.046360000E-4	7.540020000E-6	4.349300000E+0	3.999953516E+4	2.094099000E+3
-1.022520000E-4	7.212190000E-6	4.360700000E+0	3.999953516E+4	2.097108000E+3
-1.029380000E-4	6.049900000E-6	4.372800000E+0	3.999953516E+4	2.098950000E+3
-1.024010000E-4	6.377730000E-6	4.384100000E+0	3.999953516E+4	2.101055000E+3
-1.043090000E-4	6.884370000E-6	4.394900000E+0	3.999953516E+4	2.103744000E+3
-1.038020000E-4	6.407530000E-6	4.406000000E+0	3.999953516E+4	2.105418000E+3
-1.020440000E-4	6.437330000E-6	4.417200000E+0	3.999953516E+4	2.107968000E+3
-1.012390000E-4	6.616140000E-6	4.428200000E+0	3.999953516E+4	2.110317000E+3
-1.014180000E-4	5.453850000E-6	4.438500000E+0	3.999953516E+4	2.112481000E+3
-1.018050000E-4	4.380970000E-6	4.449600000E+0	3.999953516E+4	2.114419000E+3
-1.014180000E-4	4.589590000E-6	4.462000000E+0	3.999953516E+4	2.116839000E+3
-1.008520000E-4	5.900890000E-6	4.476200000E+0	3.999953516E+4	2.119620000E+3
-9.942100000E-5	5.304840000E-6	4.486400000E+0	3.999953516E+4	2.122087000E+3
-1.014480000E-4	5.751880000E-6	4.497600000E+0	3.999953516E+4	2.124019000E+3
-1.003150000E-4	4.738600000E-6	4.508900000E+0	3.999953516E+4	2.126452000E+3
-9.954020000E-5	4.738600000E-6	4.521300000E+0	3.999953516E+4	2.128430000E+3
-1.001060000E-4	4.828010000E-6	4.532300000E+0	3.999953516E+4	2.131351000E+3
-9.971900000E-5	5.394250000E-6	4.543500000E+0	3.999953516E+4	2.132969000E+3
-9.903360000E-5	3.904130000E-6	4.554800000E+0	3.999953516E+4	2.135737000E+3
-9.840770000E-5	2.622620000E-6	4.566400000E+0	3.999953516E+4	2.137793000E+3
-9.915280000E-5	4.887610000E-6	4.576800000E+0	3.999953516E+4	2.139866000E+3
-9.781170000E-5	5.275040000E-6	4.589200000E+0	3.999953516E+4	2.142328000E+3
-9.754350000E-5	4.231960000E-6	4.600000000E+0	3.999953516E+4	2.144339000E+3
-9.608320000E-5	3.606100000E-6	4.611300000E+0	3.999953516E+4	2.146856000E+3
-9.682820000E-5	4.231960000E-6	4.622300000E+0	3.999953516E+4	2.148871000E+3
-9.790110000E-5	3.844530000E-6	4.632600000E+0	3.999953516E+4	2.150788000E+3
-9.676860000E-5	4.231960000E-6	4.642900000E+0	3.999953516E+4	2.153209000E+3
-9.727520000E-5	2.920640000E-6	4.653000000E+0	3.999953516E+4	2.155353000E+3
-9.593410000E-5	4.053140000E-6	4.663100000E+0	3.999953516E+4	2.156929000E+3
-9.578510000E-5	3.397480000E-6	4.673700000E+0	3.999953516E+4	2.159350000E+3
-9.518910000E-5	2.354400000E-6	4.684100000E+0	3.999953516E+4	2.161339000E+3
-9.325190000E-5	2.831240000E-6	4.695200000E+0	3.999953516E+4	2.163788000E+3
-9.363940000E-5	2.294790000E-6	4.706600000E+0	3.999953516E+4	2.165730000E+3
-9.316250000E-5	2.264990000E-6	4.716700000E+0	3.999953516E+4	2.167755000E+3
-9.387780000E-5	1.788150000E-6	4.726900000E+0	3.999953516E+4	2.170190000E+3
-9.334130000E-5	2.563010000E-6	4.737400000E+0	3.999953516E+4	2.171856000E+3
-9.217900000E-5	1.251700000E-6	4.749000000E+0	3.999953516E+4	2.173914000E+3
-9.262610000E-5	1.609330000E-6	4.760100000E+0	3.999953516E+4	2.176706000E+3
-9.298370000E-5	1.996770000E-6	4.771100000E+0	3.999953516E+4	2.178731000E+3
-9.122540000E-5	1.996770000E-6	4.781500000E+0	3.999953516E+4	2.181124000E+3
-9.036110000E-5	1.400720000E-6	4.792800000E+0	3.999953516E+4	2.183069000E+3
-9.074850000E-5	3.874320000E-7	4.803700000E+0	3.999953516E+4	2.185625000E+3
-8.934780000E-5	1.192100000E-6	4.815100000E+0	3.999953516E+4	2.187386000E+3
-8.827490000E-5	1.788150000E-7	4.825300000E+0	3.999953516E+4	2.190174000E+3
-8.845380000E-5	-1.221900000E-6	4.837200000E+0	3.999953516E+4	2.192169000E+3
-8.741070000E-5	-9.834840000E-7	4.847500000E+0	3.999953516E+4	2.194135000E+3
-8.675500000E-5	-1.460320000E-6	4.859300000E+0	3.999953516E+4	2.196199000E+3
-8.669540000E-5	-6.854570000E-7	4.871500000E+0	3.999953516E+4	2.198517000E+3
-8.624840000E-5	-5.662480000E-7	4.882500000E+0	3.999953516E+4	2.200946000E+3
-8.386420000E-5	-2.056370000E-6	4.894500000E+0	3.999953516E+4	2.203909000E+3
-8.317870000E-5	-1.370910000E-6	4.905900000E+0	3.999953516E+4	2.205911000E+3
-8.305950000E-5	-2.354400000E-6	4.918400000E+0	3.999953516E+4	2.207858000E+3
-8.124160000E-5	-2.771630000E-6	4.929800000E+0	3.999953516E+4	2.210682000E+3
-8.115220000E-5	-3.188860000E-6	4.940800000E+0	3.999953516E+4	2.212274000E+3
-8.073500000E-5	-4.678990000E-6	4.951600000E+0	3.999953516E+4	2.214855000E+3
-8.004950000E-5	-5.275040000E-6	4.962400000E+0	3.999953516E+4	2.217291000E+3
-7.957270000E-5	-4.887610000E-6	4.973400000E+0	3.999953516E+4	2.218845000E+3
-7.867860000E-5	-4.619390000E-6	4.985000000E+0	3.999953516E+4	2.221637000E+3
-7.578780000E-5	-6.020100000E-6	4.995500000E+0	3.999953516E+4	2.223603000E+3
-7.548970000E-5	-6.914170000E-6	5.005600000E+0	3.999953516E+4	2.225604000E+3
-7.554940000E-5	-7.301600000E-6	5.016900000E+0	3.999953516E+4	2.228007000E+3
-7.459570000E-5	-6.496940000E-6	5.027200000E+0	3.999953516E+4	2.230069000E+3
-7.331420000E-5	-8.255300000E-6	5.038400000E+0	3.999953516E+4	2.232133000E+3
-7.090020000E-5	-8.910950000E-6	5.051100000E+0	3.999953516E+4	2.234737000E+3
-7.137700000E-5	-8.672530000E-6	5.062800000E+0	3.999953516E+4	2.236670000E+3
-6.735370000E-5	-9.894430000E-6	5.074100000E+0	3.999953516E+4	2.239461000E+3
-6.809880000E-5	-9.328190000E-6	5.084400000E+0	3.999953516E+4	2.241460000E+3
-6.690670000E-5	-9.894430000E-6	5.095100000E+0	3.999953516E+4	2.243047000E+3
-6.428410000E-5	-1.055010000E-5	5.106900000E+0	3.999953516E+4	2.245959000E+3
-6.470130000E-5	-1.016270000E-5	5.118400000E+0	3.999953516E+4	2.248255000E+3
-6.353900000E-5	-1.177200000E-5	5.128500000E+0	3.999953516E+4	2.249904000E+3
-6.073740000E-5	-1.356010000E-5	5.143300000E+0	3.999953516E+4	2.253201000E+3
-5.784650000E-5	-1.430520000E-5	5.155300000E+0	3.999953516E+4	2.255590000E+3
-5.656500000E-5	-1.427540000E-5	5.167400000E+0	3.999953516E+4	2.258026000E+3
-5.561140000E-5	-1.448400000E-5	5.179000000E+0	3.999953516E+4	2.260012000E+3
-5.328680000E-5	-1.505020000E-5	5.189400000E+0	3.999953516E+4	2.262596000E+3
-5.212450000E-5	-1.543770000E-5	5.200400000E+0	3.999953516E+4	2.264600000E+3
-4.950190000E-5	-1.561650000E-5	5.211600000E+0	3.999953516E+4	2.266923000E+3
-4.747530000E-5	-1.689800000E-5	5.222400000E+0	3.999953516E+4	2.268575000E+3
-4.565740000E-5	-1.725570000E-5	5.233800000E+0	3.999953516E+4	2.271317000E+3
-4.175330000E-5	-1.755370000E-5	5.244300000E+0	3.999953516E+4	2.273810000E+3
-4.166390000E-5	-1.621260000E-5	5.254600000E+0	3.999953516E+4	2.275366000E+3
-3.868360000E-5	-1.782190000E-5	5.266500000E+0	3.999953516E+4	2.278150000E+3
-3.710410000E-5	-1.668940000E-5	5.277900000E+0	3.999953516E+4	2.280288000E+3
-3.528620000E-5	-1.743450000E-5	5.289400000E+0	3.999953516E+4	2.281839000E+3
-3.328940000E-5	-1.803050000E-5	5.301000000E+0	3.999953516E+4	2.284650000E+3
-3.159070000E-5	-1.540790000E-5	5.312100000E+0	3.999953516E+4	2.286994000E+3
-3.030910000E-5	-1.427540000E-5	5.322800000E+0	3.999953516E+4	2.289167000E+3
-2.950440000E-5	-1.329190000E-5	5.334600000E+0	3.999953516E+4	2.291613000E+3
-2.732880000E-5	-1.317270000E-5	5.346200000E+0	3.999953516E+4	2.293577000E+3
-2.473600000E-5	-1.361970000E-5	5.356500000E+0	3.999953516E+4	2.295609000E+3
-2.241150000E-5	-1.356010000E-5	5.368400000E+0	3.999953516E+4	2.298455000E+3
-2.145780000E-5	-1.284490000E-5	5.379100000E+0	3.999953516E+4	2.299997000E+3
-1.990810000E-5	-1.144420000E-5	5.389300000E+0	3.999953516E+4	2.302446000E+3
-1.904380000E-5	-9.983840000E-6	5.399900000E+0	3.999953516E+4	2.304441000E+3
-1.683840000E-5	-9.775220000E-6	5.410600000E+0	3.999953516E+4	2.307180000E+3
-1.633180000E-5	-9.387790000E-6	5.421600000E+0	3.999953516E+4	2.308916000E+3
-1.490120000E-5	-8.583130000E-6	5.431800000E+0	3.999953516E+4	2.310549000E+3
-1.373890000E-5	-8.374510000E-6	5.443100000E+0	3.999953516E+4	2.313115000E+3
-1.251700000E-5	-6.258520000E-6	5.454100000E+0	3.999953516E+4	2.315443000E+3
-1.162300000E-5	-5.662470000E-6	5.465300000E+0	3.999953516E+4	2.317437000E+3
-1.025210000E-5	-4.559780000E-6	5.476700000E+0	3.999953516E+4	2.319848000E+3
-9.000360000E-6	-4.559780000E-6	5.487800000E+0	3.999953516E+4	2.322235000E+3
-1.025210000E-5	-3.129260000E-6	5.498200000E+0	3.999953516E+4	2.324300000E+3
-9.119570000E-6	-3.486890000E-6	5.508700000E+0	3.999953516E+4	2.325898000E+3
-8.344710000E-6	-2.056370000E-6	5.518800000E+0	3.999953516E+4	2.328237000E+3
-7.987080000E-6	-6.258520000E-7	5.528800000E+0	3.999953516E+4	2.330444000E+3
-7.361200000E-6	-2.384200000E-7	5.539400000E+0	3.999953516E+4	2.332823000E+3
-6.288320000E-6	5.662480000E-7	5.551700000E+0	3.999953516E+4	2.334387000E+3
-5.036620000E-6	2.294790000E-6	5.561800000E+0	3.999953516E+4	2.336773000E+3
-6.258520000E-6	2.324600000E-6	5.572700000E+0	3.999953516E+4	2.339186000E+3
-5.275040000E-6	2.414000000E-6	5.583500000E+0	3.999953516E+4	2.341587000E+3
-5.483660000E-6	3.904130000E-6	5.596400000E+0	3.999953516E+4	2.343572000E+3
-6.228710000E-6	3.904130000E-6	5.607700000E+0	3.999953516E+4	2.345773000E+3
-5.602870000E-6	4.708800000E-6	5.619200000E+0	3.999953516E+4	2.348159000E+3
-3.010050000E-6	4.857810000E-6	5.629500000E+0	3.999953516E+4	2.350522000E+3
-4.291560000E-6	4.738600000E-6	5.640500000E+0	3.999953516E+4	2.352930000E+3
-3.904130000E-6	4.619390000E-6	5.650900000E+0	3.999953516E+4	2.354915000E+3
-4.470380000E-6	5.453850000E-6	5.661200000E+0	3.999953516E+4	2.356955000E+3
-4.351170000E-6	5.424050000E-6	5.674400000E+0	3.999953516E+4	2.358908000E+3
-4.977020000E-6	6.109510000E-6	5.685100000E+0	3.999953516E+4	2.361354000E+3
-4.887610000E-6	6.139310000E-6	5.696800000E+0	3.999953516E+4	2.363834000E+3
-5.364450000E-6	6.854560000E-6	5.706800000E+0	3.999953516E+4	2.366236000E+3
-4.857810000E-6	6.675750000E-6	5.719400000E+0	3.999953516E+4	2.368378000E+3
-5.632670000E-6	7.927480000E-6	5.730800000E+0	3.999953516E+4	2.370370000E+3
-4.142550000E-6	6.377730000E-6	5.742500000E+0	3.999953516E+4	2.373228000E+3
-5.036620000E-6	7.540020000E-6	5.752600000E+0	3.999953516E+4	2.375160000E+3
-5.096230000E-6	8.016880000E-6	5.763000000E+0	3.999953516E+4	2.376786000E+3
-5.155830000E-6	7.629450000E-6	5.774600000E+0	3.999953516E+4	2.379643000E+3
-4.261760000E-6	5.722080000E-6	5.785100000E+0	3.999953516E+4	2.381595000E+3
-5.424050000E-6	7.271800000E-6	5.797100000E+0	3.999953516E+4	2.384022000E+3
-3.695500000E-6	7.480410000E-6	5.807500000E+0	3.999953516E+4	2.385734000E+3
-6.645950000E-6	8.255300000E-6	5.819400000E+0	3.999953516E+4	2.388494000E+3
-5.573060000E-6	9.059960000E-6	5.831600000E+0	3.999953516E+4	2.390910000E+3
-5.900890000E-6	8.761940000E-6	5.843500000E+0	3.999953516E+4	2.392930000E+3
-6.049900000E-6	8.583130000E-6	5.855000000E+0	3.999953516E+4	2.395362000E+3
-4.887610000E-6	8.344710000E-6	5.865100000E+0	3.999953516E+4	2.397309000E+3
-6.526740000E-6	9.805020000E-6	5.876600000E+0	3.999953516E+4	2.399703000E+3
-6.705550000E-6	1.043090000E-5	5.887300000E+0	3.999953516E+4	2.402089000E+3
-5.722080000E-6	9.596410000E-6	5.897400000E+0	3.999953516E+4	2.404085000E+3
-6.973770000E-6	8.493720000E-6	5.908700000E+0	3.999953516E+4	2.406289000E+3
-6.616140000E-6	9.000360000E-6	5.919600000E+0	3.999953516E+4	2.408609000E+3
-5.573060000E-6	8.434120000E-6	5.930900000E+0	3.999953516E+4	2.410618000E+3
-5.096230000E-6	8.255300000E-6	5.941800000E+0	3.999953516E+4	2.413044000E+3
-6.735350000E-6	9.298380000E-6	5.952300000E+0	3.999953516E+4	2.415030000E+3
-7.957280000E-6	9.298380000E-6	5.963900000E+0	3.999953516E+4	2.417418000E+3
-5.751880000E-6	8.791740000E-6	5.975700000E+0	3.999953516E+4	2.419458000E+3
-5.602870000E-6	7.748660000E-6	5.987100000E+0	3.999953516E+4	2.421562000E+3
-8.016880000E-6	9.477200000E-6	5.997900000E+0	3.999953516E+4	2.423967000E+3
-5.990300000E-6	7.927480000E-6	6.009400000E+0	3.999953516E+4	2.426434000E+3
-6.407530000E-6	7.808270000E-6	6.020000000E+0	3.999953516E+4	2.428771000E+3
-5.275040000E-6	9.089770000E-6	6.031100000E+0	3.999953516E+4	2.430958000E+3
-5.722080000E-6	8.791740000E-6	6.041500000E+0	3.999953516E+4	2.432886000E+3
-5.483660000E-6	8.225500000E-6	6.051600000E+0	3.999953516E+4	2.434902000E+3
-5.513460000E-6	7.838070000E-6	6.063100000E+0	3.999953516E+4	2.436923000E+3
-5.573060000E-6	9.387790000E-6	6.073500000E+0	3.999953516E+4	2.439335000E+3
-5.960490000E-6	8.106290000E-6	6.084900000E+0	3.999953516E+4	2.441318000E+3
-5.751880000E-6	7.987080000E-6	6.095300000E+0	3.999953516E+4	2.443833000E+3
-7.271800000E-6	9.179170000E-6	6.107400000E+0	3.999953516E+4	2.445831000E+3
-4.470380000E-6	9.387790000E-6	6.117900000E+0	3.999953516E+4	2.448264000E+3
-4.977020000E-6	7.748660000E-6	6.130200000E+0	3.999953516E+4	2.450204000E+3
-6.556540000E-6	8.791740000E-6	6.142000000E+0	3.999953516E+4	2.453462000E+3
-5.543260000E-6	9.357990000E-6	6.152300000E+0	3.999953516E+4	2.454624000E+3
-4.947210000E-6	7.301600000E-6	6.164900000E+0	3.999953516E+4	2.457881000E+3
-4.619390000E-6	7.510210000E-6	6.175000000E+0	3.999953516E+4	2.459410000E+3
-5.275040000E-6	7.659260000E-6	6.185200000E+0	3.999953516E+4	2.461405000E+3
-4.500180000E-6	6.794960000E-6	6.195400000E+0	3.999953516E+4	2.463840000E+3
-5.126030000E-6	7.778460000E-6	6.208600000E+0	3.999953516E+4	2.465784000E+3
-5.334640000E-6	7.927480000E-6	6.219400000E+0	3.999953516E+4	2.468283000E+3
-3.457080000E-6	8.016880000E-6	6.230900000E+0	3.999953516E+4	2.470604000E+3
-4.678990000E-6	9.179170000E-6	6.242300000E+0	3.999953516E+4	2.473123000E+3
-4.887610000E-6	7.838070000E-6	6.252900000E+0	3.999953516E+4	2.475139000E+3
-3.218670000E-6	8.612930000E-6	6.264600000E+0	3.999953516E+4	2.477153000E+3
-4.559780000E-6	7.659260000E-6	6.275800000E+0	3.999953516E+4	2.479597000E+3
-4.529980000E-6	8.165890000E-6	6.287200000E+0	3.999953516E+4	2.482323000E+3
-3.904130000E-6	8.255300000E-6	6.299400000E+0	3.999953516E+4	2.484069000E+3
-4.678990000E-6	8.434120000E-6	6.310100000E+0	3.999953516E+4	2.486470000E+3
-3.755110000E-6	7.987080000E-6	6.320700000E+0	3.999953516E+4	2.488861000E+3
-5.573060000E-6	8.761940000E-6	6.332500000E+0	3.999953516E+4	2.491292000E+3
-4.589590000E-6	7.092980000E-6	6.345200000E+0	3.999953516E+4	2.493266000E+3
-3.308070000E-6	9.328190000E-6	6.356600000E+0	3.999953516E+4	2.496088000E+3
-2.384200000E-6	8.493720000E-6	6.367800000E+0	3.999953516E+4	2.498206000E+3
-4.559780000E-6	8.404310000E-6	6.378000000E+0	3.999953516E+4	2.500276000E+3
-3.606100000E-6	8.612930000E-6	6.389200000E+0	3.999953516E+4	2.502193000E+3
-3.516690000E-6	7.391010000E-6	6.399400000E+0	3.999953516E+4	2.504648000E+3
-4.112750000E-6	8.106290000E-6	6.410400000E+0	3.999953516E+4	2.506742000E+3
-4.887610000E-6	8.583130000E-6	6.421000000E+0	3.999953516E+4	2.508773000E+3
-4.321370000E-6	9.208980000E-6	6.431600000E+0	3.999953516E+4	2.510762000E+3
-3.844530000E-6	8.046690000E-6	6.442700000E+0	3.999953516E+4	2.513183000E+3
-5.185630000E-6	9.507000000E-6	6.453300000E+0	3.999953516E+4	2.515140000E+3
-3.606100000E-6	7.420810000E-6	6.464200000E+0	3.999953516E+4	2.517210000E+3
-4.410770000E-6	7.748660000E-6	6.474600000E+0	3.999953516E+4	2.519545000E+3
-3.874330000E-6	8.970560000E-6	6.486300000E+0	3.999953516E+4	2.521956000E+3
-3.665700000E-6	9.030160000E-6	6.497200000E+0	3.999953516E+4	2.524005000E+3
-4.351170000E-6	7.450610000E-6	6.507700000E+0	3.999953516E+4	2.525943000E+3
-4.172350000E-6	7.391010000E-6	6.519000000E+0	3.999953516E+4	2.528328000E+3
-5.036620000E-6	8.583130000E-6	6.530700000E+0	3.999953516E+4	2.530739000E+3
-4.440580000E-6	6.854560000E-6	6.541300000E+0	3.999953516E+4	2.532370000E+3
-4.678990000E-6	6.318120000E-6	6.551700000E+0	3.999953516E+4	2.534750000E+3
-4.440580000E-6	7.540020000E-6	6.563300000E+0	3.999953516E+4	2.537173000E+3
-3.099460000E-6	6.943970000E-6	6.576000000E+0	3.999953516E+4	2.539987000E+3
-4.529980000E-6	6.526740000E-6	6.586200000E+0	3.999953516E+4	2.541614000E+3
-4.559780000E-6	6.735350000E-6	6.597400000E+0	3.999953516E+4	2.544522000E+3
-3.129260000E-6	7.808270000E-6	6.609100000E+0	3.999953516E+4	2.546505000E+3
-4.023340000E-6	8.732140000E-6	6.620200000E+0	3.999953516E+4	2.548208000E+3
-3.844530000E-6	7.778460000E-6	6.630700000E+0	3.999953516E+4	2.550648000E+3
-4.351170000E-6	8.285100000E-6	6.642400000E+0	3.999953516E+4	2.552644000E+3
-3.188860000E-6	7.957280000E-6	6.653400000E+0	3.999953516E+4	2.555032000E+3
-4.023340000E-6	7.897670000E-6	6.665200000E+0	3.999953516E+4	2.557436000E+3
-2.890840000E-6	8.583130000E-6	6.676200000E+0	3.999953516E+4	2.560277000E+3
-3.576290000E-6	7.897670000E-6	6.686600000E+0	3.999953516E+4	2.561830000E+3
-3.218670000E-6	7.420810000E-6	6.697200000E+0	3.999953516E+4	2.563816000E+3
-3.725300000E-6	8.434120000E-6	6.707200000E+0	3.999953516E+4	2.565799000E+3
-2.622620000E-6	7.271800000E-6	6.718400000E+0	3.999953516E+4	2.568222000E+3
-4.828010000E-6	8.970560000E-6	6.729600000E+0	3.999953516E+4	2.570768000E+3
-3.427280000E-6	7.420810000E-6	6.741200000E+0	3.999953516E+4	2.572918000E+3
-3.844530000E-6	7.063180000E-6	6.751500000E+0	3.999953516E+4	2.574928000E+3
-3.576290000E-6	7.122780000E-6	6.762200000E+0	3.999953516E+4	2.577312000E+3
-4.142550000E-6	8.165890000E-6	6.772500000E+0	3.999953516E+4	2.578525000E+3
-4.678990000E-6	8.970560000E-6	6.784700000E+0	3.999953516E+4	2.581335000E+3
-3.576290000E-6	7.659260000E-6	6.795600000E+0	3.999953516E+4	2.583271000E+3
-3.159060000E-6	8.642730000E-6	6.806700000E+0	3.999953516E+4	2.585732000E+3
-4.768400000E-6	9.089770000E-6	6.817000000E+0	3.999953516E+4	2.588186000E+3
-4.321370000E-6	7.957280000E-6	6.829100000E+0	3.999953516E+4	2.590472000E+3
-4.678990000E-6	7.689060000E-6	6.840200000E+0	3.999953516E+4	2.592535000E+3
-4.828010000E-6	7.420810000E-6	6.852400000E+0	3.999953516E+4	2.594864000E+3
-4.380970000E-6	7.122780000E-6	6.864300000E+0	3.999953516E+4	2.597338000E+3
-5.632670000E-6	9.208980000E-6	6.874900000E+0	3.999953516E+4	2.599308000E+3
-5.006820000E-6	8.910950000E-6	6.886400000E+0	3.999953516E+4	2.602198000E+3
-5.275040000E-6	9.208980000E-6	6.896900000E+0	3.999953516E+4	2.603681000E+3
-3.129260000E-6	7.361200000E-6	6.907300000E+0	3.999953516E+4	2.606513000E+3
-3.904130000E-6	8.821550000E-6	6.918300000E+0	3.999953516E+4	2.608083000E+3
-4.291560000E-6	7.569820000E-6	6.930000000E+0	3.999953516E+4	2.610474000E+3
-5.066420000E-6	8.910950000E-6	6.941700000E+0	3.999953516E+4	2.612620000E+3
-3.933940000E-6	8.523520000E-6	6.951900000E+0	3.999953516E+4	2.615124000E+3
-4.678990000E-6	8.463920000E-6	6.962400000E+0	3.999953516E+4	2.617399000E+3
-4.678990000E-6	8.702340000E-6	6.974500000E+0	3.999953516E+4	2.619227000E+3
-3.576290000E-6	7.241990000E-6	6.984800000E+0	3.999953516E+4	2.621547000E+3
-4.112750000E-6	6.586340000E-6	6.996600000E+0	3.999953516E+4	2.623950000E+3
-4.261760000E-6	8.583130000E-6	7.007700000E+0	3.999953516E+4	2.626343000E+3
-4.708800000E-6	9.208980000E-6	7.018500000E+0	3.999953516E+4	2.627986000E+3
-4.172350000E-6	8.434120000E-6	7.031400000E+0	3.999953516E+4	2.630757000E+3
-3.993540000E-6	7.122780000E-6	7.041900000E+0	3.999953516E+4	2.632793000E+3
-3.755110000E-6	8.344710000E-6	7.053000000E+0	3.999953516E+4	2.635222000E+3
-4.500180000E-6	7.420810000E-6	7.064100000E+0	3.999953516E+4	2.637670000E+3
-3.844530000E-6	7.867870000E-6	7.074800000E+0	3.999953516E+4	2.639332000E+3
-4.351170000E-6	7.778460000E-6	7.085000000E+0	3.999953516E+4	2.641272000E+3
-3.993540000E-6	7.212190000E-6	7.097300000E+0	3.999953516E+4	2.644130000E+3
-4.857810000E-6	8.553320000E-6	7.109200000E+0	3.999953516E+4	2.646465000E+3
-4.082950000E-6	7.391010000E-6	7.120800000E+0	3.999953516E+4	2.648487000E+3
-3.814730000E-6	7.241990000E-6	7.132400000E+0	3.999953516E+4	2.651106000E+3
-3.904130000E-6	7.838070000E-6	7.142500000E+0	3.999953516E+4	2.653023000E+3
-4.053140000E-6	8.165890000E-6	7.153300000E+0	3.999953516E+4	2.655415000E+3
-4.708800000E-6	8.016880000E-6	7.163700000E+0	3.999953516E+4	2.657415000E+3
-3.308070000E-6	9.268580000E-6	7.176100000E+0	3.999953516E+4	2.659453000E+3
-4.321370000E-6	6.854560000E-6	7.187300000E+0	3.999953516E+4	2.662202000E+3
-3.665700000E-6	7.778460000E-6	7.198100000E+0	3.999953516E+4	2.664292000E+3
-3.933940000E-6	7.212190000E-6	7.209300000E+0	3.999953516E+4	2.666665000E+3
-3.308070000E-6	6.884370000E-6	7.221100000E+0	3.999953516E+4	2.668593000E+3
-3.337870000E-6	8.165890000E-6	7.231200000E+0	3.999953516E+4	2.670601000E+3
-3.993540000E-6	8.195700000E-6	7.241900000E+0	3.999953516E+4	2.673011000E+3
-3.486890000E-6	7.927480000E-6	7.254800000E+0	3.999953516E+4	2.675417000E+3
-4.231960000E-6	8.523520000E-6	7.264900000E+0	3.999953516E+4	2.677812000E+3
-4.708800000E-6	8.344710000E-6	7.277800000E+0	3.999953516E+4	2.679819000E+3
-5.245240000E-6	8.791740000E-6	7.288900000E+0	3.999953516E+4	2.682617000E+3
-4.917410000E-6	8.881150000E-6	7.299400000E+0	3.999953516E+4	2.684754000E+3
-4.321370000E-6	7.987080000E-6	7.312700000E+0	3.999953516E+4	2.686798000E+3
-3.725300000E-6	8.791740000E-6	7.324100000E+0	3.999953516E+4	2.689601000E+3
-5.394250000E-6	1.010300000E-5	7.334400000E+0	3.999953516E+4	2.691133000E+3
-3.606100000E-6	8.374510000E-6	7.347000000E+0	3.999953516E+4	2.694048000E+3
-4.440580000E-6	9.507000000E-6	7.358700000E+0	3.999953516E+4	2.696341000E+3
-3.874330000E-6	8.910950000E-6	7.369200000E+0	3.999953516E+4	2.698388000E+3
-4.112750000E-6	8.881150000E-6	7.380400000E+0	3.999953516E+4	2.700131000E+3
-2.712030000E-6	9.119570000E-6	7.391400000E+0	3.999953516E+4	2.702877000E+3
-3.039850000E-6	9.745420000E-6	7.401800000E+0	3.999953516E+4	2.704934000E+3
-3.784910000E-6	8.672530000E-6	7.412700000E+0	3.999953516E+4	2.707302000E+3
-3.576290000E-6	9.566600000E-6	7.425100000E+0	3.999953516E+4	2.709276000E+3
-5.066420000E-6	9.954030000E-6	7.436600000E+0	3.999953516E+4	2.711832000E+3
-3.933940000E-6	9.447390000E-6	7.448600000E+0	3.999953516E+4	2.714262000E+3
-4.202160000E-6	9.179170000E-6	7.458900000E+0	3.999953516E+4	2.716220000E+3
-5.066420000E-6	1.010300000E-5	7.469100000E+0	3.999953516E+4	2.718671000E+3
-4.053140000E-6	9.357990000E-6	7.480200000E+0	3.999953516E+4	2.720629000E+3
-3.874330000E-6	8.225500000E-6	7.491600000E+0	3.999953516E+4	2.722614000E+3
-5.751880000E-6	9.775220000E-6	7.501900000E+0	3.999953516E+4	2.724601000E+3
-3.993540000E-6	1.016270000E-5	7.514000000E+0	3.999953516E+4	2.727449000E+3
-3.188860000E-6	8.165890000E-6	7.524800000E+0	3.999953516E+4	2.729883000E+3
-4.142550000E-6	9.536800000E-6	7.536400000E+0	3.999953516E+4	2.731884000E+3
-3.308070000E-6	8.881150000E-6	7.547600000E+0	3.999953516E+4	2.733967000E+3
-4.142550000E-6	8.344710000E-6	7.559200000E+0	3.999953516E+4	2.736393000E+3
-3.188860000E-6	8.732140000E-6	7.571500000E+0	3.999953516E+4	2.738725000E+3
-4.887610000E-6	9.715620000E-6	7.582200000E+0	3.999953516E+4	2.741156000E+3
-3.188860000E-6	9.447390000E-6	7.593800000E+0	3.999953516E+4	2.743187000E+3
-3.725300000E-6	8.642730000E-6	7.605200000E+0	3.999953516E+4	2.745210000E+3
-2.920640000E-6	9.298380000E-6	7.615600000E+0	3.999953516E+4	2.747554000E+3
-4.112750000E-6	8.761940000E-6	7.627100000E+0	3.999953516E+4	2.749958000E+3
-3.695500000E-6	9.596410000E-6	7.639500000E+0	3.999953516E+4	2.752421000E+3
-4.380970000E-6	9.357990000E-6	7.650500000E+0	3.999953516E+4	2.754349000E+3
-3.874330000E-6	9.566600000E-6	7.661300000E+0	3.999953516E+4	2.756792000E+3
-2.950440000E-6	8.046690000E-6	7.674200000E+0	3.999953516E+4	2.759278000E+3
-3.695500000E-6	9.030160000E-6	7.686600000E+0	3.999953516E+4	2.762123000E+3
-2.414000000E-6	7.510210000E-6	7.699000000E+0	3.999953516E+4	2.764086000E+3
-3.337870000E-6	8.881150000E-6	7.709800000E+0	3.999953516E+4	2.766093000E+3
-3.516690000E-6	8.881150000E-6	7.719900000E+0	3.999953516E+4	2.768525000E+3
-3.606100000E-6	7.540020000E-6	7.730000000E+0	3.999953516E+4	2.770500000E+3
-2.145780000E-6	8.583130000E-6	7.740500000E+0	3.999953516E+4	2.772935000E+3
-4.440580000E-6	9.238780000E-6	7.752100000E+0	3.999953516E+4	2.775336000E+3
-2.622620000E-6	8.553320000E-6	7.762700000E+0	3.999953516E+4	2.777302000E+3
-2.264990000E-6	8.523520000E-6	7.773400000E+0	3.999953516E+4	2.778895000E+3
-3.069650000E-6	8.225500000E-6	7.785700000E+0	3.999953516E+4	2.781315000E+3
-2.056370000E-6	8.255300000E-6	7.798300000E+0	3.999953516E+4	2.784170000E+3
-3.427280000E-6	9.179170000E-6	7.809900000E+0	3.999953516E+4	2.786097000E+3
-2.473610000E-6	8.791740000E-6	7.820000000E+0	3.999953516E+4	2.788891000E+3
-3.039850000E-6	7.808270000E-6	7.831300000E+0	3.999953516E+4	2.790762000E+3
-2.920640000E-6	8.493720000E-6	7.843100000E+0	3.999953516E+4	2.793166000E+3
-2.533210000E-6	7.420810000E-6	7.853800000E+0	3.999953516E+4	2.795227000E+3
-2.741830000E-6	8.702340000E-6	7.864500000E+0	3.999953516E+4	2.797218000E+3
-2.771630000E-6	7.569820000E-6	7.875700000E+0	3.999953516E+4	2.799641000E+3
-2.473610000E-6	7.182390000E-6	7.886400000E+0	3.999953516E+4	2.801962000E+3
-3.218670000E-6	8.165890000E-6	7.898000000E+0	3.999953516E+4	2.804352000E+3
-3.486890000E-6	7.808270000E-6	7.909600000E+0	3.999953516E+4	2.806429000E+3
-3.218670000E-6	9.089770000E-6	7.920300000E+0	3.999953516E+4	2.808415000E+3
-2.652420000E-6	7.897670000E-6	7.932600000E+0	3.999953516E+4	2.810762000E+3
-2.235190000E-6	7.778460000E-6	7.942800000E+0	3.999953516E+4	2.813227000E+3
-2.682220000E-6	7.271800000E-6	7.952900000E+0	3.999953516E+4	2.815601000E+3
-3.159060000E-6	8.463920000E-6	7.963600000E+0	3.999953516E+4	2.817203000E+3
-3.576290000E-6	6.675750000E-6	7.975400000E+0	3.999953516E+4	2.819578000E+3
-3.725300000E-6	6.109510000E-6	7.985400000E+0	3.999953516E+4	2.821606000E+3
-1.966970000E-6	8.583130000E-6	7.996600000E+0	3.999953516E+4	2.823966000E+3
-2.592820000E-6	7.957280000E-6	8.008100000E+0	3.999953516E+4	2.826113000E+3
-3.486890000E-6	9.208980000E-6	8.019100000E+0	3.999953516E+4	2.828120000E+3
-2.563010000E-6	7.420810000E-6	8.031200000E+0	3.999953516E+4	2.830912000E+3
-4.500180000E-6	8.732140000E-6	8.043000000E+0	3.999953516E+4	2.833353000E+3
-4.053140000E-6	8.493720000E-6	8.055000000E+0	3.999953516E+4	2.835734000E+3
-2.443800000E-6	6.198910000E-6	8.067300000E+0	3.999953516E+4	2.837691000E+3
-3.129260000E-6	8.076490000E-6	8.078400000E+0	3.999953516E+4	2.840142000E+3
-3.486890000E-6	5.811480000E-6	8.089300000E+0	3.999953516E+4	2.842256000E+3
-2.682220000E-6	4.589590000E-6	8.100200000E+0	3.999953516E+4	2.844671000E+3
-3.010050000E-6	6.645950000E-6	8.112800000E+0	3.999953516E+4	2.847044000E+3
-2.771630000E-6	5.990300000E-6	8.124900000E+0	3.999953516E+4	2.849032000E+3
-3.814730000E-6	5.096230000E-6	8.136400000E+0	3.999953516E+4	2.851851000E+3
-2.503410000E-6	6.586340000E-6	8.147900000E+0	3.999953516E+4	2.853852000E+3
-1.817950000E-6	5.751880000E-6	8.159900000E+0	3.999953516E+4	2.856657000E+3
-3.218670000E-6	5.096230000E-6	8.170800000E+0	3.999953516E+4	2.859071000E+3
-2.175580000E-6	3.874330000E-6	8.182600000E+0	3.999953516E+4	2.861073000E+3
-2.324600000E-6	7.212190000E-6	8.194500000E+0	3.999953516E+4	2.863031000E+3
-1.728540000E-6	6.586340000E-6	8.206700000E+0	3.999953516E+4	2.865827000E+3
-3.188860000E-6	4.977020000E-6	8.218600000E+0	3.999953516E+4	2.868240000E+3
-3.129260000E-6	5.364450000E-6	8.230500000E+0	3.999953516E+4	2.870665000E+3
-3.963740000E-6	7.271800000E-6	8.242300000E+0	3.999953516E+4	2.872801000E+3
-3.010050000E-6	8.076490000E-6	8.253400000E+0	3.999953516E+4	2.875187000E+3
-3.188860000E-6	6.794960000E-6	8.264000000E+0	3.999953516E+4	2.877560000E+3
-3.159060000E-6	7.391010000E-6	8.274900000E+0	3.999953516E+4	2.879571000E+3
-3.606100000E-6	7.361200000E-6	8.285700000E+0	3.999953516E+4	2.881571000E+3
-2.056370000E-6	6.228710000E-6	8.297500000E+0	3.999953516E+4	2.884000000E+3
-2.831240000E-6	1.937170000E-6	8.308200000E+0	3.999953516E+4	2.886120000E+3
-3.516690000E-6	5.066420000E-6	8.319800000E+0	3.999953516E+4	2.888563000E+3
-2.354400000E-6	7.182390000E-6	8.330600000E+0	3.999953516E+4	2.890984000E+3
-1.966970000E-6	6.556540000E-6	8.342400000E+0	3.999953516E+4	2.892917000E+3
-1.221900000E-6	5.930690000E-6	8.352600000E+0	3.999953516E+4	2.895010000E+3
-2.563010000E-6	6.109510000E-6	8.362800000E+0	3.999953516E+4	2.896898000E+3
-2.384200000E-6	7.003570000E-6	8.373100000E+0	3.999953516E+4	2.898905000E+3
-2.056370000E-6	5.215440000E-6	8.384300000E+0	3.999953516E+4	2.901293000E+3
-2.294790000E-6	6.914170000E-6	8.395000000E+0	3.999953516E+4	2.903713000E+3
-3.278270000E-6	7.957280000E-6	8.407400000E+0	3.999953516E+4	2.906118000E+3
-3.695500000E-6	3.874330000E-6	8.419400000E+0	3.999953516E+4	2.908545000E+3
-2.026570000E-6	5.543260000E-6	8.430300000E+0	3.999953516E+4	2.910560000E+3
-3.010050000E-6	5.036620000E-6	8.440600000E+0	3.999953516E+4	2.912513000E+3
-3.695500000E-6	5.781680000E-6	8.451200000E+0	3.999953516E+4	2.914971000E+3
-2.592820000E-6	4.023340000E-6	8.462600000E+0	3.999953516E+4	2.917060000E+3
-2.563010000E-6	7.420810000E-6	8.474200000E+0	3.999953516E+4	2.919367000E+3
-3.129260000E-6	5.364450000E-6	8.485300000E+0	3.999953516E+4	2.921804000E+3
-3.278270000E-6	4.947210000E-6	8.496000000E+0	3.999953516E+4	2.924138000E+3
-2.861040000E-6	7.003570000E-6	8.508400000E+0	3.999953516E+4	2.926337000E+3
-2.801430000E-6	5.453850000E-6	8.519000000E+0	3.999953516E+4	2.928277000E+3
-2.950440000E-6	4.678990000E-6	8.529100000E+0	3.999953516E+4	2.930284000E+3
-3.278270000E-6	7.241990000E-6	8.539300000E+0	3.999953516E+4	2.932263000E+3
-3.308070000E-6	5.304840000E-6	8.551500000E+0	3.999953516E+4	2.934804000E+3
-3.635900000E-6	4.470380000E-6	8.561800000E+0	3.999953516E+4	2.936366000E+3
-3.069650000E-6	5.006820000E-6	8.574100000E+0	3.999953516E+4	2.939161000E+3
-3.039850000E-6	5.364450000E-6	8.585000000E+0	3.999953516E+4	2.941245000E+3
-3.904130000E-6	7.629450000E-6	8.596700000E+0	3.999953516E+4	2.943970000E+3
-3.874330000E-6	3.010050000E-6	8.608200000E+0	3.999953516E+4	2.946411000E+3
-2.205390000E-6	5.155830000E-6	8.619200000E+0	3.999953516E+4	2.948363000E+3
-3.159060000E-6	3.725300000E-6	8.629400000E+0	3.999953516E+4	2.950048000E+3
-2.592820000E-6	5.185630000E-6	8.640700000E+0	3.999953516E+4	2.952799000E+3
-3.725300000E-6	4.768400000E-6	8.652900000E+0	3.999953516E+4	2.955217000E+3
-2.771630000E-6	2.443800000E-6	8.665300000E+0	3.999953516E+4	2.957631000E+3
-3.695500000E-6	2.384200000E-6	8.676800000E+0	3.999953516E+4	2.959577000E+3
-3.337870000E-6	3.099460000E-6	8.688200000E+0	3.999953516E+4	2.962040000E+3
-2.712030000E-6	5.483660000E-6	8.699500000E+0	3.999953516E+4	2.964467000E+3
-3.576290000E-6	6.109510000E-6	8.711100000E+0	3.999953516E+4	2.966781000E+3
-3.308070000E-6	7.510210000E-6	8.721800000E+0	3.999953516E+4	2.969330000E+3
-3.516690000E-6	4.678990000E-6	8.733100000E+0	3.999953516E+4	2.970885000E+3
-3.814730000E-6	6.020100000E-6	8.744700000E+0	3.999953516E+4	2.973712000E+3
-3.963740000E-6	5.841280000E-6	8.756300000E+0	3.999953516E+4	2.975714000E+3
-3.397480000E-6	6.139310000E-6	8.767300000E+0	3.999953516E+4	2.978145000E+3
-4.023340000E-6	4.440580000E-6	8.777900000E+0	3.999953516E+4	2.980496000E+3
-2.980250000E-6	4.589590000E-6	8.788400000E+0	3.999953516E+4	2.982142000E+3
-4.053140000E-6	6.347920000E-6	8.799100000E+0	3.999953516E+4	2.984169000E+3
-4.112750000E-6	5.632670000E-6	8.810400000E+0	3.999953516E+4	2.986252000E+3
-3.188860000E-6	7.063180000E-6	8.822100000E+0	3.999953516E+4	2.988923000E+3
-3.576290000E-6	5.245240000E-6	8.833500000E+0	3.999953516E+4	2.991165000E+3
-6.467130000E-6	7.778460000E-6	8.843900000E+0	3.999953516E+4	2.993577000E+3
-4.410770000E-6	6.973770000E-6	8.854000000E+0	3.999953516E+4	2.995629000E+3
-3.635900000E-6	4.649190000E-6	8.864700000E+0	3.999953516E+4	2.997563000E+3
-3.486890000E-6	4.529980000E-6	8.875300000E+0	3.999953516E+4	2.999564000E+3
-4.261760000E-6	4.977020000E-6	8.887100000E+0	3.999953516E+4	3.001976000E+3
-4.023340000E-6	5.543260000E-6	8.897200000E+0	3.999953516E+4	3.003633000E+3
-3.576290000E-6	5.871090000E-6	8.907400000E+0	3.999953516E+4	3.005986000E+3
-4.768400000E-6	6.347920000E-6	8.918500000E+0	3.999953516E+4	3.008386000E+3
-3.725300000E-6	5.543260000E-6	8.929800000E+0	3.999953516E+4	3.010400000E+3
-4.023340000E-6	5.841280000E-6	8.940300000E+0	3.999953516E+4	3.012796000E+3
-4.112750000E-6	8.463920000E-6	8.951500000E+0	3.999953516E+4	3.015170000E+3
-4.053140000E-6	3.844530000E-6	8.961700000E+0	3.999953516E+4	3.016806000E+3
-3.069650000E-6	2.145780000E-6	8.971900000E+0	3.999953516E+4	3.018771000E+3
-4.857810000E-6	4.708800000E-6	8.982100000E+0	3.999953516E+4	3.020836000E+3
-3.874330000E-6	1.937170000E-6	8.993600000E+0	3.999953516E+4	3.023167000E+3
-3.904130000E-6	1.609330000E-6	9.004500000E+0	3.999953516E+4	3.025569000E+3
