20240424_HM455NbTa2Zr_chiAC_vs_T_B_0T.001.txt Thu, Apr 24, 2025 4:30:17 PM Juan
Magnet: None
Trigger spacing of 0.010000 on column #3
Offsets:	0.000000000E+0	0.000000000E+0	0.000000000E+0	0.000000000E+0	0.000000000E+0

Scale Factors:	1.000000000E+0	1.000000000E+0	1.000000000E+0	1.000000000E+0	1.000000000E+0

0T
Lockin_V_001	Chan2_V_001	Temperture_001	Field_001	Timestamp_001
-6.333040000E-8	-3.352780000E-8	9.003400000E+0	-1.955843717E-1	4.000000000E-2
-5.215430000E-8	-1.117590000E-8	8.978300000E+0	-1.805394143E-1	1.870090000E+2
-5.587960000E-8	3.352780000E-8	8.988500000E+0	-1.805394143E-1	1.898160000E+2
-2.980250000E-8	2.980250000E-8	8.977300000E+0	-1.805394143E-1	1.970090000E+2
-2.235190000E-8	0.000000000E+0	8.965400000E+0	-1.805394143E-1	1.994620000E+2
-4.842900000E-8	0.000000000E+0	8.953200000E+0	-1.805394143E-1	2.018640000E+2
-7.078100000E-8	-4.097840000E-8	8.940800000E+0	-1.805394143E-1	2.042400000E+2
-5.215430000E-8	-1.490130000E-8	8.927600000E+0	-1.805394143E-1	2.063610000E+2
-7.078100000E-8	-3.352780000E-8	8.917200000E+0	-1.805394143E-1	2.083570000E+2
-7.078100000E-8	-6.705570000E-8	8.905800000E+0	-1.805394143E-1	2.102300000E+2
-7.823160000E-8	1.490130000E-8	8.894900000E+0	-1.805394143E-1	2.117760000E+2
-3.725310000E-8	2.607710000E-8	8.884600000E+0	-1.805394143E-1	2.133380000E+2
-1.192100000E-7	-2.607710000E-8	8.871800000E+0	-1.805394143E-1	2.154490000E+2
-6.705570000E-8	-1.862660000E-8	8.860800000E+0	-1.805394143E-1	2.170170000E+2
-4.842900000E-8	-1.117590000E-8	8.850000000E+0	-1.805394143E-1	2.188460000E+2
3.725320000E-9	0.000000000E+0	8.839800000E+0	-1.805394143E-1	2.203660000E+2
-2.235190000E-8	-7.078100000E-8	8.829400000E+0	-1.805394143E-1	2.221970000E+2
-9.685800000E-8	-3.725320000E-9	8.817500000E+0	-1.805394143E-1	2.240930000E+2
-2.980250000E-8	-3.725320000E-9	8.805600000E+0	-1.805394143E-1	2.261550000E+2
-1.043090000E-7	-1.490130000E-8	8.794200000E+0	-1.805394143E-1	2.279960000E+2
-6.705570000E-8	1.490130000E-8	8.782200000E+0	-1.805394143E-1	2.303560000E+2
-3.725310000E-8	3.725320000E-9	8.771600000E+0	-1.805394143E-1	2.320890000E+2
-1.005830000E-7	-7.450640000E-9	8.758100000E+0	-1.805394143E-1	2.340960000E+2
-1.266610000E-7	-1.117590000E-8	8.745500000E+0	-1.805394143E-1	2.359710000E+2
-4.842900000E-8	-1.117590000E-8	8.734200000E+0	-1.805394143E-1	2.379810000E+2
-7.078100000E-8	-6.705570000E-8	8.722100000E+0	-1.805394143E-1	2.401340000E+2
-6.705570000E-8	0.000000000E+0	8.711300000E+0	-1.805394143E-1	2.429210000E+2
-1.341110000E-7	-7.823160000E-8	8.700200000E+0	-1.805394143E-1	2.454280000E+2
-9.313270000E-8	-1.266610000E-7	8.689700000E+0	-1.805394143E-1	2.478050000E+2
-1.750900000E-7	-1.937160000E-7	8.678900000E+0	-1.805394143E-1	2.501260000E+2
-2.309690000E-7	-3.166510000E-7	8.667400000E+0	-1.805394143E-1	2.525340000E+2
-4.060580000E-7	-6.407540000E-7	8.655600000E+0	-1.805394143E-1	2.551730000E+2
-5.662480000E-7	-1.095240000E-6	8.643800000E+0	-1.805394143E-1	2.566330000E+2
-1.117590000E-6	-2.250090000E-6	8.629900000E+0	-1.805394143E-1	2.582380000E+2
-1.728540000E-6	-3.442180000E-6	8.616500000E+0	-1.805394143E-1	2.589410000E+2
-4.086670000E-6	-7.007300000E-6	8.605300000E+0	-1.805394143E-1	2.599750000E+2
-7.234540000E-6	-1.029680000E-5	8.592600000E+0	-1.805394143E-1	2.606010000E+2
-2.438590000E-5	-1.797090000E-5	8.577700000E+0	-1.805394143E-1	2.620910000E+2
-3.641120000E-5	-1.802680000E-5	8.566500000E+0	-1.805394143E-1	2.627840000E+2
-5.832710000E-5	-1.215940000E-5	8.556100000E+0	-1.805394143E-1	2.642550000E+2
-6.831110000E-5	-8.434120000E-6	8.544600000E+0	-1.805394143E-1	2.653580000E+2
-7.740080000E-5	-4.779580000E-6	8.534200000E+0	-1.805394143E-1	2.672680000E+2
-8.162160000E-5	-3.058480000E-6	8.523600000E+0	-1.805394143E-1	2.690240000E+2
-8.435220000E-5	-1.896180000E-6	8.513000000E+0	-1.805394143E-1	2.711600000E+2
-8.621490000E-5	-1.188370000E-6	8.502900000E+0	-1.805394143E-1	2.735890000E+2
-8.744050000E-5	-6.556550000E-7	8.492600000E+0	-1.805394143E-1	2.758420000E+2
-8.854690000E-5	-2.980250000E-7	8.482200000E+0	-1.805394143E-1	2.787460000E+2
-8.947450000E-5	3.725320000E-9	8.471400000E+0	-1.805394143E-1	2.815440000E+2
-9.021210000E-5	2.458710000E-7	8.460400000E+0	-1.805394143E-1	2.846230000E+2
-9.077460000E-5	3.501790000E-7	8.448900000E+0	-1.805394143E-1	2.870020000E+2
-9.122910000E-5	4.917420000E-7	8.438300000E+0	-1.805394143E-1	2.897260000E+2
-9.171710000E-5	6.221270000E-7	8.427500000E+0	-1.805394143E-1	2.924800000E+2
-9.205610000E-5	7.003580000E-7	8.417300000E+0	-1.805394143E-1	2.952290000E+2
-9.243610000E-5	7.785890000E-7	8.405600000E+0	-1.805394143E-1	2.983510000E+2
-9.279740000E-5	8.530950000E-7	8.394800000E+0	-1.805394143E-1	3.014850000E+2
-9.301720000E-5	9.238760000E-7	8.383700000E+0	-1.805394143E-1	3.042210000E+2
-9.326310000E-5	9.164250000E-7	8.373200000E+0	-1.805394143E-1	3.063360000E+2
-9.358720000E-5	1.009560000E-6	8.362000000E+0	-1.805394143E-1	3.095870000E+2
-9.376970000E-5	1.087790000E-6	8.351600000E+0	-1.805394143E-1	3.119370000E+2
-9.397090000E-5	1.128770000E-6	8.340300000E+0	-1.805394143E-1	3.145170000E+2
-9.412740000E-5	1.147400000E-6	8.330000000E+0	-1.805394143E-1	3.167880000E+2
-9.436950000E-5	1.192100000E-6	8.317900000E+0	-1.805394143E-1	3.194030000E+2
-9.458560000E-5	1.247980000E-6	8.305600000E+0	-1.805394143E-1	3.219520000E+2
-9.476440000E-5	1.218180000E-6	8.293200000E+0	-1.805394143E-1	3.248590000E+2
-9.488360000E-5	1.262880000E-6	8.282100000E+0	-1.805394143E-1	3.269950000E+2
-9.506990000E-5	1.326210000E-6	8.270900000E+0	-1.805394143E-1	3.295460000E+2
-9.521520000E-5	1.277780000E-6	8.259300000E+0	-1.805394143E-1	3.318060000E+2
-9.537530000E-5	1.285230000E-6	8.248800000E+0	-1.805394143E-1	3.342680000E+2
-9.549080000E-5	1.266610000E-6	8.237200000E+0	-1.805394143E-1	3.364790000E+2
-9.569940000E-5	1.356010000E-6	8.224900000E+0	-1.805394143E-1	3.390220000E+2
-9.577400000E-5	1.352290000E-6	8.213700000E+0	-1.805394143E-1	3.411820000E+2
-9.588570000E-5	1.385820000E-6	8.201600000E+0	-1.805394143E-1	3.436840000E+2
-9.602730000E-5	1.400720000E-6	8.188300000E+0	-1.805394143E-1	3.462570000E+2
-9.609060000E-5	1.404440000E-6	8.177300000E+0	-1.805394143E-1	3.483180000E+2
-9.627690000E-5	1.475220000E-6	8.164400000E+0	-1.805394143E-1	3.509230000E+2
-9.634020000E-5	1.475220000E-6	8.152800000E+0	-1.805394143E-1	3.530060000E+2
-9.641840000E-5	1.430520000E-6	8.141100000E+0	-1.805394143E-1	3.554310000E+2
-9.655630000E-5	1.460320000E-6	8.128700000E+0	-1.805394143E-1	3.572780000E+2
-9.664940000E-5	1.497570000E-6	8.117700000E+0	-1.805394143E-1	3.596830000E+2
-9.671650000E-5	1.478950000E-6	8.106400000E+0	-1.805394143E-1	3.616730000E+2
-9.678720000E-5	1.486400000E-6	8.096300000E+0	-1.805394143E-1	3.636610000E+2
-9.677980000E-5	1.557180000E-6	8.085900000E+0	-1.805394143E-1	3.655360000E+2
-9.690640000E-5	1.549730000E-6	8.075100000E+0	-1.805394143E-1	3.676720000E+2
-9.696230000E-5	1.568350000E-6	8.063800000E+0	-1.805394143E-1	3.699670000E+2
-9.705170000E-5	1.508750000E-6	8.052500000E+0	-1.805394143E-1	3.723570000E+2
-9.711510000E-5	1.575810000E-6	8.041500000E+0	-1.805394143E-1	3.742450000E+2
-9.709640000E-5	1.542280000E-6	8.031200000E+0	-1.805394143E-1	3.763430000E+2
-9.712620000E-5	1.609330000E-6	8.017800000E+0	-1.805394143E-1	3.790040000E+2
-9.721940000E-5	1.586980000E-6	8.005800000E+0	-1.805394143E-1	3.815610000E+2
-9.721560000E-5	1.605610000E-6	7.993700000E+0	-1.805394143E-1	3.840600000E+2
-9.729760000E-5	1.654040000E-6	7.981900000E+0	-1.805394143E-1	3.867060000E+2
-9.734230000E-5	1.609330000E-6	7.971900000E+0	-1.805394143E-1	3.884910000E+2
-9.736090000E-5	1.609330000E-6	7.960500000E+0	-1.805394143E-1	3.905130000E+2
-9.742430000E-5	1.631680000E-6	7.948200000E+0	-1.805394143E-1	3.931590000E+2
-9.746150000E-5	1.624230000E-6	7.936700000E+0	-1.805394143E-1	3.953340000E+2
-9.750250000E-5	1.594430000E-6	7.926600000E+0	-1.805394143E-1	3.976770000E+2
-9.749500000E-5	1.616780000E-6	7.915900000E+0	-1.805394143E-1	3.995730000E+2
-9.758820000E-5	1.650310000E-6	7.905200000E+0	-1.805394143E-1	4.017700000E+2
-9.755840000E-5	1.676390000E-6	7.894600000E+0	-1.805394143E-1	4.040200000E+2
-9.760680000E-5	1.650310000E-6	7.884000000E+0	-1.805394143E-1	4.063550000E+2
-9.755840000E-5	1.661490000E-6	7.873500000E+0	-1.805394143E-1	4.082490000E+2
-9.767760000E-5	1.668940000E-6	7.861300000E+0	-1.805394143E-1	4.107510000E+2
-9.764030000E-5	1.624230000E-6	7.849600000E+0	-1.805394143E-1	4.129420000E+2
-9.769250000E-5	1.627960000E-6	7.837300000E+0	-1.805394143E-1	4.154450000E+2
-9.776330000E-5	1.691290000E-6	7.826900000E+0	-1.805394143E-1	4.175450000E+2
-9.776330000E-5	1.702460000E-6	7.815400000E+0	-1.805394143E-1	4.196830000E+2
-9.783780000E-5	1.642860000E-6	7.803600000E+0	-1.805394143E-1	4.219280000E+2
-9.777440000E-5	1.698740000E-6	7.793400000E+0	-1.805394143E-1	4.243580000E+2
-9.777070000E-5	1.739720000E-6	7.782400000E+0	-1.805394143E-1	4.266240000E+2
-9.785270000E-5	1.687560000E-6	7.770000000E+0	-1.805394143E-1	4.292100000E+2
-9.784890000E-5	1.661490000E-6	7.758600000E+0	-1.805394143E-1	4.313260000E+2
-9.790480000E-5	1.750890000E-6	7.747000000E+0	-1.805394143E-1	4.338440000E+2
-9.791230000E-5	1.732270000E-6	7.734400000E+0	-1.805394143E-1	4.364070000E+2
-9.791230000E-5	1.676390000E-6	7.723300000E+0	-1.805394143E-1	4.384860000E+2
-9.793460000E-5	1.687560000E-6	7.713200000E+0	-1.805394143E-1	4.407750000E+2
-9.794950000E-5	1.676390000E-6	7.701700000E+0	-1.805394143E-1	4.427590000E+2
-9.801660000E-5	1.724820000E-6	7.690500000E+0	-1.805394143E-1	4.450620000E+2
-9.797930000E-5	1.646590000E-6	7.678400000E+0	-1.805394143E-1	4.474050000E+2
-9.798310000E-5	1.735990000E-6	7.667900000E+0	-1.805394143E-1	4.496810000E+2
-9.798310000E-5	1.691290000E-6	7.657100000E+0	-1.805394143E-1	4.517090000E+2
-9.802780000E-5	1.695010000E-6	7.646300000E+0	-1.805394143E-1	4.541190000E+2
-9.806130000E-5	1.732270000E-6	7.635200000E+0	-1.805394143E-1	4.563880000E+2
-9.798310000E-5	1.709920000E-6	7.622900000E+0	-1.805394143E-1	4.587480000E+2
-9.804640000E-5	1.728540000E-6	7.611400000E+0	-1.805394143E-1	4.606180000E+2
-9.803150000E-5	1.709920000E-6	7.600700000E+0	-1.805394143E-1	4.627550000E+2
-9.805760000E-5	1.758340000E-6	7.589900000E+0	-1.805394143E-1	4.648950000E+2
-9.807250000E-5	1.661490000E-6	7.579100000E+0	-1.805394143E-1	4.673170000E+2
-9.812090000E-5	1.691290000E-6	7.567900000E+0	-1.805394143E-1	4.695700000E+2
-9.808740000E-5	1.721090000E-6	7.557100000E+0	-1.805394143E-1	4.715520000E+2
-9.806130000E-5	1.676390000E-6	7.546800000E+0	-1.805394143E-1	4.738110000E+2
-9.810600000E-5	1.728540000E-6	7.535500000E+0	-1.805394143E-1	4.762530000E+2
-9.810970000E-5	1.702460000E-6	7.523700000E+0	-1.805394143E-1	4.785160000E+2
-9.813580000E-5	1.680110000E-6	7.513500000E+0	-1.805394143E-1	4.805170000E+2
-9.810230000E-5	1.747170000E-6	7.500900000E+0	-1.805394143E-1	4.826260000E+2
-9.816190000E-5	1.739720000E-6	7.490300000E+0	-1.805394143E-1	4.847690000E+2
-9.816930000E-5	1.680110000E-6	7.480000000E+0	-1.805394143E-1	4.868880000E+2
-9.813580000E-5	1.721090000E-6	7.469400000E+0	-1.805394143E-1	4.890250000E+2
-9.811340000E-5	1.706190000E-6	7.458400000E+0	-1.805394143E-1	4.917410000E+2
-9.810230000E-5	1.724820000E-6	7.447100000E+0	-1.805394143E-1	4.936600000E+2
-9.817300000E-5	1.776970000E-6	7.434800000E+0	-1.805394143E-1	4.963940000E+2
-9.815440000E-5	1.709920000E-6	7.423900000E+0	-1.805394143E-1	4.984260000E+2
-9.815810000E-5	1.676390000E-6	7.412100000E+0	-1.805394143E-1	5.010140000E+2
-9.821400000E-5	1.698740000E-6	7.400400000E+0	-1.805394143E-1	5.028860000E+2
-9.813950000E-5	1.732270000E-6	7.388500000E+0	-1.805394143E-1	5.056930000E+2
-9.819170000E-5	1.791870000E-6	7.378000000E+0	-1.805394143E-1	5.075900000E+2
-9.824750000E-5	1.702460000E-6	7.366400000E+0	-1.805394143E-1	5.099340000E+2
-9.823640000E-5	1.728540000E-6	7.355700000E+0	-1.805394143E-1	5.118080000E+2
-9.818420000E-5	1.773250000E-6	7.344300000E+0	-1.805394143E-1	5.142240000E+2
-9.817300000E-5	1.691290000E-6	7.332600000E+0	-1.805394143E-1	5.164780000E+2
-9.821770000E-5	1.717370000E-6	7.321800000E+0	-1.805394143E-1	5.191560000E+2
-9.824750000E-5	1.758340000E-6	7.309600000E+0	-1.805394143E-1	5.212150000E+2
-9.822890000E-5	1.735990000E-6	7.298800000E+0	-1.805394143E-1	5.234630000E+2
-9.827360000E-5	1.743440000E-6	7.286300000E+0	-1.805394143E-1	5.258450000E+2
-9.822150000E-5	1.750890000E-6	7.275600000E+0	-1.805394143E-1	5.281080000E+2
-9.827730000E-5	1.702460000E-6	7.264800000E+0	-1.805394143E-1	5.299560000E+2
-9.828480000E-5	1.680110000E-6	7.253800000E+0	-1.805394143E-1	5.320750000E+2
-9.824380000E-5	1.709920000E-6	7.242900000E+0	-1.805394143E-1	5.342170000E+2
-9.820280000E-5	1.728540000E-6	7.232000000E+0	-1.805394143E-1	5.367770000E+2
-9.825130000E-5	1.735990000E-6	7.220200000E+0	-1.805394143E-1	5.393330000E+2
-9.820660000E-5	1.672660000E-6	7.208700000E+0	-1.805394143E-1	5.412820000E+2
-9.825130000E-5	1.724820000E-6	7.198600000E+0	-1.805394143E-1	5.431580000E+2
-9.825130000E-5	1.739720000E-6	7.187800000E+0	-1.805394143E-1	5.455530000E+2
-9.828480000E-5	1.780700000E-6	7.175800000E+0	-1.805394143E-1	5.482360000E+2
-9.826620000E-5	1.728540000E-6	7.165200000E+0	-1.805394143E-1	5.506350000E+2
-9.825870000E-5	1.754620000E-6	7.153500000E+0	-1.805394143E-1	5.523660000E+2
-9.829600000E-5	1.721090000E-6	7.141800000E+0	-1.805394143E-1	5.548750000E+2
-9.829970000E-5	1.732270000E-6	7.129500000E+0	-1.805394143E-1	5.574820000E+2
-9.834070000E-5	1.754620000E-6	7.117900000E+0	-1.805394143E-1	5.595480000E+2
-9.823640000E-5	1.739720000E-6	7.107000000E+0	-1.805394143E-1	5.616910000E+2
-9.827360000E-5	1.721090000E-6	7.096600000E+0	-1.805394143E-1	5.644950000E+2
-9.829230000E-5	1.654040000E-6	7.085000000E+0	-1.805394143E-1	5.663490000E+2
-9.830340000E-5	1.747170000E-6	7.073700000E+0	-1.805394143E-1	5.687500000E+2
-9.834810000E-5	1.672660000E-6	7.062300000E+0	-1.805394143E-1	5.709170000E+2
-9.826620000E-5	1.732270000E-6	7.050300000E+0	-1.805394143E-1	5.737070000E+2
-9.830720000E-5	1.743440000E-6	7.039200000E+0	-1.805394143E-1	5.755500000E+2
-9.826620000E-5	1.709920000E-6	7.028600000E+0	-1.805394143E-1	5.776740000E+2
-9.831830000E-5	1.728540000E-6	7.016400000E+0	-1.805394143E-1	5.803010000E+2
-9.830720000E-5	1.732270000E-6	7.003500000E+0	-1.805394143E-1	5.828780000E+2
-9.834810000E-5	1.762070000E-6	6.992700000E+0	-1.805394143E-1	5.844880000E+2
-9.830720000E-5	1.683840000E-6	6.982300000E+0	-1.805394143E-1	5.872220000E+2
-9.835930000E-5	1.642860000E-6	6.971800000E+0	-1.805394143E-1	5.891350000E+2
-9.835930000E-5	1.672660000E-6	6.960300000E+0	-1.805394143E-1	5.912290000E+2
-9.834070000E-5	1.661490000E-6	6.949200000E+0	-1.805394143E-1	5.932750000E+2
-9.836680000E-5	1.624230000E-6	6.937100000E+0	-1.805394143E-1	5.956800000E+2
-9.843380000E-5	1.661490000E-6	6.926800000E+0	-1.805394143E-1	5.971920000E+2
-9.850460000E-5	1.706190000E-6	6.915700000E+0	-1.805394143E-1	6.007440000E+2
-9.851200000E-5	1.650310000E-6	6.905500000E+0	-1.805394143E-1	6.026180000E+2
-9.850090000E-5	1.743440000E-6	6.893600000E+0	-1.805394143E-1	6.046830000E+2
-9.857160000E-5	1.676390000E-6	6.883000000E+0	-1.805394143E-1	6.064920000E+2
-9.862380000E-5	1.706190000E-6	6.871800000E+0	-1.805394143E-1	6.089350000E+2
-9.867220000E-5	1.646590000E-6	6.861100000E+0	-1.805394143E-1	6.106060000E+2
-9.862750000E-5	1.687560000E-6	6.851000000E+0	-1.805394143E-1	6.127690000E+2
-9.871690000E-5	1.739720000E-6	6.840900000E+0	-1.805394143E-1	6.152640000E+2
-9.870580000E-5	1.683840000E-6	6.830200000E+0	-1.805394143E-1	6.173610000E+2
-9.867970000E-5	1.687560000E-6	6.818900000E+0	-1.805394143E-1	6.191820000E+2
-9.870950000E-5	1.728540000E-6	6.808100000E+0	-1.805394143E-1	6.216390000E+2
-9.872440000E-5	1.717370000E-6	6.796000000E+0	-1.805394143E-1	6.236770000E+2
-9.868340000E-5	1.713640000E-6	6.784000000E+0	-1.805394143E-1	6.258250000E+2
-9.867970000E-5	1.758340000E-6	6.772200000E+0	-1.805394143E-1	6.283640000E+2
-9.867220000E-5	1.788150000E-6	6.761100000E+0	-1.805394143E-1	6.315880000E+2
-9.868710000E-5	1.814220000E-6	6.750000000E+0	-1.805394143E-1	6.331110000E+2
-9.873180000E-5	1.735990000E-6	6.737400000E+0	-1.805394143E-1	6.358110000E+2
-9.867600000E-5	1.754620000E-6	6.726300000E+0	-1.805394143E-1	6.381280000E+2
-9.869090000E-5	1.754620000E-6	6.713700000E+0	-1.805394143E-1	6.410290000E+2
-9.872070000E-5	1.806770000E-6	6.701500000E+0	-1.805394143E-1	6.428210000E+2
-9.865730000E-5	1.799320000E-6	6.691100000E+0	-1.805394143E-1	6.452620000E+2
-9.866850000E-5	1.698740000E-6	6.680400000E+0	-1.805394143E-1	6.477110000E+2
-9.869460000E-5	1.773250000E-6	6.667100000E+0	-1.805394143E-1	6.495410000E+2
-9.869830000E-5	1.788150000E-6	6.656200000E+0	-1.805394143E-1	6.541500000E+2
-9.863130000E-5	1.776970000E-6	6.643600000E+0	-1.805394143E-1	6.566290000E+2
-9.863130000E-5	1.754620000E-6	6.631700000E+0	-1.805394143E-1	6.579410000E+2
-9.863500000E-5	1.784420000E-6	6.618700000E+0	-1.805394143E-1	6.596960000E+2
-9.862750000E-5	1.810500000E-6	6.607000000E+0	-1.805394143E-1	6.615920000E+2
-9.864990000E-5	1.780700000E-6	6.596500000E+0	-1.805394143E-1	6.659480000E+2
-9.863870000E-5	1.829120000E-6	6.582500000E+0	-1.805394143E-1	6.685980000E+2
-9.866110000E-5	1.832850000E-6	6.570700000E+0	-1.805394143E-1	6.698670000E+2
-9.864240000E-5	1.810500000E-6	6.557000000E+0	-1.805394143E-1	6.713010000E+2
-9.868340000E-5	1.832850000E-6	6.546300000E+0	-1.805394143E-1	6.727730000E+2
-9.864990000E-5	1.769520000E-6	6.535400000E+0	-1.805394143E-1	6.786140000E+2
-9.866110000E-5	1.735990000E-6	6.524100000E+0	-1.805394143E-1	6.811940000E+2
-9.860520000E-5	1.762070000E-6	6.512200000E+0	-1.805394143E-1	6.825050000E+2
-9.866110000E-5	1.866380000E-6	6.500300000E+0	-1.805394143E-1	6.837130000E+2
-9.862750000E-5	1.773250000E-6	6.489300000E+0	-1.805394143E-1	6.854610000E+2
-9.868340000E-5	1.851480000E-6	6.478200000E+0	-1.805394143E-1	6.887440000E+2
-9.865730000E-5	1.821670000E-6	6.466500000E+0	-1.805394143E-1	6.905340000E+2
-9.866480000E-5	1.821670000E-6	6.455500000E+0	-1.805394143E-1	6.953110000E+2
-9.867600000E-5	1.840300000E-6	6.444100000E+0	-1.805394143E-1	6.963880000E+2
-9.870200000E-5	1.888730000E-6	6.431200000E+0	-1.805394143E-1	6.978030000E+2
-9.869090000E-5	1.803050000E-6	6.420100000E+0	-1.805394143E-1	6.990790000E+2
-9.868340000E-5	1.814220000E-6	6.409600000E+0	-1.805394143E-1	7.005170000E+2
-9.863130000E-5	1.821670000E-6	6.398800000E+0	-1.805394143E-1	7.064840000E+2
-9.866110000E-5	1.844030000E-6	6.388300000E+0	-1.805394143E-1	7.086340000E+2
-9.866850000E-5	1.885000000E-6	6.374600000E+0	-1.805394143E-1	7.098090000E+2
-9.862380000E-5	1.888730000E-6	6.361800000E+0	-1.805394143E-1	7.112760000E+2
-9.858280000E-5	1.866380000E-6	6.348600000E+0	-1.805394143E-1	7.128840000E+2
-9.856420000E-5	1.840300000E-6	6.337500000E+0	-1.805394143E-1	7.183880000E+2
-9.860520000E-5	1.862650000E-6	6.326700000E+0	-1.805394143E-1	7.199760000E+2
-9.859030000E-5	1.855200000E-6	6.312600000E+0	-1.805394143E-1	7.212810000E+2
-9.856790000E-5	1.836580000E-6	6.301400000E+0	-1.805394143E-1	7.231820000E+2
-9.850090000E-5	1.810500000E-6	6.290000000E+0	-1.805394143E-1	7.247380000E+2
-9.853440000E-5	1.803050000E-6	6.279400000E+0	-1.805394143E-1	7.290670000E+2
-9.853070000E-5	1.877550000E-6	6.266000000E+0	-1.805394143E-1	7.302330000E+2
-9.851950000E-5	1.832850000E-6	6.254800000E+0	-1.805394143E-1	7.316060000E+2
-9.845990000E-5	1.795600000E-6	6.244300000E+0	-1.805394143E-1	7.361130000E+2
-9.848970000E-5	1.810500000E-6	6.227800000E+0	-1.805394143E-1	7.378020000E+2
-9.853810000E-5	1.780700000E-6	6.214200000E+0	-1.805394143E-1	7.397130000E+2
-9.852690000E-5	1.806770000E-6	6.203000000E+0	-1.805394143E-1	7.438340000E+2
-9.853810000E-5	1.773250000E-6	6.192400000E+0	-1.805394143E-1	7.451670000E+2
-9.848970000E-5	1.739720000E-6	6.178800000E+0	-1.805394143E-1	7.464160000E+2
-9.856420000E-5	1.877550000E-6	6.167300000E+0	-1.805394143E-1	7.494630000E+2
-9.849340000E-5	1.836580000E-6	6.152800000E+0	-1.805394143E-1	7.520290000E+2
-9.853440000E-5	1.743440000E-6	6.141200000E+0	-1.805394143E-1	7.545280000E+2
-9.857910000E-5	1.687560000E-6	6.130800000E+0	-1.805394143E-1	7.566540000E+2
-9.855300000E-5	1.836580000E-6	6.118500000E+0	-1.805394143E-1	7.583440000E+2
-9.846730000E-5	1.821670000E-6	6.105600000E+0	-1.805394143E-1	7.604770000E+2
-9.848970000E-5	1.836580000E-6	6.091100000E+0	-1.805394143E-1	7.625070000E+2
-9.859030000E-5	1.803050000E-6	6.079700000E+0	-1.805394143E-1	7.667870000E+2
-9.850090000E-5	1.806770000E-6	6.066700000E+0	-1.805394143E-1	7.683970000E+2
-9.851580000E-5	1.773250000E-6	6.051300000E+0	-1.805394143E-1	7.690840000E+2
-9.849340000E-5	1.776970000E-6	6.038100000E+0	-1.805394143E-1	7.699380000E+2
-9.850460000E-5	1.762070000E-6	6.024700000E+0	-1.805394143E-1	7.734490000E+2
-9.853440000E-5	1.780700000E-6	6.014200000E+0	-1.805394143E-1	7.775730000E+2
-9.851950000E-5	1.773250000E-6	6.002400000E+0	-1.805394143E-1	7.786160000E+2
-9.853440000E-5	1.758340000E-6	5.991000000E+0	-1.805394143E-1	7.789240000E+2
-9.853070000E-5	1.795600000E-6	5.977800000E+0	-1.805394143E-1	7.802940000E+2
-9.847480000E-5	1.806770000E-6	5.960800000E+0	-1.805394143E-1	7.838310000E+2
-9.848600000E-5	1.769520000E-6	5.926200000E+0	-1.805394143E-1	7.841080000E+2
-9.851580000E-5	1.758340000E-6	5.876500000E+0	-1.805394143E-1	7.850190000E+2
-9.849340000E-5	1.750890000E-6	5.896200000E+0	-1.805394143E-1	7.864150000E+2
-9.848970000E-5	1.721090000E-6	5.916600000E+0	-1.805394143E-1	7.869130000E+2
-9.847480000E-5	1.743440000E-6	5.932700000E+0	-1.805394143E-1	7.873050000E+2
-9.847480000E-5	1.762070000E-6	5.950400000E+0	-1.805394143E-1	7.877240000E+2
-9.851950000E-5	1.750890000E-6	5.965700000E+0	-1.805394143E-1	7.883410000E+2
-9.852320000E-5	1.728540000E-6	5.976000000E+0	-1.805394143E-1	7.886420000E+2
-9.853440000E-5	1.747170000E-6	5.956700000E+0	-1.805394143E-1	7.914210000E+2
-9.846730000E-5	1.810500000E-6	5.935800000E+0	-1.805394143E-1	7.922430000E+2
-9.844500000E-5	1.769520000E-6	5.920700000E+0	-1.805394143E-1	7.930780000E+2
-9.848220000E-5	1.836580000E-6	5.905900000E+0	-1.805394143E-1	7.938370000E+2
-9.852320000E-5	1.803050000E-6	5.892900000E+0	-1.805394143E-1	7.946750000E+2
-9.848970000E-5	1.825400000E-6	5.881600000E+0	-1.805394143E-1	7.960250000E+2
-9.849710000E-5	1.724820000E-6	5.893000000E+0	-1.805394143E-1	8.037460000E+2
-9.849710000E-5	1.683840000E-6	5.904000000E+0	-1.805394143E-1	8.082240000E+2
-9.846360000E-5	1.810500000E-6	5.892300000E+0	-1.805394143E-1	8.138630000E+2
-9.848220000E-5	1.821670000E-6	5.880600000E+0	-1.805394143E-1	8.163030000E+2
-9.845620000E-5	1.806770000E-6	5.868300000E+0	-1.805394143E-1	8.186660000E+2
-9.843750000E-5	1.769520000E-6	5.856400000E+0	-1.805394143E-1	8.212540000E+2
-9.847110000E-5	1.776970000E-6	5.846200000E+0	-1.805394143E-1	8.230400000E+2
-9.853810000E-5	1.799320000E-6	5.833400000E+0	-1.805394143E-1	8.249300000E+2
-9.843380000E-5	1.810500000E-6	5.823000000E+0	-1.805394143E-1	8.267180000E+2
-9.845620000E-5	1.788150000E-6	5.811200000E+0	-1.805394143E-1	8.286480000E+2
-9.848970000E-5	1.803050000E-6	5.800700000E+0	-1.805394143E-1	8.303980000E+2
-9.848600000E-5	1.769520000E-6	5.789500000E+0	-1.805394143E-1	8.324410000E+2
-9.851950000E-5	1.776970000E-6	5.778900000E+0	-1.805394143E-1	8.341180000E+2
-9.849340000E-5	1.773250000E-6	5.765700000E+0	-1.805394143E-1	8.361570000E+2
-9.845620000E-5	1.810500000E-6	5.755400000E+0	-1.805394143E-1	8.378580000E+2
-9.852320000E-5	1.769520000E-6	5.744300000E+0	-1.805394143E-1	8.401650000E+2
-9.843010000E-5	1.788150000E-6	5.733400000E+0	-1.805394143E-1	8.419780000E+2
-9.850830000E-5	1.806770000E-6	5.721700000E+0	-1.805394143E-1	8.438650000E+2
-9.845620000E-5	1.788150000E-6	5.709800000E+0	-1.805394143E-1	8.457370000E+2
-9.847850000E-5	1.776970000E-6	5.698600000E+0	-1.805394143E-1	8.477020000E+2
-9.842260000E-5	1.803050000E-6	5.687500000E+0	-1.805394143E-1	8.495750000E+2
-9.845990000E-5	1.799320000E-6	5.677300000E+0	-1.805394143E-1	8.516630000E+2
-9.848970000E-5	1.814220000E-6	5.665500000E+0	-1.805394143E-1	8.534530000E+2
-9.851950000E-5	1.762070000E-6	5.654800000E+0	-1.805394143E-1	8.558410000E+2
-9.849710000E-5	1.832850000E-6	5.644400000E+0	-1.805394143E-1	8.576310000E+2
-9.847110000E-5	1.855200000E-6	5.633600000E+0	-1.805394143E-1	8.597230000E+2
-9.852320000E-5	1.799320000E-6	5.620600000E+0	-1.805394143E-1	8.617060000E+2
-9.851950000E-5	1.773250000E-6	5.610100000E+0	-1.805394143E-1	8.639620000E+2
-9.841520000E-5	1.769520000E-6	5.598800000E+0	-1.805394143E-1	8.654930000E+2
-9.846730000E-5	1.851480000E-6	5.586300000E+0	-1.805394143E-1	8.683350000E+2
-9.849340000E-5	1.832850000E-6	5.573500000E+0	-1.805394143E-1	8.708340000E+2
-9.845620000E-5	1.773250000E-6	5.561400000E+0	-1.805394143E-1	8.727860000E+2
-9.851200000E-5	1.721090000E-6	5.550700000E+0	-1.805394143E-1	8.750500000E+2
-9.851580000E-5	1.769520000E-6	5.538700000E+0	-1.805394143E-1	8.770910000E+2
-9.845620000E-5	1.769520000E-6	5.528700000E+0	-1.805394143E-1	8.789960000E+2
-9.848970000E-5	1.803050000E-6	5.516900000E+0	-1.805394143E-1	8.814840000E+2
-9.850090000E-5	1.721090000E-6	5.503900000E+0	-1.805394143E-1	8.845250000E+2
-9.851950000E-5	1.724820000E-6	5.492000000E+0	-1.805394143E-1	8.862450000E+2
-9.848600000E-5	1.732270000E-6	5.480600000E+0	-1.805394143E-1	8.886690000E+2
-9.850830000E-5	1.803050000E-6	5.466600000E+0	-1.805394143E-1	8.911270000E+2
-9.848600000E-5	1.814220000E-6	5.455800000E+0	-1.805394143E-1	8.934520000E+2
-9.854930000E-5	1.743440000E-6	5.443900000E+0	-1.805394143E-1	8.958700000E+2
-9.846360000E-5	1.788150000E-6	5.431000000E+0	-1.805394143E-1	8.983150000E+2
-9.847110000E-5	1.773250000E-6	5.419200000E+0	-1.805394143E-1	9.003030000E+2
-9.843750000E-5	1.836580000E-6	5.407300000E+0	-1.805394143E-1	9.030590000E+2
-9.850090000E-5	1.803050000E-6	5.394700000E+0	-1.805394143E-1	9.054560000E+2
-9.850830000E-5	1.799320000E-6	5.382700000E+0	-1.805394143E-1	9.074590000E+2
-9.848220000E-5	1.814220000E-6	5.370900000E+0	-1.805394143E-1	9.103800000E+2
-9.847480000E-5	1.773250000E-6	5.359300000E+0	-1.805394143E-1	9.127800000E+2
-9.846360000E-5	1.832850000E-6	5.347500000E+0	-1.805394143E-1	9.147940000E+2
-9.847850000E-5	1.773250000E-6	5.337400000E+0	-1.805394143E-1	9.170840000E+2
-9.853810000E-5	1.825400000E-6	5.325300000E+0	-1.805394143E-1	9.195120000E+2
-9.849340000E-5	1.806770000E-6	5.313100000E+0	-1.805394143E-1	9.213190000E+2
-9.848970000E-5	1.799320000E-6	5.301000000E+0	-1.805394143E-1	9.242670000E+2
-9.845620000E-5	1.780700000E-6	5.289100000E+0	-1.805394143E-1	9.268500000E+2
-9.846730000E-5	1.803050000E-6	5.278800000E+0	-1.805394143E-1	9.285970000E+2
-9.848970000E-5	1.799320000E-6	5.267100000E+0	-1.805394143E-1	9.305670000E+2
-9.851200000E-5	1.791870000E-6	5.255000000E+0	-1.805394143E-1	9.333260000E+2
-9.851200000E-5	1.832850000E-6	5.244000000E+0	-1.805394143E-1	9.355890000E+2
-9.847850000E-5	1.791870000E-6	5.233500000E+0	-1.805394143E-1	9.374550000E+2
-9.850460000E-5	1.773250000E-6	5.223200000E+0	-1.805394143E-1	9.390690000E+2
-9.847850000E-5	1.788150000E-6	5.212300000E+0	-1.805394143E-1	9.418620000E+2
-9.846360000E-5	1.791870000E-6	5.201500000E+0	-1.805394143E-1	9.443560000E+2
-9.847110000E-5	1.765790000E-6	5.190400000E+0	-1.805394143E-1	9.457490000E+2
-9.849710000E-5	1.814220000E-6	5.177900000E+0	-1.805394143E-1	9.486780000E+2
-9.848970000E-5	1.788150000E-6	5.166700000E+0	-1.805394143E-1	9.510820000E+2
-9.851580000E-5	1.765790000E-6	5.155100000E+0	-1.805394143E-1	9.529470000E+2
-9.848970000E-5	1.844030000E-6	5.142100000E+0	-1.805394143E-1	9.558670000E+2
-9.853070000E-5	1.780700000E-6	5.132000000E+0	-1.805394143E-1	9.579900000E+2
-9.850830000E-5	1.769520000E-6	5.121500000E+0	-1.805394143E-1	9.601170000E+2
-9.850460000E-5	1.747170000E-6	5.110700000E+0	-1.805394143E-1	9.622600000E+2
-9.847480000E-5	1.791870000E-6	5.099300000E+0	-1.805394143E-1	9.640250000E+2
-9.842260000E-5	1.735990000E-6	5.088600000E+0	-1.805394143E-1	9.665170000E+2
-9.847480000E-5	1.814220000E-6	5.077300000E+0	-1.805394143E-1	9.693800000E+2
-9.846730000E-5	1.817950000E-6	5.066700000E+0	-1.805394143E-1	9.707860000E+2
-9.850830000E-5	1.754620000E-6	5.055500000E+0	-1.805394143E-1	9.730630000E+2
-9.853440000E-5	1.780700000E-6	5.043800000E+0	-1.805394143E-1	9.756790000E+2
-9.848600000E-5	1.825400000E-6	5.033100000E+0	-1.805394143E-1	9.777220000E+2
-9.847480000E-5	1.810500000E-6	5.022200000E+0	-1.805394143E-1	9.794940000E+2
-9.842260000E-5	1.743440000E-6	5.011600000E+0	-1.805394143E-1	9.818710000E+2
-9.845620000E-5	1.806770000E-6	5.000300000E+0	-1.805394143E-1	9.846610000E+2
-9.845620000E-5	1.750890000E-6	4.989700000E+0	-1.805394143E-1	9.862540000E+2
-9.842640000E-5	1.799320000E-6	4.978500000E+0	-1.805394143E-1	9.885830000E+2
-9.856790000E-5	1.747170000E-6	4.966000000E+0	-1.805394143E-1	9.910600000E+2
-9.850460000E-5	1.769520000E-6	4.953500000E+0	-1.805394143E-1	9.931080000E+2
-9.848970000E-5	1.784420000E-6	4.941600000E+0	-1.805394143E-1	9.958620000E+2
-9.845240000E-5	1.750890000E-6	4.927700000E+0	-1.805394143E-1	9.988140000E+2
-9.848600000E-5	1.795600000E-6	4.914700000E+0	-1.805394143E-1	1.000773000E+3
-9.854930000E-5	1.795600000E-6	4.903500000E+0	-1.805394143E-1	1.003584000E+3
-9.848970000E-5	1.799320000E-6	4.890700000E+0	-1.805394143E-1	1.005997000E+3
-9.853440000E-5	1.735990000E-6	4.880300000E+0	-1.805394143E-1	1.008523000E+3
-9.850090000E-5	1.844030000E-6	4.869500000E+0	-1.805394143E-1	1.010385000E+3
-9.850830000E-5	1.829120000E-6	4.857700000E+0	-1.805394143E-1	1.012787000E+3
-9.854560000E-5	1.776970000E-6	4.846700000E+0	-1.805394143E-1	1.014724000E+3
-9.854560000E-5	1.750890000E-6	4.835600000E+0	-1.805394143E-1	1.017184000E+3
-9.848970000E-5	1.773250000E-6	4.824600000E+0	-1.805394143E-1	1.019772000E+3
-9.853440000E-5	1.724820000E-6	4.812300000E+0	-1.805394143E-1	1.021461000E+3
-9.847110000E-5	1.769520000E-6	4.800300000E+0	-1.805394143E-1	1.024419000E+3
-9.851580000E-5	1.784420000E-6	4.788400000E+0	-1.805394143E-1	1.026660000E+3
-9.847110000E-5	1.799320000E-6	4.775500000E+0	-1.805394143E-1	1.028708000E+3
-9.857540000E-5	1.795600000E-6	4.765100000E+0	-1.805394143E-1	1.031599000E+3
-9.848600000E-5	1.795600000E-6	4.754100000E+0	-1.805394143E-1	1.033521000E+3
-9.851950000E-5	1.773250000E-6	4.740600000E+0	-1.805394143E-1	1.035468000E+3
-9.853440000E-5	1.765790000E-6	4.728300000E+0	-1.805394143E-1	1.038556000E+3
-9.851950000E-5	1.795600000E-6	4.717100000E+0	-1.805394143E-1	1.040698000E+3
-9.853070000E-5	1.810500000E-6	4.705700000E+0	-1.805394143E-1	1.043244000E+3
-9.856790000E-5	1.773250000E-6	4.693800000E+0	-1.805394143E-1	1.045763000E+3
-9.852320000E-5	1.799320000E-6	4.683200000E+0	-1.805394143E-1	1.047527000E+3
-9.857160000E-5	1.803050000E-6	4.672000000E+0	-1.805394143E-1	1.050120000E+3
-9.851580000E-5	1.791870000E-6	4.659100000E+0	-1.805394143E-1	1.051904000E+3
-9.850460000E-5	1.825400000E-6	4.647500000E+0	-1.805394143E-1	1.054863000E+3
-9.854180000E-5	1.791870000E-6	4.634400000E+0	-1.805394143E-1	1.057256000E+3
-9.856790000E-5	1.817950000E-6	4.624300000E+0	-1.805394143E-1	1.059601000E+3
-9.847480000E-5	1.844030000E-6	4.611700000E+0	-1.805394143E-1	1.061625000E+3
-9.854930000E-5	1.799320000E-6	4.601200000E+0	-1.805394143E-1	1.064012000E+3
-9.850830000E-5	1.776970000E-6	4.589700000E+0	-1.805394143E-1	1.066465000E+3
-9.848970000E-5	1.773250000E-6	4.578300000E+0	-1.805394143E-1	1.068403000E+3
-9.850460000E-5	1.762070000E-6	4.567900000E+0	-1.805394143E-1	1.070752000E+3
-9.845990000E-5	1.788150000E-6	4.554200000E+0	-1.805394143E-1	1.073263000E+3
-9.844870000E-5	1.765790000E-6	4.543500000E+0	-1.805394143E-1	1.075208000E+3
-9.853440000E-5	1.788150000E-6	4.533300000E+0	-1.805394143E-1	1.077530000E+3
-9.845990000E-5	1.799320000E-6	4.520800000E+0	-1.805394143E-1	1.080449000E+3
-9.854560000E-5	1.769520000E-6	4.509000000E+0	-1.805394143E-1	1.082446000E+3
-9.851950000E-5	1.799320000E-6	4.497000000E+0	-1.805394143E-1	1.084798000E+3
-9.848970000E-5	1.836580000E-6	4.486300000E+0	-1.805394143E-1	1.087262000E+3
-9.849340000E-5	1.799320000E-6	4.475500000E+0	-1.805394143E-1	1.089328000E+3
-9.848220000E-5	1.803050000E-6	4.463900000E+0	-1.805394143E-1	1.091653000E+3
-9.848600000E-5	1.799320000E-6	4.451900000E+0	-1.805394143E-1	1.093670000E+3
-9.853810000E-5	1.724820000E-6	4.441500000E+0	-1.805394143E-1	1.095813000E+3
-9.846730000E-5	1.803050000E-6	4.430300000E+0	-1.805394143E-1	1.098409000E+3
-9.850830000E-5	1.739720000E-6	4.417000000E+0	-1.805394143E-1	1.100396000E+3
-9.852320000E-5	1.776970000E-6	4.406000000E+0	-1.805394143E-1	1.103216000E+3
-9.853440000E-5	1.825400000E-6	4.393100000E+0	-1.805394143E-1	1.105608000E+3
-9.848970000E-5	1.803050000E-6	4.381700000E+0	-1.805394143E-1	1.108147000E+3
-9.849710000E-5	1.773250000E-6	4.369900000E+0	-1.805394143E-1	1.110264000E+3
-9.848600000E-5	1.810500000E-6	4.359200000E+0	-1.805394143E-1	1.112411000E+3
-9.850830000E-5	1.773250000E-6	4.346400000E+0	-1.805394143E-1	1.115010000E+3
-9.855300000E-5	1.769520000E-6	4.335800000E+0	-1.805394143E-1	1.116837000E+3
-9.851200000E-5	1.791870000E-6	4.325100000E+0	-1.805394143E-1	1.119201000E+3
-9.851200000E-5	1.791870000E-6	4.312300000E+0	-1.805394143E-1	1.121756000E+3
-9.854180000E-5	1.803050000E-6	4.302100000E+0	-1.805394143E-1	1.123658000E+3
-9.850090000E-5	1.784420000E-6	4.291900000E+0	-1.805394143E-1	1.126069000E+3
-9.852690000E-5	1.773250000E-6	4.281600000E+0	-1.805394143E-1	1.128154000E+3
-9.857540000E-5	1.858930000E-6	4.270700000E+0	-1.805394143E-1	1.129937000E+3
-9.847480000E-5	1.795600000E-6	4.259600000E+0	-1.805394143E-1	1.132438000E+3
-9.845620000E-5	1.735990000E-6	4.249300000E+0	-1.805394143E-1	1.134289000E+3
-9.856050000E-5	1.728540000E-6	4.238300000E+0	-1.805394143E-1	1.136366000E+3
-9.850830000E-5	1.754620000E-6	4.228100000E+0	-1.805394143E-1	1.138707000E+3
-9.850090000E-5	1.814220000E-6	4.216300000E+0	-1.805394143E-1	1.141085000E+3
-9.850460000E-5	1.788150000E-6	4.204800000E+0	-1.805394143E-1	1.143081000E+3
-9.854560000E-5	1.784420000E-6	4.192100000E+0	-1.805394143E-1	1.146065000E+3
-9.847850000E-5	1.758340000E-6	4.179300000E+0	-1.805394143E-1	1.147949000E+3
-9.849340000E-5	1.825400000E-6	4.167600000E+0	-1.805394143E-1	1.150870000E+3
-9.850090000E-5	1.747170000E-6	4.153900000E+0	-1.805394143E-1	1.153210000E+3
-9.851950000E-5	1.739720000E-6	4.141000000E+0	-1.805394143E-1	1.156348000E+3
-9.855300000E-5	1.735990000E-6	4.130700000E+0	-1.805394143E-1	1.158089000E+3
-9.852690000E-5	1.825400000E-6	4.117500000E+0	-1.805394143E-1	1.160584000E+3
-9.849340000E-5	1.709920000E-6	4.106400000E+0	-1.805394143E-1	1.162691000E+3
-9.850090000E-5	1.806770000E-6	4.095300000E+0	-1.805394143E-1	1.165419000E+3
-9.857910000E-5	1.776970000E-6	4.082100000E+0	-1.805394143E-1	1.167375000E+3
-9.852690000E-5	1.773250000E-6	4.071000000E+0	-1.805394143E-1	1.170463000E+3
-9.849710000E-5	1.799320000E-6	4.058800000E+0	-1.805394143E-1	1.172195000E+3
-9.854930000E-5	1.776970000E-6	4.046200000E+0	-1.805394143E-1	1.175158000E+3
-9.847850000E-5	1.791870000E-6	4.035800000E+0	-1.805394143E-1	1.177123000E+3
-9.849710000E-5	1.750890000E-6	4.024600000E+0	-1.805394143E-1	1.179418000E+3
-9.853440000E-5	1.814220000E-6	4.014500000E+0	-1.805394143E-1	1.181018000E+3
-9.850460000E-5	1.758340000E-6	4.002800000E+0	-1.805394143E-1	1.184078000E+3
-9.854180000E-5	1.806770000E-6	3.991500000E+0	-1.805394143E-1	1.185787000E+3
-9.848220000E-5	1.791870000E-6	3.981100000E+0	-1.805394143E-1	1.188166000E+3
-9.853070000E-5	1.709920000E-6	3.970500000E+0	-1.805394143E-1	1.190366000E+3
-9.849710000E-5	1.769520000E-6	3.958700000E+0	-1.805394143E-1	1.192557000E+3
-9.856790000E-5	1.829120000E-6	3.946300000E+0	-1.805394143E-1	1.194610000E+3
-9.847480000E-5	1.780700000E-6	3.936100000E+0	-1.805394143E-1	1.197672000E+3
-9.848970000E-5	1.806770000E-6	3.925600000E+0	-1.805394143E-1	1.198875000E+3
-9.851950000E-5	1.739720000E-6	3.915600000E+0	-1.805394143E-1	1.201387000E+3
-9.849340000E-5	1.855200000E-6	3.904300000E+0	-1.805394143E-1	1.203624000E+3
-9.852690000E-5	1.825400000E-6	3.892800000E+0	-1.805394143E-1	1.205270000E+3
-9.852690000E-5	1.821670000E-6	3.881100000E+0	-1.805394143E-1	1.208366000E+3
-9.852690000E-5	1.803050000E-6	3.868800000E+0	-1.805394143E-1	1.210434000E+3
-9.852690000E-5	1.799320000E-6	3.857600000E+0	-1.805394143E-1	1.212969000E+3
-9.854560000E-5	1.795600000E-6	3.846400000E+0	-1.805394143E-1	1.214997000E+3
-9.852690000E-5	1.769520000E-6	3.833700000E+0	-1.805394143E-1	1.217315000E+3
-9.854180000E-5	1.803050000E-6	3.823500000E+0	-1.805394143E-1	1.219783000E+3
-9.852690000E-5	1.899910000E-6	3.812500000E+0	-1.805394143E-1	1.221789000E+3
-9.853440000E-5	1.773250000E-6	3.801900000E+0	-1.805394143E-1	1.223671000E+3
-9.851950000E-5	1.762070000E-6	3.788800000E+0	-1.805394143E-1	1.226566000E+3
-9.853440000E-5	1.750890000E-6	3.778800000E+0	-1.805394143E-1	1.228624000E+3
-9.851950000E-5	1.814220000E-6	3.767000000E+0	-1.805394143E-1	1.230450000E+3
-9.855300000E-5	1.773250000E-6	3.754300000E+0	-1.805394143E-1	1.233360000E+3
-9.848970000E-5	1.791870000E-6	3.743600000E+0	-1.805394143E-1	1.235450000E+3
-9.849710000E-5	1.791870000E-6	3.730000000E+0	-1.805394143E-1	1.238478000E+3
-9.853440000E-5	1.758340000E-6	3.719700000E+0	-1.805394143E-1	1.240214000E+3
-9.852320000E-5	1.791870000E-6	3.705700000E+0	-1.805394143E-1	1.243092000E+3
-9.851200000E-5	1.773250000E-6	3.693500000E+0	-1.805394143E-1	1.245143000E+3
-9.851950000E-5	1.784420000E-6	3.683200000E+0	-1.805394143E-1	1.247919000E+3
-9.854180000E-5	1.750890000E-6	3.673100000E+0	-1.805394143E-1	1.249410000E+3
-9.848600000E-5	1.776970000E-6	3.660200000E+0	-1.805394143E-1	1.251903000E+3
-9.856050000E-5	1.821670000E-6	3.649600000E+0	-1.805394143E-1	1.255011000E+3
-9.851950000E-5	1.754620000E-6	3.638000000E+0	-1.805394143E-1	1.256697000E+3
-9.853070000E-5	1.724820000E-6	3.627300000E+0	-1.805394143E-1	1.258681000E+3
-9.852690000E-5	1.795600000E-6	3.616400000E+0	-1.805394143E-1	1.260947000E+3
-9.858280000E-5	1.780700000E-6	3.604400000E+0	-1.805394143E-1	1.263086000E+3
-9.854560000E-5	1.829120000E-6	3.586500000E+0	-1.805394143E-1	1.266821000E+3
-9.848600000E-5	1.754620000E-6	3.572900000E+0	-1.805394143E-1	1.270457000E+3
-9.851580000E-5	1.803050000E-6	3.559000000E+0	-1.805394143E-1	1.272548000E+3
-9.848970000E-5	1.735990000E-6	3.546000000E+0	-1.805394143E-1	1.275770000E+3
-9.852690000E-5	1.817950000E-6	3.530400000E+0	-1.805394143E-1	1.279033000E+3
-9.852320000E-5	1.814220000E-6	3.516000000E+0	-1.805394143E-1	1.282284000E+3
-9.854560000E-5	1.791870000E-6	3.499400000E+0	-1.805394143E-1	1.285383000E+3
-9.852690000E-5	1.784420000E-6	3.484900000E+0	-1.805394143E-1	1.289105000E+3
-9.846730000E-5	1.739720000E-6	3.469700000E+0	-1.805394143E-1	1.291217000E+3
-9.855300000E-5	1.840300000E-6	3.456000000E+0	-1.805394143E-1	1.294821000E+3
-9.848970000E-5	1.762070000E-6	3.443700000E+0	-1.805394143E-1	1.296970000E+3
-9.856420000E-5	1.803050000E-6	3.430600000E+0	-1.805394143E-1	1.300075000E+3
-9.854930000E-5	1.773250000E-6	3.416800000E+0	-1.805394143E-1	1.303206000E+3
-9.857910000E-5	1.791870000E-6	3.403400000E+0	-1.805394143E-1	1.305337000E+3
-9.859400000E-5	1.832850000E-6	3.386100000E+0	-1.805394143E-1	1.309116000E+3
-9.855300000E-5	1.803050000E-6	3.369100000E+0	-1.805394143E-1	1.313235000E+3
-9.852690000E-5	1.773250000E-6	3.356400000E+0	-1.805394143E-1	1.315377000E+3
-9.853810000E-5	1.773250000E-6	3.343400000E+0	-1.805394143E-1	1.318545000E+3
-9.856790000E-5	1.795600000E-6	3.330900000E+0	-1.805394143E-1	1.320673000E+3
-9.855300000E-5	1.836580000E-6	3.318500000E+0	-1.805394143E-1	1.323906000E+3
-9.853440000E-5	1.832850000E-6	3.307100000E+0	-1.805394143E-1	1.326047000E+3
-9.853440000E-5	1.780700000E-6	3.296400000E+0	-1.805394143E-1	1.328196000E+3
-9.854180000E-5	1.776970000E-6	3.282700000E+0	-1.805394143E-1	1.331413000E+3
-9.851950000E-5	1.814220000E-6	3.266400000E+0	-1.805394143E-1	1.334598000E+3
-9.845990000E-5	1.829120000E-6	3.253400000E+0	-1.805394143E-1	1.337726000E+3
-9.848600000E-5	1.814220000E-6	3.241600000E+0	-1.805394143E-1	1.339860000E+3
-9.851950000E-5	1.803050000E-6	3.231600000E+0	-1.805394143E-1	1.342039000E+3
-9.850460000E-5	1.795600000E-6	3.216500000E+0	-1.805394143E-1	1.345214000E+3
-9.853810000E-5	1.769520000E-6	3.206100000E+0	-1.805394143E-1	1.347335000E+3
-9.853810000E-5	1.743440000E-6	3.195100000E+0	-1.805394143E-1	1.350573000E+3
-9.843380000E-5	1.825400000E-6	3.182200000E+0	-1.805394143E-1	1.352662000E+3
-9.857160000E-5	1.821670000E-6	3.171100000E+0	-1.805394143E-1	1.355453000E+3
-9.854180000E-5	1.810500000E-6	3.156600000E+0	-1.805394143E-1	1.357986000E+3
-9.854930000E-5	1.795600000E-6	3.140200000E+0	-1.805394143E-1	1.361209000E+3
-9.855300000E-5	1.780700000E-6	3.127700000E+0	-1.805394143E-1	1.364396000E+3
-9.851950000E-5	1.832850000E-6	3.115400000E+0	-1.805394143E-1	1.366529000E+3
-9.847480000E-5	1.840300000E-6	3.102000000E+0	-1.805394143E-1	1.369716000E+3
-9.855670000E-5	1.836580000E-6	3.091200000E+0	-1.805394143E-1	1.371895000E+3
-9.858650000E-5	1.743440000E-6	3.078900000E+0	-1.805394143E-1	1.374375000E+3
-9.855670000E-5	1.799320000E-6	3.061600000E+0	-1.805394143E-1	1.377609000E+3
-9.855300000E-5	1.844030000E-6	3.050200000E+0	-1.805394143E-1	1.380675000E+3
-9.845990000E-5	1.806770000E-6	3.037900000E+0	-1.805394143E-1	1.382798000E+3
-9.849340000E-5	1.739720000E-6	3.020700000E+0	-1.805394143E-1	1.385986000E+3
-9.858280000E-5	1.806770000E-6	3.006700000E+0	-1.805394143E-1	1.389713000E+3
-9.855670000E-5	1.773250000E-6	2.995700000E+0	-1.805394143E-1	1.391865000E+3
-9.851580000E-5	1.810500000E-6	2.979900000E+0	-1.805394143E-1	1.395057000E+3
-9.855300000E-5	1.750890000E-6	2.969700000E+0	-1.805394143E-1	1.397175000E+3
-9.854930000E-5	1.799320000E-6	2.955800000E+0	-1.805394143E-1	1.400289000E+3
-9.854180000E-5	1.866380000E-6	2.943100000E+0	-1.805394143E-1	1.402467000E+3
-9.853440000E-5	1.817950000E-6	2.931900000E+0	-1.805394143E-1	1.405439000E+3
-9.853810000E-5	1.810500000E-6	2.920900000E+0	-1.805394143E-1	1.407579000E+3
-9.857160000E-5	1.803050000E-6	2.909400000E+0	-1.805394143E-1	1.410110000E+3
-9.854180000E-5	1.821670000E-6	2.898400000E+0	-1.805394143E-1	1.412252000E+3
-9.850090000E-5	1.784420000E-6	2.884800000E+0	-1.805394143E-1	1.415437000E+3
-9.855300000E-5	1.784420000E-6	2.872500000E+0	-1.805394143E-1	1.417564000E+3
-9.851580000E-5	1.773250000E-6	2.860100000E+0	-1.805394143E-1	1.420754000E+3
-9.850830000E-5	1.803050000E-6	2.847600000E+0	-1.805394143E-1	1.422929000E+3
-9.855300000E-5	1.773250000E-6	2.833400000E+0	-1.805394143E-1	1.425956000E+3
-9.859770000E-5	1.806770000E-6	2.819000000E+0	-1.805394143E-1	1.429214000E+3
-9.852690000E-5	1.799320000E-6	2.808700000E+0	-1.805394143E-1	1.431312000E+3
-9.854560000E-5	1.743440000E-6	2.793800000E+0	-1.805394143E-1	1.434556000E+3
-9.857910000E-5	1.765790000E-6	2.778300000E+0	-1.805394143E-1	1.437696000E+3
-9.855300000E-5	1.791870000E-6	2.760600000E+0	-1.805394143E-1	1.441465000E+3
-9.849340000E-5	1.817950000E-6	2.750200000E+0	-1.805394143E-1	1.443965000E+3
-9.855670000E-5	1.814220000E-6	2.732600000E+0	-1.805394143E-1	1.446667000E+3
-9.858280000E-5	1.776970000E-6	2.716400000E+0	-1.805394143E-1	1.450781000E+3
-9.854180000E-5	1.747170000E-6	2.705800000E+0	-1.805394143E-1	1.453327000E+3
-9.854560000E-5	1.858930000E-6	2.694000000E+0	-1.805394143E-1	1.455421000E+3
-9.858280000E-5	1.851480000E-6	2.683500000E+0	-1.805394143E-1	1.458121000E+3
-9.856050000E-5	1.821670000E-6	2.666200000E+0	-1.805394143E-1	1.460629000E+3
-9.854560000E-5	1.799320000E-6	2.653100000E+0	-1.805394143E-1	1.464417000E+3
-9.853810000E-5	1.769520000E-6	2.640500000E+0	-1.805394143E-1	1.466528000E+3
-9.855300000E-5	1.803050000E-6	2.624800000E+0	-1.805394143E-1	1.469772000E+3
-9.853070000E-5	1.780700000E-6	2.613800000E+0	-1.805394143E-1	1.472253000E+3
-9.854180000E-5	1.810500000E-6	2.601100000E+0	-1.805394143E-1	1.475420000E+3
-9.854560000E-5	1.795600000E-6	2.589300000E+0	-1.805394143E-1	1.477593000E+3
-9.855300000E-5	1.803050000E-6	2.572600000E+0	-1.805394143E-1	1.480794000E+3
-9.851950000E-5	1.769520000E-6	2.562400000E+0	-1.805394143E-1	1.483414000E+3
-9.853810000E-5	1.836580000E-6	2.552200000E+0	-1.805394143E-1	1.485552000E+3
-9.852690000E-5	1.706190000E-6	2.540800000E+0	-1.805394143E-1	1.488118000E+3
-9.855670000E-5	1.817950000E-6	2.528800000E+0	-1.805394143E-1	1.490218000E+3
-9.858650000E-5	1.762070000E-6	2.512000000E+0	-1.805394143E-1	1.493480000E+3
-9.849710000E-5	1.743440000E-6	2.500700000E+0	-1.805394143E-1	1.496492000E+3
-9.858280000E-5	1.762070000E-6	2.489700000E+0	-1.805394143E-1	1.498667000E+3
-9.856790000E-5	1.806770000E-6	2.472400000E+0	-1.805394143E-1	1.501675000E+3
-9.851950000E-5	1.844030000E-6	2.455600000E+0	-1.805394143E-1	1.505454000E+3
-9.852320000E-5	1.825400000E-6	2.443400000E+0	-1.805394143E-1	1.508629000E+3
-9.856420000E-5	1.765790000E-6	2.428800000E+0	-1.805394143E-1	1.510772000E+3
-9.855300000E-5	1.776970000E-6	2.416300000E+0	-1.805394143E-1	1.513907000E+3
-9.856420000E-5	1.829120000E-6	2.403800000E+0	-1.805394143E-1	1.517108000E+3
-9.849710000E-5	1.832850000E-6	2.389700000E+0	-1.805394143E-1	1.519178000E+3
-9.851950000E-5	1.784420000E-6	2.376100000E+0	-1.805394143E-1	1.522387000E+3
-9.851950000E-5	1.799320000E-6	2.365200000E+0	-1.805394143E-1	1.524522000E+3
-9.853070000E-5	1.784420000E-6	2.350400000E+0	-1.805394143E-1	1.527718000E+3
-9.860140000E-5	1.821670000E-6	2.334500000E+0	-1.805394143E-1	1.530900000E+3
-9.851200000E-5	1.836580000E-6	2.318700000E+0	-1.805394143E-1	1.534515000E+3
-9.849710000E-5	1.750890000E-6	2.308500000E+0	-1.805394143E-1	1.536626000E+3
-9.860890000E-5	1.780700000E-6	2.298400000E+0	-1.805394143E-1	1.538821000E+3
-9.851950000E-5	1.776970000E-6	2.285000000E+0	-1.805394143E-1	1.542017000E+3
-9.858280000E-5	1.844030000E-6	2.273600000E+0	-1.805394143E-1	1.544180000E+3
-9.852320000E-5	1.832850000E-6	2.262500000E+0	-1.805394143E-1	1.546209000E+3
-9.860890000E-5	1.817950000E-6	2.248900000E+0	-1.805394143E-1	1.549469000E+3
-9.857160000E-5	1.844030000E-6	2.237700000E+0	-1.805394143E-1	1.551567000E+3
-9.852690000E-5	1.788150000E-6	2.222800000E+0	-1.805394143E-1	1.554761000E+3
-9.857910000E-5	1.799320000E-6	2.212500000E+0	-1.805394143E-1	1.557693000E+3
-9.851950000E-5	1.836580000E-6	2.196100000E+0	-1.805394143E-1	1.560204000E+3
-9.857540000E-5	1.821670000E-6	2.184500000E+0	-1.805394143E-1	1.563284000E+3
-9.854180000E-5	1.791870000E-6	2.172300000E+0	-1.805394143E-1	1.565416000E+3
-9.851200000E-5	1.803050000E-6	2.161100000E+0	-1.805394143E-1	1.567552000E+3
-9.855300000E-5	1.791870000E-6	2.148600000E+0	-1.805394143E-1	1.570781000E+3
-9.859030000E-5	1.836580000E-6	2.138000000E+0	-1.805394143E-1	1.572883000E+3
-9.851950000E-5	1.776970000E-6	2.127300000E+0	-1.805394143E-1	1.575021000E+3
-9.858280000E-5	1.810500000E-6	2.116800000E+0	-1.805394143E-1	1.577143000E+3
-9.848600000E-5	1.758340000E-6	2.106500000E+0	-1.805394143E-1	1.579281000E+3
-9.852320000E-5	1.803050000E-6	2.091800000E+0	-1.805394143E-1	1.582479000E+3
-9.848220000E-5	1.776970000E-6	2.075200000E+0	-1.805394143E-1	1.586241000E+3
-9.853810000E-5	1.817950000E-6	2.064200000E+0	-1.805394143E-1	1.588395000E+3
-9.852320000E-5	1.735990000E-6	2.054200000E+0	-1.805394143E-1	1.590543000E+3
-9.851200000E-5	1.709920000E-6	2.043500000E+0	-1.805394143E-1	1.592628000E+3
-9.854930000E-5	1.836580000E-6	2.032200000E+0	-1.805394143E-1	1.595797000E+3
-9.851950000E-5	1.803050000E-6	2.018200000E+0	-1.805394143E-1	1.597987000E+3
-9.853070000E-5	1.780700000E-6	2.006900000E+0	-1.805394143E-1	1.601148000E+3
-9.857910000E-5	1.825400000E-6	1.995900000E+0	-1.805394143E-1	1.603315000E+3
-9.854930000E-5	1.784420000E-6	2.005900000E+0	-1.805394143E-1	1.728474000E+3
-9.852690000E-5	1.773250000E-6	2.017900000E+0	-1.805394143E-1	1.730103000E+3
-9.857910000E-5	1.844030000E-6	2.029400000E+0	-1.805394143E-1	1.732954000E+3
-9.859400000E-5	1.799320000E-6	2.040800000E+0	-1.805394143E-1	1.735342000E+3
-9.851950000E-5	1.803050000E-6	2.051100000E+0	-1.805394143E-1	1.737347000E+3
-9.855300000E-5	1.836580000E-6	2.062600000E+0	-1.805394143E-1	1.739767000E+3
-9.857910000E-5	1.795600000E-6	2.073800000E+0	-1.805394143E-1	1.741841000E+3
-9.853810000E-5	1.832850000E-6	2.084100000E+0	-1.805394143E-1	1.744236000E+3
-9.855300000E-5	1.907360000E-6	2.094100000E+0	-1.805394143E-1	1.745686000E+3
-9.859030000E-5	1.780700000E-6	2.105600000E+0	-1.805394143E-1	1.748485000E+3
-9.853810000E-5	1.817950000E-6	2.116500000E+0	-1.805394143E-1	1.750403000E+3
-9.852690000E-5	1.803050000E-6	2.126700000E+0	-1.805394143E-1	1.752347000E+3
-9.855670000E-5	1.788150000E-6	2.137100000E+0	-1.805394143E-1	1.754958000E+3
-9.856050000E-5	1.769520000E-6	2.148400000E+0	-1.805394143E-1	1.756890000E+3
-9.853810000E-5	1.791870000E-6	2.160600000E+0	-1.805394143E-1	1.759036000E+3
-9.848600000E-5	1.773250000E-6	2.172100000E+0	-1.805394143E-1	1.761945000E+3
-9.853440000E-5	1.773250000E-6	2.187400000E+0	-1.805394143E-1	1.764221000E+3
-9.855300000E-5	1.773250000E-6	2.197800000E+0	-1.805394143E-1	1.767143000E+3
-9.852320000E-5	1.821670000E-6	2.207900000E+0	-1.805394143E-1	1.768668000E+3
-9.854560000E-5	1.799320000E-6	2.219700000E+0	-1.805394143E-1	1.771435000E+3
-9.855300000E-5	1.773250000E-6	2.233200000E+0	-1.805394143E-1	1.773827000E+3
-9.851950000E-5	1.799320000E-6	2.244700000E+0	-1.805394143E-1	1.776248000E+3
-9.859400000E-5	1.769520000E-6	2.256400000E+0	-1.805394143E-1	1.778337000E+3
-9.857160000E-5	1.799320000E-6	2.269800000E+0	-1.805394143E-1	1.781179000E+3
-9.856050000E-5	1.806770000E-6	2.281400000E+0	-1.805394143E-1	1.783551000E+3
-9.856420000E-5	1.773250000E-6	2.291500000E+0	-1.805394143E-1	1.785368000E+3
-9.852690000E-5	1.713640000E-6	2.302000000E+0	-1.805394143E-1	1.787729000E+3
-9.854930000E-5	1.847750000E-6	2.313000000E+0	-1.805394143E-1	1.790183000E+3
-9.849340000E-5	1.773250000E-6	2.323400000E+0	-1.805394143E-1	1.791574000E+3
-9.857160000E-5	1.769520000E-6	2.333400000E+0	-1.805394143E-1	1.793964000E+3
-9.857160000E-5	1.788150000E-6	2.347800000E+0	-1.805394143E-1	1.796479000E+3
-9.852690000E-5	1.810500000E-6	2.359000000E+0	-1.805394143E-1	1.799460000E+3
-9.853810000E-5	1.810500000E-6	2.369600000E+0	-1.805394143E-1	1.801042000E+3
-9.858280000E-5	1.817950000E-6	2.380000000E+0	-1.805394143E-1	1.803182000E+3
-9.855670000E-5	1.855200000E-6	2.390100000E+0	-1.805394143E-1	1.805593000E+3
-9.853810000E-5	1.829120000E-6	2.402900000E+0	-1.805394143E-1	1.807832000E+3
-9.853440000E-5	1.788150000E-6	2.413000000E+0	-1.805394143E-1	1.809689000E+3
-9.857910000E-5	1.799320000E-6	2.424800000E+0	-1.805394143E-1	1.812295000E+3
-9.856420000E-5	1.750890000E-6	2.436500000E+0	-1.805394143E-1	1.814404000E+3
-9.851950000E-5	1.803050000E-6	2.448700000E+0	-1.805394143E-1	1.816766000E+3
-9.854930000E-5	1.747170000E-6	2.459200000E+0	-1.805394143E-1	1.819431000E+3
-9.855300000E-5	1.784420000E-6	2.471000000E+0	-1.805394143E-1	1.821364000E+3
-9.853810000E-5	1.739720000E-6	2.483600000E+0	-1.805394143E-1	1.823677000E+3
-9.847480000E-5	1.825400000E-6	2.495500000E+0	-1.805394143E-1	1.826614000E+3
-9.856050000E-5	1.780700000E-6	2.506100000E+0	-1.805394143E-1	1.828041000E+3
-9.848970000E-5	1.784420000E-6	2.517000000E+0	-1.805394143E-1	1.830789000E+3
-9.852690000E-5	1.814220000E-6	2.528200000E+0	-1.805394143E-1	1.833041000E+3
-9.850090000E-5	1.803050000E-6	2.538600000E+0	-1.805394143E-1	1.835103000E+3
-9.851950000E-5	1.803050000E-6	2.549600000E+0	-1.805394143E-1	1.836622000E+3
-9.853070000E-5	1.836580000E-6	2.560300000E+0	-1.805394143E-1	1.839417000E+3
-9.855300000E-5	1.814220000E-6	2.570400000E+0	-1.805394143E-1	1.841017000E+3
-9.855670000E-5	1.817950000E-6	2.581400000E+0	-1.805394143E-1	1.843566000E+3
-9.852320000E-5	1.840300000E-6	2.592200000E+0	-1.805394143E-1	1.845817000E+3
-9.856420000E-5	1.762070000E-6	2.603400000E+0	-1.805394143E-1	1.847708000E+3
-9.853070000E-5	1.829120000E-6	2.615900000E+0	-1.805394143E-1	1.850284000E+3
-9.853810000E-5	1.765790000E-6	2.626900000E+0	-1.805394143E-1	1.852636000E+3
-9.854930000E-5	1.836580000E-6	2.637200000E+0	-1.805394143E-1	1.854790000E+3
-9.854930000E-5	1.791870000E-6	2.649100000E+0	-1.805394143E-1	1.856814000E+3
-9.854930000E-5	1.780700000E-6	2.662400000E+0	-1.805394143E-1	1.859606000E+3
-9.854560000E-5	1.788150000E-6	2.674000000E+0	-1.805394143E-1	1.862130000E+3
-9.853810000E-5	1.773250000E-6	2.687000000E+0	-1.805394143E-1	1.864548000E+3
-9.856050000E-5	1.769520000E-6	2.697400000E+0	-1.805394143E-1	1.867149000E+3
-9.854560000E-5	1.769520000E-6	2.708900000E+0	-1.805394143E-1	1.868867000E+3
-9.853070000E-5	1.773250000E-6	2.720500000E+0	-1.805394143E-1	1.871619000E+3
-9.853070000E-5	1.821670000E-6	2.730900000E+0	-1.805394143E-1	1.873216000E+3
-9.857160000E-5	1.754620000E-6	2.742300000E+0	-1.805394143E-1	1.875756000E+3
-9.854560000E-5	1.817950000E-6	2.753100000E+0	-1.805394143E-1	1.877832000E+3
-9.847850000E-5	1.795600000E-6	2.763500000E+0	-1.805394143E-1	1.880229000E+3
-9.855670000E-5	1.758340000E-6	2.776100000E+0	-1.805394143E-1	1.882238000E+3
-9.852690000E-5	1.780700000E-6	2.787000000E+0	-1.805394143E-1	1.884785000E+3
-9.851580000E-5	1.799320000E-6	2.800500000E+0	-1.805394143E-1	1.887147000E+3
-9.857540000E-5	1.821670000E-6	2.812200000E+0	-1.805394143E-1	1.889760000E+3
-9.851200000E-5	1.780700000E-6	2.824200000E+0	-1.805394143E-1	1.892096000E+3
-9.848970000E-5	1.829120000E-6	2.835900000E+0	-1.805394143E-1	1.894487000E+3
-9.854180000E-5	1.788150000E-6	2.852100000E+0	-1.805394143E-1	1.897609000E+3
-9.851580000E-5	1.791870000E-6	2.863900000E+0	-1.805394143E-1	1.900040000E+3
-9.858280000E-5	1.806770000E-6	2.876300000E+0	-1.805394143E-1	1.902368000E+3
-9.849340000E-5	1.776970000E-6	2.886900000E+0	-1.805394143E-1	1.904536000E+3
-9.853810000E-5	1.773250000E-6	2.900300000E+0	-1.805394143E-1	1.907309000E+3
-9.854560000E-5	1.773250000E-6	2.910700000E+0	-1.805394143E-1	1.909390000E+3
-9.854560000E-5	1.773250000E-6	2.922700000E+0	-1.805394143E-1	1.912017000E+3
-9.858280000E-5	1.803050000E-6	2.934400000E+0	-1.805394143E-1	1.913834000E+3
-9.855300000E-5	1.817950000E-6	2.947400000E+0	-1.805394143E-1	1.916822000E+3
-9.856420000E-5	1.713640000E-6	2.958600000E+0	-1.805394143E-1	1.918767000E+3
-9.851200000E-5	1.791870000E-6	2.969900000E+0	-1.805394143E-1	1.921757000E+3
-9.850460000E-5	1.743440000E-6	2.981300000E+0	-1.805394143E-1	1.923496000E+3
-9.851950000E-5	1.788150000E-6	2.991700000E+0	-1.805394143E-1	1.925851000E+3
-9.851200000E-5	1.836580000E-6	3.003500000E+0	-1.805394143E-1	1.927434000E+3
-9.850460000E-5	1.829120000E-6	3.013600000E+0	-1.805394143E-1	1.930298000E+3
-9.849340000E-5	1.724820000E-6	3.025100000E+0	-1.805394143E-1	1.931928000E+3
-9.856790000E-5	1.847750000E-6	3.036200000E+0	-1.805394143E-1	1.934643000E+3
-9.851950000E-5	1.799320000E-6	3.048400000E+0	-1.805394143E-1	1.936656000E+3
-9.860140000E-5	1.735990000E-6	3.058500000E+0	-1.805394143E-1	1.938964000E+3
-9.853070000E-5	1.829120000E-6	3.070400000E+0	-1.805394143E-1	1.941298000E+3
-9.854560000E-5	1.866380000E-6	3.081800000E+0	-1.805394143E-1	1.943840000E+3
-9.847850000E-5	1.803050000E-6	3.092000000E+0	-1.805394143E-1	1.945853000E+3
-9.848970000E-5	1.739720000E-6	3.103800000E+0	-1.805394143E-1	1.947581000E+3
-9.849340000E-5	1.855200000E-6	3.114800000E+0	-1.805394143E-1	1.950455000E+3
-9.849340000E-5	1.810500000E-6	3.125500000E+0	-1.805394143E-1	1.952023000E+3
-9.855300000E-5	1.791870000E-6	3.137000000E+0	-1.805394143E-1	1.954811000E+3
-9.851580000E-5	1.743440000E-6	3.149100000E+0	-1.805394143E-1	1.956801000E+3
-9.851200000E-5	1.799320000E-6	3.160500000E+0	-1.805394143E-1	1.959357000E+3
-9.855300000E-5	1.885000000E-6	3.171000000E+0	-1.805394143E-1	1.961712000E+3
-9.854180000E-5	1.791870000E-6	3.182400000E+0	-1.805394143E-1	1.963526000E+3
-9.855670000E-5	1.829120000E-6	3.192500000E+0	-1.805394143E-1	1.965582000E+3
-9.853070000E-5	1.806770000E-6	3.202900000E+0	-1.805394143E-1	1.968370000E+3
-9.851950000E-5	1.754620000E-6	3.213900000E+0	-1.805394143E-1	1.970033000E+3
-9.858280000E-5	1.806770000E-6	3.226200000E+0	-1.805394143E-1	1.972468000E+3
-9.855300000E-5	1.877550000E-6	3.239600000E+0	-1.805394143E-1	1.975357000E+3
-9.857540000E-5	1.773250000E-6	3.252200000E+0	-1.805394143E-1	1.977715000E+3
-9.850090000E-5	1.739720000E-6	3.263000000E+0	-1.805394143E-1	1.980117000E+3
-9.852320000E-5	1.784420000E-6	3.273200000E+0	-1.805394143E-1	1.981853000E+3
-9.853810000E-5	1.825400000E-6	3.285700000E+0	-1.805394143E-1	1.984299000E+3
-9.849340000E-5	1.795600000E-6	3.296400000E+0	-1.805394143E-1	1.986231000E+3
-9.854180000E-5	1.803050000E-6	3.307900000E+0	-1.805394143E-1	1.989233000E+3
-9.853440000E-5	1.806770000E-6	3.318100000E+0	-1.805394143E-1	1.991045000E+3
-9.859770000E-5	1.803050000E-6	3.328300000E+0	-1.805394143E-1	1.992926000E+3
-9.855300000E-5	1.773250000E-6	3.339500000E+0	-1.805394143E-1	1.994906000E+3
-9.853070000E-5	1.806770000E-6	3.349800000E+0	-1.805394143E-1	1.997310000E+3
-9.856050000E-5	1.814220000E-6	3.361000000E+0	-1.805394143E-1	1.999777000E+3
-9.849340000E-5	1.817950000E-6	3.372400000E+0	-1.805394143E-1	2.001872000E+3
-9.850830000E-5	1.836580000E-6	3.382500000E+0	-1.805394143E-1	2.003892000E+3
-9.855670000E-5	1.795600000E-6	3.393300000E+0	-1.805394143E-1	2.005626000E+3
-9.857160000E-5	1.799320000E-6	3.403900000E+0	-1.805394143E-1	2.007994000E+3
-9.853440000E-5	1.829120000E-6	3.415000000E+0	-1.805394143E-1	2.010380000E+3
-9.854180000E-5	1.773250000E-6	3.426700000E+0	-1.805394143E-1	2.012375000E+3
-9.847110000E-5	1.769520000E-6	3.436700000E+0	-1.805394143E-1	2.014928000E+3
-9.857160000E-5	1.803050000E-6	3.448700000E+0	-1.805394143E-1	2.016985000E+3
-9.850090000E-5	1.817950000E-6	3.459900000E+0	-1.805394143E-1	2.019297000E+3
-9.857160000E-5	1.784420000E-6	3.470900000E+0	-1.805394143E-1	2.021489000E+3
-9.857540000E-5	1.788150000E-6	3.481500000E+0	-1.805394143E-1	2.023431000E+3
-9.852320000E-5	1.795600000E-6	3.494100000E+0	-1.805394143E-1	2.026259000E+3
-9.858650000E-5	1.739720000E-6	3.505000000E+0	-1.805394143E-1	2.028256000E+3
-9.853070000E-5	1.806770000E-6	3.517500000E+0	-1.805394143E-1	2.030780000E+3
-9.853070000E-5	1.803050000E-6	3.528300000E+0	-1.805394143E-1	2.032980000E+3
-9.851950000E-5	1.735990000E-6	3.539700000E+0	-1.805394143E-1	2.035314000E+3
-9.854560000E-5	1.799320000E-6	3.549800000E+0	-1.805394143E-1	2.036922000E+3
-9.851580000E-5	1.847750000E-6	3.560900000E+0	-1.805394143E-1	2.039351000E+3
-9.853070000E-5	1.810500000E-6	3.571200000E+0	-1.805394143E-1	2.041857000E+3
-9.851950000E-5	1.780700000E-6	3.581400000E+0	-1.805394143E-1	2.043485000E+3
-9.855300000E-5	1.795600000E-6	3.591800000E+0	-1.805394143E-1	2.045834000E+3
-9.859030000E-5	1.866380000E-6	3.603500000E+0	-1.805394143E-1	2.047437000E+3
-9.848970000E-5	1.806770000E-6	3.615000000E+0	-1.805394143E-1	2.050286000E+3
-9.848220000E-5	1.855200000E-6	3.627400000E+0	-1.805394143E-1	2.052914000E+3
-9.851200000E-5	1.769520000E-6	3.637500000E+0	-1.805394143E-1	2.055181000E+3
-9.852690000E-5	1.773250000E-6	3.649100000E+0	-1.805394143E-1	2.057234000E+3
-9.851950000E-5	1.803050000E-6	3.659700000E+0	-1.805394143E-1	2.058947000E+3
-9.854180000E-5	1.814220000E-6	3.669700000E+0	-1.805394143E-1	2.061294000E+3
-9.854180000E-5	1.799320000E-6	3.681100000E+0	-1.805394143E-1	2.063702000E+3
-9.847110000E-5	1.814220000E-6	3.692700000E+0	-1.805394143E-1	2.065454000E+3
-9.850460000E-5	1.788150000E-6	3.703600000E+0	-1.805394143E-1	2.067848000E+3
-9.850830000E-5	1.844030000E-6	3.714000000E+0	-1.805394143E-1	2.070378000E+3
-9.852690000E-5	1.803050000E-6	3.725700000E+0	-1.805394143E-1	2.071989000E+3
-9.850460000E-5	1.814220000E-6	3.737400000E+0	-1.805394143E-1	2.074828000E+3
-9.851950000E-5	1.758340000E-6	3.750300000E+0	-1.805394143E-1	2.077190000E+3
-9.853440000E-5	1.832850000E-6	3.763200000E+0	-1.805394143E-1	2.079965000E+3
-9.860520000E-5	1.776970000E-6	3.774400000E+0	-1.805394143E-1	2.082399000E+3
-9.855670000E-5	1.806770000E-6	3.785400000E+0	-1.805394143E-1	2.083994000E+3
-9.858280000E-5	1.810500000E-6	3.798100000E+0	-1.805394143E-1	2.087174000E+3
-9.855670000E-5	1.769520000E-6	3.811600000E+0	-1.805394143E-1	2.089486000E+3
-9.855300000E-5	1.862650000E-6	3.824300000E+0	-1.805394143E-1	2.092214000E+3
-9.855300000E-5	1.862650000E-6	3.834400000E+0	-1.805394143E-1	2.094231000E+3
-9.857910000E-5	1.799320000E-6	3.847000000E+0	-1.805394143E-1	2.096294000E+3
-9.856420000E-5	1.832850000E-6	3.857900000E+0	-1.805394143E-1	2.098805000E+3
-9.855300000E-5	1.821670000E-6	3.869700000E+0	-1.805394143E-1	2.101285000E+3
-9.853440000E-5	1.832850000E-6	3.879900000E+0	-1.805394143E-1	2.102887000E+3
-9.853070000E-5	1.799320000E-6	3.890000000E+0	-1.805394143E-1	2.105283000E+3
-9.848970000E-5	1.773250000E-6	3.901300000E+0	-1.805394143E-1	2.107720000E+3
-9.848970000E-5	1.765790000E-6	3.912100000E+0	-1.805394143E-1	2.109294000E+3
-9.852320000E-5	1.739720000E-6	3.923000000E+0	-1.805394143E-1	2.111697000E+3
-9.856420000E-5	1.810500000E-6	3.933900000E+0	-1.805394143E-1	2.114132000E+3
-9.851950000E-5	1.803050000E-6	3.946800000E+0	-1.805394143E-1	2.116475000E+3
-9.845620000E-5	1.832850000E-6	3.958000000E+0	-1.805394143E-1	2.118647000E+3
-9.856050000E-5	1.776970000E-6	3.968300000E+0	-1.805394143E-1	2.121037000E+3
-9.852690000E-5	1.784420000E-6	3.979200000E+0	-1.805394143E-1	2.123149000E+3
-9.856050000E-5	1.810500000E-6	3.990100000E+0	-1.805394143E-1	2.125272000E+3
-9.854930000E-5	1.799320000E-6	4.003400000E+0	-1.805394143E-1	2.127949000E+3
-9.848970000E-5	1.773250000E-6	4.015800000E+0	-1.805394143E-1	2.130194000E+3
-9.850830000E-5	1.799320000E-6	4.027300000E+0	-1.805394143E-1	2.132896000E+3
-9.848220000E-5	1.795600000E-6	4.039500000E+0	-1.805394143E-1	2.134942000E+3
-9.852320000E-5	1.773250000E-6	4.049700000E+0	-1.805394143E-1	2.137413000E+3
-9.854560000E-5	1.806770000E-6	4.059800000E+0	-1.805394143E-1	2.139427000E+3
-9.847110000E-5	1.765790000E-6	4.070900000E+0	-1.805394143E-1	2.141029000E+3
-9.857160000E-5	1.747170000E-6	4.081300000E+0	-1.805394143E-1	2.143401000E+3
-9.855670000E-5	1.814220000E-6	4.092400000E+0	-1.805394143E-1	2.145927000E+3
-9.855300000E-5	1.765790000E-6	4.103500000E+0	-1.805394143E-1	2.147843000E+3
-9.854180000E-5	1.814220000E-6	4.116300000E+0	-1.805394143E-1	2.150640000E+3
-9.856050000E-5	1.810500000E-6	4.128100000E+0	-1.805394143E-1	2.153153000E+3
-9.854930000E-5	1.765790000E-6	4.139600000E+0	-1.805394143E-1	2.154744000E+3
-9.849340000E-5	1.840300000E-6	4.149600000E+0	-1.805394143E-1	2.157163000E+3
-9.849710000E-5	1.836580000E-6	4.161400000E+0	-1.805394143E-1	2.159687000E+3
-9.848970000E-5	1.791870000E-6	4.174000000E+0	-1.805394143E-1	2.161680000E+3
-9.849340000E-5	1.791870000E-6	4.184400000E+0	-1.805394143E-1	2.164215000E+3
-9.847480000E-5	1.795600000E-6	4.195900000E+0	-1.805394143E-1	2.166660000E+3
-9.851200000E-5	1.810500000E-6	4.206400000E+0	-1.805394143E-1	2.168206000E+3
-9.848600000E-5	1.784420000E-6	4.217000000E+0	-1.805394143E-1	2.170611000E+3
-9.851200000E-5	1.773250000E-6	4.228700000E+0	-1.805394143E-1	2.173228000E+3
-9.848970000E-5	1.743440000E-6	4.240300000E+0	-1.805394143E-1	2.175148000E+3
-9.856050000E-5	1.806770000E-6	4.250900000E+0	-1.805394143E-1	2.177196000E+3
-9.848970000E-5	1.795600000E-6	4.262100000E+0	-1.805394143E-1	2.179992000E+3
-9.851950000E-5	1.810500000E-6	4.274200000E+0	-1.805394143E-1	2.181998000E+3
-9.856790000E-5	1.855200000E-6	4.284600000E+0	-1.805394143E-1	2.183999000E+3
-9.850830000E-5	1.855200000E-6	4.295700000E+0	-1.805394143E-1	2.186501000E+3
-9.853810000E-5	1.814220000E-6	4.307200000E+0	-1.805394143E-1	2.188901000E+3
-9.851950000E-5	1.844030000E-6	4.319100000E+0	-1.805394143E-1	2.190917000E+3
-9.854560000E-5	1.799320000E-6	4.329600000E+0	-1.805394143E-1	2.193341000E+3
-9.855300000E-5	1.806770000E-6	4.341300000E+0	-1.805394143E-1	2.195329000E+3
-9.847480000E-5	1.803050000E-6	4.352000000E+0	-1.805394143E-1	2.197762000E+3
-9.853440000E-5	1.817950000E-6	4.362700000E+0	-1.805394143E-1	2.199961000E+3
-9.846360000E-5	1.803050000E-6	4.374700000E+0	-1.805394143E-1	2.201937000E+3
-9.851950000E-5	1.817950000E-6	4.387100000E+0	-1.805394143E-1	2.204798000E+3
-9.854560000E-5	1.713640000E-6	4.398300000E+0	-1.805394143E-1	2.207210000E+3
-9.858280000E-5	1.769520000E-6	4.409000000E+0	-1.805394143E-1	2.208748000E+3
-9.851580000E-5	1.795600000E-6	4.421400000E+0	-1.805394143E-1	2.211581000E+3
-9.844500000E-5	1.776970000E-6	4.432800000E+0	-1.805394143E-1	2.214011000E+3
-9.851950000E-5	1.840300000E-6	4.443000000E+0	-1.805394143E-1	2.215697000E+3
-9.853440000E-5	1.776970000E-6	4.454400000E+0	-1.805394143E-1	2.218118000E+3
-9.851950000E-5	1.791870000E-6	4.465600000E+0	-1.805394143E-1	2.220517000E+3
-9.844130000E-5	1.829120000E-6	4.475700000E+0	-1.805394143E-1	2.222615000E+3
-9.849340000E-5	1.806770000E-6	4.486400000E+0	-1.805394143E-1	2.224282000E+3
-9.851950000E-5	1.788150000E-6	4.497000000E+0	-1.805394143E-1	2.227062000E+3
-9.853810000E-5	1.784420000E-6	4.507600000E+0	-1.805394143E-1	2.229018000E+3
-9.848970000E-5	1.747170000E-6	4.518700000E+0	-1.805394143E-1	2.230662000E+3
-9.850830000E-5	1.840300000E-6	4.528800000E+0	-1.805394143E-1	2.233085000E+3
-9.847480000E-5	1.799320000E-6	4.540000000E+0	-1.805394143E-1	2.235398000E+3
-9.848970000E-5	1.806770000E-6	4.550600000E+0	-1.805394143E-1	2.237203000E+3
-9.853810000E-5	1.832850000E-6	4.562700000E+0	-1.805394143E-1	2.239954000E+3
-9.848600000E-5	1.803050000E-6	4.576400000E+0	-1.805394143E-1	2.242522000E+3
-9.850830000E-5	1.844030000E-6	4.587100000E+0	-1.805394143E-1	2.244909000E+3
-9.852690000E-5	1.780700000E-6	4.597800000E+0	-1.805394143E-1	2.246504000E+3
-9.852690000E-5	1.788150000E-6	4.609500000E+0	-1.805394143E-1	2.249296000E+3
-9.851580000E-5	1.832850000E-6	4.620300000E+0	-1.805394143E-1	2.251317000E+3
-9.848600000E-5	1.788150000E-6	4.632000000E+0	-1.805394143E-1	2.253320000E+3
-9.848970000E-5	1.803050000E-6	4.642300000E+0	-1.805394143E-1	2.255713000E+3
-9.852690000E-5	1.858930000E-6	4.654300000E+0	-1.805394143E-1	2.258235000E+3
-9.849710000E-5	1.803050000E-6	4.664500000E+0	-1.805394143E-1	2.259862000E+3
-9.848970000E-5	1.855200000E-6	4.675400000E+0	-1.805394143E-1	2.262393000E+3
-9.848970000E-5	1.728540000E-6	4.685900000E+0	-1.805394143E-1	2.264743000E+3
-9.851950000E-5	1.806770000E-6	4.697400000E+0	-1.805394143E-1	2.266364000E+3
-9.848220000E-5	1.806770000E-6	4.708500000E+0	-1.805394143E-1	2.269155000E+3
-9.851950000E-5	1.780700000E-6	4.720100000E+0	-1.805394143E-1	2.271564000E+3
-9.851950000E-5	1.836580000E-6	4.732400000E+0	-1.805394143E-1	2.273135000E+3
-9.851200000E-5	1.806770000E-6	4.744800000E+0	-1.805394143E-1	2.276004000E+3
-9.853070000E-5	1.799320000E-6	4.755200000E+0	-1.805394143E-1	2.278089000E+3
-9.845620000E-5	1.817950000E-6	4.765300000E+0	-1.805394143E-1	2.280883000E+3
-9.847110000E-5	1.803050000E-6	4.776900000E+0	-1.805394143E-1	2.282560000E+3
-9.854560000E-5	1.791870000E-6	4.787000000E+0	-1.805394143E-1	2.284517000E+3
-9.853810000E-5	1.773250000E-6	4.797200000E+0	-1.805394143E-1	2.286896000E+3
-9.850090000E-5	1.773250000E-6	4.808000000E+0	-1.805394143E-1	2.288629000E+3
-9.851200000E-5	1.799320000E-6	4.818200000E+0	-1.805394143E-1	2.291023000E+3
-9.850830000E-5	1.780700000E-6	4.829100000E+0	-1.805394143E-1	2.293064000E+3
-9.854930000E-5	1.814220000E-6	4.841700000E+0	-1.805394143E-1	2.295825000E+3
-9.848970000E-5	1.765790000E-6	4.852600000E+0	-1.805394143E-1	2.297454000E+3
-9.853070000E-5	1.799320000E-6	4.864000000E+0	-1.805394143E-1	2.300240000E+3
-9.844500000E-5	1.836580000E-6	4.875000000E+0	-1.805394143E-1	2.302274000E+3
-9.849340000E-5	1.773250000E-6	4.885400000E+0	-1.805394143E-1	2.304763000E+3
-9.851200000E-5	1.788150000E-6	4.896300000E+0	-1.805394143E-1	2.306555000E+3
-9.849340000E-5	1.810500000E-6	4.906900000E+0	-1.805394143E-1	2.308937000E+3
-9.854560000E-5	1.717370000E-6	4.917400000E+0	-1.805394143E-1	2.310893000E+3
-9.852320000E-5	1.855200000E-6	4.929300000E+0	-1.805394143E-1	2.312881000E+3
-9.852690000E-5	1.769520000E-6	4.941000000E+0	-1.805394143E-1	2.315290000E+3
-9.846730000E-5	1.784420000E-6	4.952400000E+0	-1.805394143E-1	2.318086000E+3
-9.845240000E-5	1.765790000E-6	4.963800000E+0	-1.805394143E-1	2.319858000E+3
-9.853070000E-5	1.776970000E-6	4.974500000E+0	-1.805394143E-1	2.321857000E+3
-9.852690000E-5	1.836580000E-6	4.985000000E+0	-1.805394143E-1	2.324327000E+3
-9.848970000E-5	1.788150000E-6	4.997800000E+0	-1.805394143E-1	2.327074000E+3
-9.850090000E-5	1.814220000E-6	5.009000000E+0	-1.805394143E-1	2.329048000E+3
-9.849710000E-5	1.773250000E-6	5.019800000E+0	-1.805394143E-1	2.331464000E+3
-9.853810000E-5	1.788150000E-6	5.031700000E+0	-1.805394143E-1	2.333447000E+3
-9.851950000E-5	1.773250000E-6	5.041800000E+0	-1.805394143E-1	2.335964000E+3
-9.848220000E-5	1.806770000E-6	5.052700000E+0	-1.805394143E-1	2.337952000E+3
-9.845990000E-5	1.773250000E-6	5.062700000E+0	-1.805394143E-1	2.339584000E+3
-9.854180000E-5	1.832850000E-6	5.076000000E+0	-1.805394143E-1	2.342349000E+3
-9.850830000E-5	1.754620000E-6	5.086000000E+0	-1.805394143E-1	2.343949000E+3
-9.849710000E-5	1.817950000E-6	5.097500000E+0	-1.805394143E-1	2.346763000E+3
-9.855300000E-5	1.817950000E-6	5.110000000E+0	-1.805394143E-1	2.349320000E+3
-9.848600000E-5	1.784420000E-6	5.120700000E+0	-1.805394143E-1	2.350884000E+3
-9.846360000E-5	1.780700000E-6	5.132800000E+0	-1.805394143E-1	2.353724000E+3
-9.849710000E-5	1.866380000E-6	5.143500000E+0	-1.805394143E-1	2.356217000E+3
-9.851950000E-5	1.765790000E-6	5.155900000E+0	-1.805394143E-1	2.358199000E+3
-9.847850000E-5	1.788150000E-6	5.166000000E+0	-1.805394143E-1	2.360210000E+3
-9.851950000E-5	1.806770000E-6	5.176400000E+0	-1.805394143E-1	2.362642000E+3
-9.847110000E-5	1.821670000E-6	5.188700000E+0	-1.805394143E-1	2.365048000E+3
-9.846730000E-5	1.750890000E-6	5.199100000E+0	-1.805394143E-1	2.366754000E+3
-9.845990000E-5	1.821670000E-6	5.211400000E+0	-1.805394143E-1	2.369589000E+3
-9.856790000E-5	1.803050000E-6	5.225000000E+0	-1.805394143E-1	2.372385000E+3
-9.851200000E-5	1.780700000E-6	5.235100000E+0	-1.805394143E-1	2.373953000E+3
-9.847480000E-5	1.836580000E-6	5.246000000E+0	-1.805394143E-1	2.376352000E+3
-9.850090000E-5	1.728540000E-6	5.257700000E+0	-1.805394143E-1	2.378811000E+3
-9.843750000E-5	1.758340000E-6	5.269400000E+0	-1.805394143E-1	2.381152000E+3
-9.845620000E-5	1.791870000E-6	5.280500000E+0	-1.805394143E-1	2.383194000E+3
-9.848970000E-5	1.836580000E-6	5.291900000E+0	-1.805394143E-1	2.385546000E+3
-9.851950000E-5	1.780700000E-6	5.303200000E+0	-1.805394143E-1	2.387946000E+3
-9.844500000E-5	1.784420000E-6	5.316000000E+0	-1.805394143E-1	2.390087000E+3
-9.844500000E-5	1.765790000E-6	5.327600000E+0	-1.805394143E-1	2.392877000E+3
-9.847480000E-5	1.806770000E-6	5.339300000E+0	-1.805394143E-1	2.395305000E+3
-9.845620000E-5	1.821670000E-6	5.349400000E+0	-1.805394143E-1	2.396931000E+3
-9.850460000E-5	1.817950000E-6	5.359600000E+0	-1.805394143E-1	2.399079000E+3
-9.848220000E-5	1.784420000E-6	5.370000000E+0	-1.805394143E-1	2.401440000E+3
-9.847850000E-5	1.803050000E-6	5.380800000E+0	-1.805394143E-1	2.403470000E+3
-9.848600000E-5	1.844030000E-6	5.391800000E+0	-1.805394143E-1	2.405422000E+3
-9.855670000E-5	1.844030000E-6	5.404000000E+0	-1.805394143E-1	2.407828000E+3
-9.845240000E-5	1.851480000E-6	5.415900000E+0	-1.805394143E-1	2.411230000E+3
-9.851950000E-5	1.773250000E-6	5.427300000E+0	-1.805394143E-1	2.412761000E+3
-9.850460000E-5	1.747170000E-6	5.437500000E+0	-1.805394143E-1	2.414801000E+3
-9.853440000E-5	1.814220000E-6	5.449700000E+0	-1.805394143E-1	2.416886000E+3
-9.856050000E-5	1.776970000E-6	5.460400000E+0	-1.805394143E-1	2.419298000E+3
-9.848970000E-5	1.803050000E-6	5.471000000E+0	-1.805394143E-1	2.421289000E+3
-9.852690000E-5	1.765790000E-6	5.481600000E+0	-1.805394143E-1	2.423701000E+3
-9.844500000E-5	1.784420000E-6	5.492200000E+0	-1.805394143E-1	2.425735000E+3
-9.849340000E-5	1.750890000E-6	5.503200000E+0	-1.805394143E-1	2.427718000E+3
-9.847850000E-5	1.829120000E-6	5.513600000E+0	-1.805394143E-1	2.430151000E+3
-9.855300000E-5	1.795600000E-6	5.523700000E+0	-1.805394143E-1	2.432474000E+3
-9.847480000E-5	1.795600000E-6	5.535000000E+0	-1.805394143E-1	2.434134000E+3
-9.846730000E-5	1.769520000E-6	5.547100000E+0	-1.805394143E-1	2.436551000E+3
-9.847850000E-5	1.780700000E-6	5.559100000E+0	-1.805394143E-1	2.439280000E+3
-9.845620000E-5	1.795600000E-6	5.570500000E+0	-1.805394143E-1	2.441309000E+3
-9.846730000E-5	1.832850000E-6	5.580700000E+0	-1.805394143E-1	2.443309000E+3
-9.844500000E-5	1.844030000E-6	5.592200000E+0	-1.805394143E-1	2.446089000E+3
-9.850830000E-5	1.821670000E-6	5.603900000E+0	-1.805394143E-1	2.447691000E+3
-9.854560000E-5	1.776970000E-6	5.614800000E+0	-1.805394143E-1	2.450416000E+3
-9.849340000E-5	1.829120000E-6	5.626200000E+0	-1.805394143E-1	2.452744000E+3
-9.848220000E-5	1.769520000E-6	5.637600000E+0	-1.805394143E-1	2.454360000E+3
-9.852320000E-5	1.806770000E-6	5.648700000E+0	-1.805394143E-1	2.457152000E+3
-9.844500000E-5	1.750890000E-6	5.659800000E+0	-1.805394143E-1	2.459178000E+3
-9.850830000E-5	1.791870000E-6	5.670600000E+0	-1.805394143E-1	2.461611000E+3
-9.850090000E-5	1.754620000E-6	5.681900000E+0	-1.805394143E-1	2.463222000E+3
-9.846730000E-5	1.776970000E-6	5.693100000E+0	-1.805394143E-1	2.466002000E+3
-9.848600000E-5	1.773250000E-6	5.703600000E+0	-1.805394143E-1	2.468344000E+3
-9.851950000E-5	1.799320000E-6	5.715200000E+0	-1.805394143E-1	2.470096000E+3
-9.847480000E-5	1.806770000E-6	5.725900000E+0	-1.805394143E-1	2.471826000E+3
-9.844870000E-5	1.780700000E-6	5.738000000E+0	-1.805394143E-1	2.475008000E+3
-9.849340000E-5	1.791870000E-6	5.748200000E+0	-1.805394143E-1	2.477020000E+3
-9.850460000E-5	1.776970000E-6	5.761100000E+0	-1.805394143E-1	2.479020000E+3
-9.846730000E-5	1.773250000E-6	5.772400000E+0	-1.805394143E-1	2.481843000E+3
-9.847110000E-5	1.739720000E-6	5.782900000E+0	-1.805394143E-1	2.484280000E+3
-9.848970000E-5	1.795600000E-6	5.794200000E+0	-1.805394143E-1	2.485836000E+3
-9.846360000E-5	1.803050000E-6	5.806300000E+0	-1.805394143E-1	2.488261000E+3
-9.848970000E-5	1.836580000E-6	5.817900000E+0	-1.805394143E-1	2.490688000E+3
-9.847480000E-5	1.780700000E-6	5.829900000E+0	-1.805394143E-1	2.493434000E+3
-9.848220000E-5	1.799320000E-6	5.841200000E+0	-1.805394143E-1	2.495480000E+3
-9.847850000E-5	1.747170000E-6	5.852800000E+0	-1.805394143E-1	2.497856000E+3
-9.854930000E-5	1.810500000E-6	5.862900000E+0	-1.805394143E-1	2.499809000E+3
-9.847850000E-5	1.810500000E-6	5.875200000E+0	-1.805394143E-1	2.501873000E+3
-9.851950000E-5	1.776970000E-6	5.885700000E+0	-1.805394143E-1	2.504378000E+3
-9.845990000E-5	1.817950000E-6	5.897500000E+0	-1.805394143E-1	2.506754000E+3
-9.852320000E-5	1.814220000E-6	5.909200000E+0	-1.805394143E-1	2.509316000E+3
-9.853810000E-5	1.758340000E-6	5.919400000E+0	-1.805394143E-1	2.510903000E+3
-9.855300000E-5	1.791870000E-6	5.930900000E+0	-1.805394143E-1	2.513320000E+3
-9.854560000E-5	1.851480000E-6	5.942000000E+0	-1.805394143E-1	2.515712000E+3
-9.850460000E-5	1.739720000E-6	5.953400000E+0	-1.805394143E-1	2.518135000E+3
-9.852320000E-5	1.773250000E-6	5.965700000E+0	-1.805394143E-1	2.520243000E+3
-9.850830000E-5	1.754620000E-6	5.976700000E+0	-1.805394143E-1	2.522101000E+3
-9.851200000E-5	1.698740000E-6	5.988300000E+0	-1.805394143E-1	2.525279000E+3
-9.848220000E-5	1.810500000E-6	5.999500000E+0	-1.805394143E-1	2.527080000E+3
-9.849710000E-5	1.803050000E-6	6.009700000E+0	-1.805394143E-1	2.529081000E+3
-9.848600000E-5	1.732270000E-6	6.020600000E+0	-1.805394143E-1	2.531429000E+3
-9.853070000E-5	1.769520000E-6	6.031100000E+0	-1.805394143E-1	2.533949000E+3
-9.848970000E-5	1.747170000E-6	6.042600000E+0	-1.805394143E-1	2.535607000E+3
-9.857540000E-5	1.814220000E-6	6.053600000E+0	-1.805394143E-1	2.538013000E+3
-9.854560000E-5	1.750890000E-6	6.065300000E+0	-1.805394143E-1	2.540406000E+3
-9.848970000E-5	1.817950000E-6	6.076600000E+0	-1.805394143E-1	2.542796000E+3
-9.852690000E-5	1.754620000E-6	6.088800000E+0	-1.805394143E-1	2.544773000E+3
-9.853810000E-5	1.803050000E-6	6.100600000E+0	-1.805394143E-1	2.547253000E+3
-9.848600000E-5	1.728540000E-6	6.110900000E+0	-1.805394143E-1	2.549588000E+3
-9.853070000E-5	1.810500000E-6	6.121100000E+0	-1.805394143E-1	2.552026000E+3
-9.856050000E-5	1.825400000E-6	6.131300000E+0	-1.805394143E-1	2.553542000E+3
-9.852690000E-5	1.791870000E-6	6.142800000E+0	-1.805394143E-1	2.555578000E+3
-9.851950000E-5	1.799320000E-6	6.152900000E+0	-1.805394143E-1	2.557939000E+3
-9.853810000E-5	1.776970000E-6	6.163800000E+0	-1.805394143E-1	2.559995000E+3
-9.853440000E-5	1.791870000E-6	6.175300000E+0	-1.805394143E-1	2.562020000E+3
-9.849340000E-5	1.810500000E-6	6.185400000E+0	-1.805394143E-1	2.564234000E+3
-9.855300000E-5	1.832850000E-6	6.197000000E+0	-1.805394143E-1	2.566675000E+3
-9.847110000E-5	1.803050000E-6	6.207500000E+0	-1.805394143E-1	2.569087000E+3
-9.855300000E-5	1.784420000E-6	6.219400000E+0	-1.805394143E-1	2.571074000E+3
-9.849340000E-5	1.795600000E-6	6.230400000E+0	-1.805394143E-1	2.573123000E+3
-9.857910000E-5	1.814220000E-6	6.241800000E+0	-1.805394143E-1	2.575630000E+3
-9.851580000E-5	1.851480000E-6	6.253300000E+0	-1.805394143E-1	2.578339000E+3
-9.854180000E-5	1.817950000E-6	6.265600000E+0	-1.805394143E-1	2.580412000E+3
-9.856420000E-5	1.821670000E-6	6.276800000E+0	-1.805394143E-1	2.582760000E+3
-9.850830000E-5	1.870100000E-6	6.288800000E+0	-1.805394143E-1	2.584783000E+3
-9.860140000E-5	1.836580000E-6	6.301400000E+0	-1.805394143E-1	2.587300000E+3
-9.860140000E-5	1.877550000E-6	6.313300000E+0	-1.805394143E-1	2.590131000E+3
-9.866850000E-5	1.825400000E-6	6.324400000E+0	-1.805394143E-1	2.592479000E+3
-9.856790000E-5	1.888730000E-6	6.336900000E+0	-1.805394143E-1	2.594491000E+3
-9.864620000E-5	1.907360000E-6	6.347900000E+0	-1.805394143E-1	2.596505000E+3
-9.862010000E-5	1.877550000E-6	6.358300000E+0	-1.805394143E-1	2.598904000E+3
-9.860890000E-5	1.881280000E-6	6.368700000E+0	-1.805394143E-1	2.601086000E+3
-9.863500000E-5	1.885000000E-6	6.379800000E+0	-1.805394143E-1	2.603485000E+3
-9.867600000E-5	1.870100000E-6	6.390800000E+0	-1.805394143E-1	2.605446000E+3
-9.858650000E-5	1.896180000E-6	6.402500000E+0	-1.805394143E-1	2.607843000E+3
-9.864620000E-5	1.907360000E-6	6.412700000E+0	-1.805394143E-1	2.609863000E+3
-9.864240000E-5	1.832850000E-6	6.423900000E+0	-1.805394143E-1	2.612282000E+3
-9.867970000E-5	1.862650000E-6	6.434100000E+0	-1.805394143E-1	2.613865000E+3
-9.862380000E-5	1.866380000E-6	6.444500000E+0	-1.805394143E-1	2.615854000E+3
-9.867220000E-5	1.918540000E-6	6.455700000E+0	-1.805394143E-1	2.618660000E+3
-9.867970000E-5	1.814220000E-6	6.466100000E+0	-1.805394143E-1	2.620649000E+3
-9.869830000E-5	1.803050000E-6	6.478400000E+0	-1.805394143E-1	2.622673000E+3
-9.867600000E-5	1.862650000E-6	6.490900000E+0	-1.805394143E-1	2.625071000E+3
-9.869830000E-5	1.840300000E-6	6.502600000E+0	-1.805394143E-1	2.627844000E+3
-9.867970000E-5	1.829120000E-6	6.515100000E+0	-1.805394143E-1	2.630421000E+3
-9.868710000E-5	1.817950000E-6	6.527700000E+0	-1.805394143E-1	2.632368000E+3
-9.868710000E-5	1.803050000E-6	6.539200000E+0	-1.805394143E-1	2.634750000E+3
-9.866850000E-5	1.773250000E-6	6.550400000E+0	-1.805394143E-1	2.637585000E+3
-9.864620000E-5	1.817950000E-6	6.561000000E+0	-1.805394143E-1	2.639977000E+3
-9.866850000E-5	1.795600000E-6	6.572000000E+0	-1.805394143E-1	2.641558000E+3
-9.866110000E-5	1.810500000E-6	6.583200000E+0	-1.805394143E-1	2.643956000E+3
-9.865360000E-5	1.769520000E-6	6.593800000E+0	-1.805394143E-1	2.646007000E+3
-9.863130000E-5	1.762070000E-6	6.604000000E+0	-1.805394143E-1	2.648165000E+3
-9.870950000E-5	1.788150000E-6	6.614900000E+0	-1.805394143E-1	2.650128000E+3
-9.866850000E-5	1.747170000E-6	6.626000000E+0	-1.805394143E-1	2.652552000E+3
-9.872440000E-5	1.836580000E-6	6.636700000E+0	-1.805394143E-1	2.655119000E+3
-9.868340000E-5	1.773250000E-6	6.647500000E+0	-1.805394143E-1	2.656679000E+3
-9.862750000E-5	1.806770000E-6	6.658400000E+0	-1.805394143E-1	2.658646000E+3
-9.869090000E-5	1.762070000E-6	6.668800000E+0	-1.805394143E-1	2.661075000E+3
-9.869460000E-5	1.776970000E-6	6.679500000E+0	-1.805394143E-1	2.663435000E+3
-9.867970000E-5	1.762070000E-6	6.691100000E+0	-1.805394143E-1	2.665449000E+3
-9.869090000E-5	1.732270000E-6	6.701300000E+0	-1.805394143E-1	2.667440000E+3
-9.867220000E-5	1.795600000E-6	6.712800000E+0	-1.805394143E-1	2.669821000E+3
-9.874300000E-5	1.743440000E-6	6.723000000E+0	-1.805394143E-1	2.672247000E+3
-9.867970000E-5	1.814220000E-6	6.733200000E+0	-1.805394143E-1	2.673893000E+3
-9.874670000E-5	1.788150000E-6	6.745200000E+0	-1.805394143E-1	2.675982000E+3
-9.870950000E-5	1.803050000E-6	6.755700000E+0	-1.805394143E-1	2.678382000E+3
-9.873930000E-5	1.814220000E-6	6.765800000E+0	-1.805394143E-1	2.680799000E+3
-9.876540000E-5	1.780700000E-6	6.779000000E+0	-1.805394143E-1	2.683191000E+3
-9.872070000E-5	1.810500000E-6	6.789400000E+0	-1.805394143E-1	2.685191000E+3
-9.874670000E-5	1.829120000E-6	6.800700000E+0	-1.805394143E-1	2.687602000E+3
-9.875790000E-5	1.784420000E-6	6.811800000E+0	-1.805394143E-1	2.689591000E+3
-9.876160000E-5	1.732270000E-6	6.822600000E+0	-1.805394143E-1	2.691968000E+3
-9.868710000E-5	1.791870000E-6	6.834000000E+0	-1.805394143E-1	2.694021000E+3
-9.869830000E-5	1.702460000E-6	6.844800000E+0	-1.805394143E-1	2.696125000E+3
-9.865730000E-5	1.706190000E-6	6.855900000E+0	-1.805394143E-1	2.698967000E+3
-9.870200000E-5	1.735990000E-6	6.866300000E+0	-1.805394143E-1	2.700568000E+3
-9.868340000E-5	1.724820000E-6	6.876500000E+0	-1.805394143E-1	2.702501000E+3
-9.862380000E-5	1.717370000E-6	6.887200000E+0	-1.805394143E-1	2.704503000E+3
-9.863870000E-5	1.683840000E-6	6.898300000E+0	-1.805394143E-1	2.706962000E+3
-9.857540000E-5	1.687560000E-6	6.911000000E+0	-1.805394143E-1	2.709764000E+3
-9.856420000E-5	1.683840000E-6	6.922700000E+0	-1.805394143E-1	2.711736000E+3
-9.848970000E-5	1.706190000E-6	6.933900000E+0	-1.805394143E-1	2.714140000E+3
-9.844500000E-5	1.683840000E-6	6.945700000E+0	-1.805394143E-1	2.716103000E+3
-9.838910000E-5	1.654040000E-6	6.956500000E+0	-1.805394143E-1	2.718563000E+3
-9.843010000E-5	1.672660000E-6	6.968100000E+0	-1.805394143E-1	2.720666000E+3
-9.829230000E-5	1.732270000E-6	6.979300000E+0	-1.805394143E-1	2.723103000E+3
-9.843750000E-5	1.702460000E-6	6.989800000E+0	-1.805394143E-1	2.725450000E+3
-9.833320000E-5	1.750890000E-6	7.000700000E+0	-1.805394143E-1	2.727645000E+3
-9.831090000E-5	1.735990000E-6	7.011400000E+0	-1.805394143E-1	2.729605000E+3
-9.838170000E-5	1.709920000E-6	7.022900000E+0	-1.805394143E-1	2.732006000E+3
-9.836300000E-5	1.776970000E-6	7.034800000E+0	-1.805394143E-1	2.734005000E+3
-9.840030000E-5	1.788150000E-6	7.047400000E+0	-1.805394143E-1	2.736840000E+3
-9.833700000E-5	1.721090000E-6	7.058600000E+0	-1.805394143E-1	2.738832000E+3
-9.826620000E-5	1.735990000E-6	7.069100000E+0	-1.805394143E-1	2.741196000E+3
-9.836680000E-5	1.732270000E-6	7.080300000E+0	-1.805394143E-1	2.743628000E+3
-9.834070000E-5	1.758340000E-6	7.090400000E+0	-1.805394143E-1	2.745257000E+3
-9.832210000E-5	1.810500000E-6	7.100700000E+0	-1.805394143E-1	2.747218000E+3
-9.832950000E-5	1.739720000E-6	7.112400000E+0	-1.805394143E-1	2.749589000E+3
-9.835190000E-5	1.739720000E-6	7.122700000E+0	-1.805394143E-1	2.752001000E+3
-9.835190000E-5	1.788150000E-6	7.135000000E+0	-1.805394143E-1	2.754443000E+3
-9.834440000E-5	1.754620000E-6	7.145600000E+0	-1.805394143E-1	2.756419000E+3
-9.827360000E-5	1.776970000E-6	7.155800000E+0	-1.805394143E-1	2.758589000E+3
-9.829230000E-5	1.773250000E-6	7.166700000E+0	-1.805394143E-1	2.760539000E+3
-9.826240000E-5	1.784420000E-6	7.177200000E+0	-1.805394143E-1	2.762584000E+3
-9.828480000E-5	1.702460000E-6	7.188900000E+0	-1.805394143E-1	2.764981000E+3
-9.824750000E-5	1.773250000E-6	7.200700000E+0	-1.805394143E-1	2.767460000E+3
-9.826620000E-5	1.739720000E-6	7.213900000E+0	-1.805394143E-1	2.770301000E+3
-9.826620000E-5	1.743440000E-6	7.226300000E+0	-1.805394143E-1	2.772322000E+3
-9.825870000E-5	1.747170000E-6	7.236500000E+0	-1.805394143E-1	2.774253000E+3
-9.828850000E-5	1.750890000E-6	7.247000000E+0	-1.805394143E-1	2.776667000E+3
-9.826620000E-5	1.795600000E-6	7.258600000E+0	-1.805394143E-1	2.779457000E+3
-9.827360000E-5	1.803050000E-6	7.270500000E+0	-1.805394143E-1	2.781068000E+3
-9.824380000E-5	1.750890000E-6	7.282400000E+0	-1.805394143E-1	2.783504000E+3
-9.824010000E-5	1.803050000E-6	7.293000000E+0	-1.805394143E-1	2.785866000E+3
-9.828850000E-5	1.739720000E-6	7.303500000E+0	-1.805394143E-1	2.788653000E+3
-9.828480000E-5	1.724820000E-6	7.315200000E+0	-1.805394143E-1	2.790306000E+3
-9.820280000E-5	1.769520000E-6	7.327900000E+0	-1.805394143E-1	2.792816000E+3
-9.821400000E-5	1.743440000E-6	7.339400000E+0	-1.805394143E-1	2.795238000E+3
-9.823260000E-5	1.743440000E-6	7.350700000E+0	-1.805394143E-1	2.797200000E+3
-9.822890000E-5	1.676390000E-6	7.362000000E+0	-1.805394143E-1	2.799606000E+3
-9.820660000E-5	1.799320000E-6	7.372700000E+0	-1.805394143E-1	2.801605000E+3
-9.821400000E-5	1.747170000E-6	7.384000000E+0	-1.805394143E-1	2.804049000E+3
-9.827360000E-5	1.739720000E-6	7.395000000E+0	-1.805394143E-1	2.806437000E+3
-9.818050000E-5	1.762070000E-6	7.405000000E+0	-1.805394143E-1	2.808125000E+3
-9.819910000E-5	1.750890000E-6	7.415300000E+0	-1.805394143E-1	2.810196000E+3
-9.820280000E-5	1.810500000E-6	7.426700000E+0	-1.805394143E-1	2.812526000E+3
-9.816930000E-5	1.631680000E-6	7.437400000E+0	-1.805394143E-1	2.815401000E+3
-9.819170000E-5	1.709920000E-6	7.448800000E+0	-1.805394143E-1	2.816969000E+3
-9.821030000E-5	1.762070000E-6	7.460800000E+0	-1.805394143E-1	2.819355000E+3
-9.813950000E-5	1.776970000E-6	7.471400000E+0	-1.805394143E-1	2.821405000E+3
-9.812090000E-5	1.735990000E-6	7.481700000E+0	-1.805394143E-1	2.824155000E+3
-9.813950000E-5	1.735990000E-6	7.492100000E+0	-1.805394143E-1	2.825753000E+3
-9.815440000E-5	1.728540000E-6	7.502500000E+0	-1.805394143E-1	2.827820000E+3
-9.814320000E-5	1.732270000E-6	7.513800000E+0	-1.805394143E-1	2.830183000E+3
-9.819170000E-5	1.687560000E-6	7.526500000E+0	-1.805394143E-1	2.832125000E+3
-9.812830000E-5	1.806770000E-6	7.538800000E+0	-1.805394143E-1	2.835013000E+3
-9.813950000E-5	1.739720000E-6	7.549400000E+0	-1.805394143E-1	2.836958000E+3
-9.813210000E-5	1.776970000E-6	7.560800000E+0	-1.805394143E-1	2.839400000E+3
-9.812830000E-5	1.739720000E-6	7.571400000E+0	-1.805394143E-1	2.842054000E+3
-9.814700000E-5	1.728540000E-6	7.583100000E+0	-1.805394143E-1	2.844118000E+3
-9.810600000E-5	1.728540000E-6	7.594400000E+0	-1.805394143E-1	2.846050000E+3
-9.807620000E-5	1.683840000E-6	7.604700000E+0	-1.805394143E-1	2.848068000E+3
-9.811340000E-5	1.709920000E-6	7.616200000E+0	-1.805394143E-1	2.850804000E+3
-9.807250000E-5	1.762070000E-6	7.629100000E+0	-1.805394143E-1	2.852810000E+3
-9.804640000E-5	1.765790000E-6	7.639900000E+0	-1.805394143E-1	2.855242000E+3
-9.804640000E-5	1.765790000E-6	7.651400000E+0	-1.805394143E-1	2.858033000E+3
-9.804640000E-5	1.784420000E-6	7.661500000E+0	-1.805394143E-1	2.859610000E+3
-9.796810000E-5	1.728540000E-6	7.673000000E+0	-1.805394143E-1	2.861644000E+3
-9.800910000E-5	1.721090000E-6	7.683700000E+0	-1.805394143E-1	2.864045000E+3
-9.801290000E-5	1.691290000E-6	7.696500000E+0	-1.805394143E-1	2.866404000E+3
-9.793830000E-5	1.680110000E-6	7.708200000E+0	-1.805394143E-1	2.869421000E+3
-9.797930000E-5	1.724820000E-6	7.720400000E+0	-1.805394143E-1	2.871333000E+3
-9.798680000E-5	1.713640000E-6	7.731900000E+0	-1.805394143E-1	2.873729000E+3
-9.802030000E-5	1.687560000E-6	7.742600000E+0	-1.805394143E-1	2.875783000E+3
-9.788620000E-5	1.762070000E-6	7.752900000E+0	-1.805394143E-1	2.878125000E+3
-9.796440000E-5	1.773250000E-6	7.763600000E+0	-1.805394143E-1	2.880134000E+3
-9.790110000E-5	1.676390000E-6	7.775800000E+0	-1.805394143E-1	2.882593000E+3
-9.789360000E-5	1.683840000E-6	7.786300000E+0	-1.805394143E-1	2.884179000E+3
-9.788990000E-5	1.762070000E-6	7.797400000E+0	-1.805394143E-1	2.886918000E+3
-9.783400000E-5	1.668940000E-6	7.807700000E+0	-1.805394143E-1	2.888562000E+3
-9.784890000E-5	1.728540000E-6	7.819000000E+0	-1.805394143E-1	2.890996000E+3
-9.781540000E-5	1.706190000E-6	7.830400000E+0	-1.805394143E-1	2.894119000E+3
-9.785270000E-5	1.702460000E-6	7.840700000E+0	-1.805394143E-1	2.895333000E+3
-9.774090000E-5	1.657760000E-6	7.851300000E+0	-1.805394143E-1	2.897504000E+3
-9.775950000E-5	1.687560000E-6	7.863400000E+0	-1.805394143E-1	2.900259000E+3
-9.775580000E-5	1.646590000E-6	7.876500000E+0	-1.805394143E-1	2.902281000E+3
-9.764030000E-5	1.687560000E-6	7.889900000E+0	-1.805394143E-1	2.905063000E+3
-9.768130000E-5	1.635410000E-6	7.902100000E+0	-1.805394143E-1	2.907849000E+3
-9.761050000E-5	1.657760000E-6	7.912900000E+0	-1.805394143E-1	2.910300000E+3
-9.763290000E-5	1.635410000E-6	7.924900000E+0	-1.805394143E-1	2.912672000E+3
-9.755840000E-5	1.631680000E-6	7.936200000E+0	-1.805394143E-1	2.914639000E+3
-9.755840000E-5	1.691290000E-6	7.948500000E+0	-1.805394143E-1	2.916644000E+3
-9.750620000E-5	1.631680000E-6	7.959700000E+0	-1.805394143E-1	2.919499000E+3
-9.744660000E-5	1.676390000E-6	7.970400000E+0	-1.805394143E-1	2.921488000E+3
-9.746900000E-5	1.657760000E-6	7.982100000E+0	-1.805394143E-1	2.923977000E+3
-9.748760000E-5	1.605610000E-6	7.993200000E+0	-1.805394143E-1	2.926002000E+3
-9.736470000E-5	1.583260000E-6	8.003700000E+0	-1.805394143E-1	2.927575000E+3
-9.733860000E-5	1.646590000E-6	8.015400000E+0	-1.805394143E-1	2.930432000E+3
-9.724170000E-5	1.609330000E-6	8.028100000E+0	-1.805394143E-1	2.933366000E+3
-9.724920000E-5	1.601880000E-6	8.038300000E+0	-1.805394143E-1	2.934993000E+3
-9.719330000E-5	1.605610000E-6	8.049700000E+0	-1.805394143E-1	2.936962000E+3
-9.715980000E-5	1.650310000E-6	8.060300000E+0	-1.805394143E-1	2.939708000E+3
-9.711130000E-5	1.624230000E-6	8.071500000E+0	-1.805394143E-1	2.942118000E+3
-9.705920000E-5	1.568350000E-6	8.083300000E+0	-1.805394143E-1	2.944194000E+3
-9.699210000E-5	1.572080000E-6	8.095200000E+0	-1.805394143E-1	2.946512000E+3
-9.696600000E-5	1.501300000E-6	8.105500000E+0	-1.805394143E-1	2.948173000E+3
-9.691760000E-5	1.546000000E-6	8.115500000E+0	-1.805394143E-1	2.950545000E+3
-9.677610000E-5	1.553450000E-6	8.125900000E+0	-1.805394143E-1	2.952503000E+3
-9.679840000E-5	1.508750000E-6	8.136100000E+0	-1.805394143E-1	2.955507000E+3
-9.665680000E-5	1.471500000E-6	8.148200000E+0	-1.805394143E-1	2.957433000E+3
-9.663450000E-5	1.471500000E-6	8.159200000E+0	-1.805394143E-1	2.959036000E+3
-9.647800000E-5	1.456600000E-6	8.172300000E+0	-1.805394143E-1	2.962274000E+3
-9.641100000E-5	1.493850000E-6	8.183400000E+0	-1.805394143E-1	2.964297000E+3
-9.633270000E-5	1.460320000E-6	8.195100000E+0	-1.805394143E-1	2.966653000E+3
-9.619860000E-5	1.426790000E-6	8.205500000E+0	-1.805394143E-1	2.969446000E+3
-9.611670000E-5	1.475220000E-6	8.216500000E+0	-1.805394143E-1	2.971850000E+3
-9.607940000E-5	1.423070000E-6	8.227100000E+0	-1.805394143E-1	2.973847000E+3
-9.589320000E-5	1.385820000E-6	8.238400000E+0	-1.805394143E-1	2.976253000E+3
-9.581490000E-5	1.356010000E-6	8.249800000E+0	-1.805394143E-1	2.978240000E+3
-9.562870000E-5	1.400720000E-6	8.261400000E+0	-1.805394143E-1	2.980681000E+3
-9.547590000E-5	1.341110000E-6	8.273500000E+0	-1.805394143E-1	2.983188000E+3
-9.530830000E-5	1.348560000E-6	8.284000000E+0	-1.805394143E-1	2.985448000E+3
-9.522630000E-5	1.296410000E-6	8.294900000E+0	-1.805394143E-1	2.987445000E+3
-9.512580000E-5	1.303860000E-6	8.305100000E+0	-1.805394143E-1	2.989037000E+3
-9.496560000E-5	1.322490000E-6	8.315300000E+0	-1.805394143E-1	2.991043000E+3
-9.474580000E-5	1.274060000E-6	8.326800000E+0	-1.805394143E-1	2.993692000E+3
-9.459300000E-5	1.225630000E-6	8.339000000E+0	-1.805394143E-1	2.996001000E+3
-9.446640000E-5	1.214450000E-6	8.349400000E+0	-1.805394143E-1	2.998356000E+3
-9.432110000E-5	1.210730000E-6	8.359600000E+0	-1.805394143E-1	3.000015000E+3
-9.407520000E-5	1.121320000E-6	8.370700000E+0	-1.805394143E-1	3.002375000E+3
-9.383310000E-5	1.125040000E-6	8.380800000E+0	-1.805394143E-1	3.004361000E+3
-9.361330000E-5	1.020740000E-6	8.394800000E+0	-1.805394143E-1	3.007345000E+3
-9.343070000E-5	1.072890000E-6	8.405200000E+0	-1.805394143E-1	3.009334000E+3
-9.319980000E-5	9.387770000E-7	8.415300000E+0	-1.805394143E-1	3.010945000E+3
-9.287200000E-5	8.530950000E-7	8.425900000E+0	-1.805394143E-1	3.013365000E+3
-9.259260000E-5	8.046660000E-7	8.436600000E+0	-1.805394143E-1	3.015746000E+3
-9.223490000E-5	7.450620000E-7	8.448200000E+0	-1.805394143E-1	3.017697000E+3
-9.189970000E-5	6.072260000E-7	8.459900000E+0	-1.805394143E-1	3.019685000E+3
-9.153080000E-5	5.886000000E-7	8.470400000E+0	-1.805394143E-1	3.021339000E+3
-9.085280000E-5	4.060580000E-7	8.481200000E+0	-1.805394143E-1	3.024166000E+3
-9.039840000E-5	3.166510000E-7	8.491700000E+0	-1.805394143E-1	3.026128000E+3
-8.971290000E-5	5.960510000E-8	8.502700000E+0	-1.805394143E-1	3.028540000E+3
-8.907590000E-5	-1.676390000E-7	8.515000000E+0	-1.805394143E-1	3.030492000E+3
-8.796570000E-5	-4.880170000E-7	8.527700000E+0	-1.805394143E-1	3.032693000E+3
-8.654270000E-5	-9.909340000E-7	8.539400000E+0	-1.805394143E-1	3.035445000E+3
-8.536180000E-5	-1.527380000E-6	8.549700000E+0	-1.805394143E-1	3.037079000E+3
-8.324580000E-5	-2.384200000E-6	8.560000000E+0	-1.805394143E-1	3.039013000E+3
-8.021340000E-5	-3.609820000E-6	8.571800000E+0	-1.805394143E-1	3.041560000E+3
-7.657010000E-5	-5.178180000E-6	8.582900000E+0	-1.805394143E-1	3.043616000E+3
-7.144780000E-5	-7.148860000E-6	8.594300000E+0	-1.805394143E-1	3.045534000E+3
-6.297650000E-5	-1.057620000E-5	8.604500000E+0	-1.805394143E-1	3.047942000E+3
-5.321600000E-5	-1.421200000E-5	8.615100000E+0	-1.805394143E-1	3.049950000E+3
-3.749160000E-5	-1.871220000E-5	8.626100000E+0	-1.805394143E-1	3.052337000E+3
-2.305220000E-5	-1.855210000E-5	8.636500000E+0	-1.805394143E-1	3.054420000E+3
-1.147020000E-5	-1.385810000E-5	8.646600000E+0	-1.805394143E-1	3.056860000E+3
-5.558160000E-6	-8.974280000E-6	8.659500000E+0	-1.805394143E-1	3.059200000E+3
-2.220290000E-6	-4.380970000E-6	8.672100000E+0	-1.805394143E-1	3.061571000E+3
-1.132500000E-6	-2.387930000E-6	8.682300000E+0	-1.805394143E-1	3.063537000E+3
-5.736980000E-7	-1.024460000E-6	8.692600000E+0	-1.805394143E-1	3.065929000E+3
-3.613550000E-7	-5.625220000E-7	8.705600000E+0	-1.805394143E-1	3.067973000E+3
-2.309690000E-7	-3.166510000E-7	8.716300000E+0	-1.805394143E-1	3.070004000E+3
-1.080340000E-7	-1.490130000E-7	8.727900000E+0	-1.805394143E-1	3.072734000E+3
-8.195680000E-8	-9.685800000E-8	8.738700000E+0	-1.805394143E-1	3.074774000E+3
-1.005830000E-7	-4.097840000E-8	8.749700000E+0	-1.805394143E-1	3.076779000E+3
-9.313270000E-8	0.000000000E+0	8.760100000E+0	-1.805394143E-1	3.079144000E+3
-7.450640000E-9	-3.725320000E-9	8.770400000E+0	-1.805394143E-1	3.081137000E+3
-1.117590000E-8	-1.490130000E-8	8.780500000E+0	-1.805394143E-1	3.083617000E+3
-3.352780000E-8	-4.097840000E-8	8.793200000E+0	-1.805394143E-1	3.085969000E+3
-4.470370000E-8	-2.980250000E-8	8.805300000E+0	-1.805394143E-1	3.087924000E+3
-4.470370000E-8	0.000000000E+0	8.815800000E+0	-1.805394143E-1	3.089567000E+3
-9.685800000E-8	1.862660000E-8	8.826800000E+0	-1.805394143E-1	3.092431000E+3
-9.685800000E-8	-6.705570000E-8	8.837600000E+0	-1.805394143E-1	3.094051000E+3
-4.097840000E-8	-2.980250000E-8	8.847800000E+0	-1.805394143E-1	3.095262000E+3
-1.117590000E-8	-2.235190000E-8	8.858200000E+0	-1.805394143E-1	3.096634000E+3
-1.490130000E-8	1.862660000E-8	8.870500000E+0	-1.805394143E-1	3.098234000E+3
-3.725320000E-9	1.490130000E-8	8.881500000E+0	-1.805394143E-1	3.099526000E+3
-3.352780000E-8	-2.235190000E-8	8.896000000E+0	-1.805394143E-1	3.100798000E+3
-5.215430000E-8	-2.607710000E-8	8.906300000E+0	-1.805394143E-1	3.101522000E+3
-3.352780000E-8	-2.235190000E-8	8.918300000E+0	-1.805394143E-1	3.102764000E+3
-6.333040000E-8	-8.195680000E-8	8.929900000E+0	-1.805394143E-1	3.104745000E+3
-5.215430000E-8	1.117590000E-8	8.940400000E+0	-1.805394143E-1	3.109975000E+3
-4.097840000E-8	-7.450640000E-9	8.952200000E+0	-1.805394143E-1	3.112369000E+3
-9.313270000E-8	2.980250000E-8	8.963600000E+0	-1.805394143E-1	3.114719000E+3
-1.862660000E-8	3.725310000E-8	8.975400000E+0	-1.805394143E-1	3.117182000E+3
-6.705570000E-8	7.450630000E-8	8.985700000E+0	-1.805394143E-1	3.119539000E+3
-4.842900000E-8	1.117590000E-8	8.997300000E+0	-1.805394143E-1	3.122306000E+3
-1.043090000E-7	1.117590000E-8	9.008100000E+0	-1.805394143E-1	3.125100000E+3
-6.333040000E-8	-2.980250000E-8	9.018700000E+0	-1.805394143E-1	3.128311000E+3
-9.685800000E-8	-4.470370000E-8	9.008500000E+0	-1.805394143E-1	3.136848000E+3
