20240423_HM455NbTa2Zr_chiAC_vs_T_B_2T.001.txt Wed, Apr 23, 2025 3:55:43 PM Juan Gabe
Magnet: None
Trigger spacing of 0.010000 on column #3
Offsets:	0.000000000E+0	0.000000000E+0	0.000000000E+0	0.000000000E+0	0.000000000E+0

Scale Factors:	1.000000000E+0	1.000000000E+0	1.000000000E+0	1.000000000E+0	1.000000000E+0

2T
Lockin_V_001	Chan2_V_001	Temperture_001	Field_001	Timestamp_001
-5.215430000E-8	-8.136090000E-6	9.000800000E+0	1.999961523E+4	2.800000000E-2
2.086170000E-7	-8.136090000E-6	8.990000000E+0	1.999961523E+4	6.293100000E+1
2.682230000E-7	-8.113740000E-6	8.977800000E+0	1.999961523E+4	6.493500000E+1
2.831240000E-7	-7.964730000E-6	8.966700000E+0	1.999961523E+4	6.654200000E+1
2.458710000E-7	-7.927480000E-6	8.955300000E+0	1.999961523E+4	6.808200000E+1
1.862650000E-7	-7.905120000E-6	8.943700000E+0	1.999961523E+4	7.047600000E+1
2.905740000E-7	-7.957280000E-6	8.933200000E+0	1.999961523E+4	7.291900000E+1
2.384200000E-7	-7.994530000E-6	8.922100000E+0	1.999961523E+4	7.489300000E+1
1.639140000E-7	-7.920030000E-6	8.911200000E+0	1.999961523E+4	7.691600000E+1
1.639140000E-7	-7.815720000E-6	8.901100000E+0	1.999961523E+4	7.889200000E+1
8.940740000E-8	-7.845520000E-6	8.890100000E+0	1.999961523E+4	8.101100000E+1
1.266610000E-7	-7.800820000E-6	8.879600000E+0	1.999961523E+4	8.302100000E+1
1.862650000E-7	-7.905120000E-6	8.869200000E+0	1.999961523E+4	8.541400000E+1
8.195680000E-8	-7.964730000E-6	8.856500000E+0	1.999961523E+4	8.838700000E+1
1.937160000E-7	-7.823170000E-6	8.845600000E+0	1.999961523E+4	9.036900000E+1
2.384200000E-7	-7.860420000E-6	8.834800000E+0	1.999961523E+4	9.209600000E+1
1.192100000E-7	-7.830620000E-6	8.824200000E+0	1.999961523E+4	9.451500000E+1
9.685800000E-8	-7.823170000E-6	8.813900000E+0	1.999961523E+4	9.647200000E+1
1.415620000E-7	-7.979630000E-6	8.801600000E+0	1.999961523E+4	9.847700000E+1
1.117590000E-7	-7.905120000E-6	8.790300000E+0	1.999961523E+4	1.012610000E+2
5.215430000E-8	-7.800820000E-6	8.779400000E+0	1.999961523E+4	1.032980000E+2
1.415620000E-7	-7.942380000E-6	8.768100000E+0	1.999961523E+4	1.057340000E+2
9.685800000E-8	-7.987080000E-6	8.757000000E+0	1.999961523E+4	1.077060000E+2
2.384200000E-7	-8.009430000E-6	8.746000000E+0	1.999961523E+4	1.096700000E+2
2.160680000E-7	-7.845520000E-6	8.733200000E+0	1.999961523E+4	1.124680000E+2
3.129260000E-7	-7.912570000E-6	8.722200000E+0	1.999961523E+4	1.145110000E+2
2.980250000E-7	-7.972180000E-6	8.711700000E+0	1.999961523E+4	1.168740000E+2
2.160680000E-7	-7.778460000E-6	8.701200000E+0	1.999961523E+4	1.188770000E+2
1.266610000E-7	-7.823170000E-6	8.688900000E+0	1.999961523E+4	1.212550000E+2
2.607720000E-7	-7.808270000E-6	8.678300000E+0	1.999961523E+4	1.232880000E+2
2.682230000E-7	-7.808270000E-6	8.666400000E+0	1.999961523E+4	1.257200000E+2
3.129260000E-7	-7.666710000E-6	8.655600000E+0	1.999961523E+4	1.280940000E+2
3.203770000E-7	-7.793370000E-6	8.644600000E+0	1.999961523E+4	1.300960000E+2
2.086170000E-7	-7.815720000E-6	8.633700000E+0	1.999961523E+4	1.324920000E+2
1.490130000E-7	-7.659260000E-6	8.622500000E+0	1.999961523E+4	1.344570000E+2
1.713640000E-7	-7.666710000E-6	8.611900000E+0	1.999961523E+4	1.364670000E+2
1.937160000E-7	-7.830620000E-6	8.600900000E+0	1.999961523E+4	1.388460000E+2
3.129260000E-7	-7.793370000E-6	8.590200000E+0	1.999961523E+4	1.409890000E+2
3.501790000E-7	-7.845520000E-6	8.579500000E+0	1.999961523E+4	1.433900000E+2
3.054760000E-7	-7.756110000E-6	8.569300000E+0	1.999961523E+4	1.449860000E+2
3.799810000E-7	-7.681610000E-6	8.557600000E+0	1.999961523E+4	1.474000000E+2
1.713640000E-7	-7.763560000E-6	8.545600000E+0	1.999961523E+4	1.497650000E+2
1.788150000E-7	-7.860420000E-6	8.535300000E+0	1.999961523E+4	1.517640000E+2
2.607720000E-7	-7.808270000E-6	8.525200000E+0	1.999961523E+4	1.539680000E+2
2.831240000E-7	-7.897670000E-6	8.514600000E+0	1.999961523E+4	1.563720000E+2
4.172340000E-7	-7.920030000E-6	8.501100000E+0	1.999961523E+4	1.588100000E+2
3.799810000E-7	-7.823170000E-6	8.489800000E+0	1.999961523E+4	1.607820000E+2
3.054760000E-7	-7.867870000E-6	8.479300000E+0	1.999961523E+4	1.631640000E+2
5.513470000E-7	-7.920030000E-6	8.468900000E+0	1.999961523E+4	1.655060000E+2
5.066430000E-7	-7.838070000E-6	8.457100000E+0	1.999961523E+4	1.676110000E+2
6.035010000E-7	-7.875320000E-6	8.444500000E+0	1.999961523E+4	1.699580000E+2
3.203770000E-7	-7.703960000E-6	8.432000000E+0	1.999961523E+4	1.722940000E+2
4.842910000E-7	-7.838070000E-6	8.420900000E+0	1.999961523E+4	1.747440000E+2
3.725310000E-7	-7.852970000E-6	8.409300000E+0	1.999961523E+4	1.771620000E+2
4.470370000E-7	-7.748660000E-6	8.398700000E+0	1.999961523E+4	1.795120000E+2
4.842910000E-7	-7.718860000E-6	8.388500000E+0	1.999961523E+4	1.815010000E+2
5.066430000E-7	-7.703960000E-6	8.377600000E+0	1.999961523E+4	1.835330000E+2
5.513470000E-7	-7.659260000E-6	8.367000000E+0	1.999961523E+4	1.855700000E+2
5.960500000E-7	-7.793370000E-6	8.356400000E+0	1.999961523E+4	1.879650000E+2
8.344690000E-7	-7.808270000E-6	8.344400000E+0	1.999961523E+4	1.903880000E+2
1.139950000E-6	-7.815720000E-6	8.333600000E+0	1.999961523E+4	1.919570000E+2
1.057990000E-6	-7.808270000E-6	8.321600000E+0	1.999961523E+4	1.947340000E+2
1.020740000E-6	-7.748660000E-6	8.311500000E+0	1.999961523E+4	1.967140000E+2
9.387770000E-7	-7.800820000E-6	8.300400000E+0	1.999961523E+4	1.989140000E+2
9.909340000E-7	-7.785910000E-6	8.290000000E+0	1.999961523E+4	2.012220000E+2
1.013290000E-6	-7.830620000E-6	8.278600000E+0	1.999961523E+4	2.032810000E+2
9.834840000E-7	-7.621970000E-6	8.266600000E+0	1.999961523E+4	2.053770000E+2
1.087790000E-6	-7.905120000E-6	8.254300000E+0	1.999961523E+4	2.081730000E+2
1.043090000E-6	-7.726310000E-6	8.242800000E+0	1.999961523E+4	2.106180000E+2
8.866230000E-7	-7.748660000E-6	8.231600000E+0	1.999961523E+4	2.129690000E+2
8.940730000E-7	-7.793370000E-6	8.220200000E+0	1.999961523E+4	2.148700000E+2
9.015240000E-7	-7.815720000E-6	8.208300000E+0	1.999961523E+4	2.170210000E+2
1.013290000E-6	-7.726310000E-6	8.197700000E+0	1.999961523E+4	2.194870000E+2
9.685830000E-7	-7.703960000E-6	8.185900000E+0	1.999961523E+4	2.216230000E+2
9.089740000E-7	-7.636900000E-6	8.175200000E+0	1.999961523E+4	2.240380000E+2
1.147400000E-6	-7.718860000E-6	8.164300000E+0	1.999961523E+4	2.263000000E+2
1.095240000E-6	-7.718860000E-6	8.152200000E+0	1.999961523E+4	2.287620000E+2
1.065440000E-6	-7.793370000E-6	8.140900000E+0	1.999961523E+4	2.308440000E+2
1.192100000E-6	-7.733760000E-6	8.128300000E+0	1.999961523E+4	2.333860000E+2
1.445420000E-6	-7.607070000E-6	8.115200000E+0	1.999961523E+4	2.358880000E+2
1.162300000E-6	-7.614520000E-6	8.105100000E+0	1.999961523E+4	2.380350000E+2
1.259160000E-6	-7.592170000E-6	8.094800000E+0	1.999961523E+4	2.403020000E+2
1.125040000E-6	-7.577270000E-6	8.082400000E+0	1.999961523E+4	2.422040000E+2
1.154850000E-6	-7.659260000E-6	8.072000000E+0	1.999961523E+4	2.442810000E+2
1.110140000E-6	-7.718860000E-6	8.060700000E+0	1.999961523E+4	2.468700000E+2
1.028190000E-6	-7.666710000E-6	8.048300000E+0	1.999961523E+4	2.496100000E+2
9.834840000E-7	-7.659260000E-6	8.038200000E+0	1.999961523E+4	2.514870000E+2
9.462270000E-7	-7.651800000E-6	8.027100000E+0	1.999961523E+4	2.535390000E+2
1.184650000E-6	-7.674160000E-6	8.015300000E+0	1.999961523E+4	2.560430000E+2
1.192100000E-6	-7.689060000E-6	8.004200000E+0	1.999961523E+4	2.582040000E+2
1.154850000E-6	-7.607070000E-6	7.994200000E+0	1.999961523E+4	2.602660000E+2
1.169750000E-6	-7.718860000E-6	7.982500000E+0	1.999961523E+4	2.622830000E+2
9.536820000E-7	-7.607070000E-6	7.970900000E+0	1.999961523E+4	2.646230000E+2
1.080340000E-6	-7.569820000E-6	7.959000000E+0	1.999961523E+4	2.669300000E+2
1.050540000E-6	-7.651800000E-6	7.947900000E+0	1.999961523E+4	2.695460000E+2
1.072890000E-6	-7.621970000E-6	7.935600000E+0	1.999961523E+4	2.720690000E+2
1.244250000E-6	-7.733760000E-6	7.923200000E+0	1.999961523E+4	2.742140000E+2
1.192100000E-6	-7.554920000E-6	7.911600000E+0	1.999961523E+4	2.762060000E+2
1.184650000E-6	-7.614520000E-6	7.901300000E+0	1.999961523E+4	2.788130000E+2
1.393270000E-6	-7.733760000E-6	7.890000000E+0	1.999961523E+4	2.812310000E+2
1.274060000E-6	-7.800820000E-6	7.875900000E+0	1.999961523E+4	2.835560000E+2
1.363460000E-6	-7.860420000E-6	7.863100000E+0	1.999961523E+4	2.862760000E+2
1.326210000E-6	-7.733760000E-6	7.851500000E+0	1.999961523E+4	2.885060000E+2
1.192100000E-6	-7.875320000E-6	7.841000000E+0	1.999961523E+4	2.909980000E+2
1.303860000E-6	-7.882770000E-6	7.830300000E+0	1.999961523E+4	2.932010000E+2
1.214450000E-6	-7.927480000E-6	7.818900000E+0	1.999961523E+4	2.954800000E+2
1.341110000E-6	-7.882770000E-6	7.806700000E+0	1.999961523E+4	2.979260000E+2
1.363460000E-6	-7.830620000E-6	7.795500000E+0	1.999961523E+4	2.997340000E+2
1.326210000E-6	-7.882770000E-6	7.784900000E+0	1.999961523E+4	3.023970000E+2
1.356010000E-6	-7.867870000E-6	7.774100000E+0	1.999961523E+4	3.044200000E+2
1.318760000E-6	-7.763560000E-6	7.762900000E+0	1.999961523E+4	3.064170000E+2
1.303860000E-6	-7.793370000E-6	7.751500000E+0	1.999961523E+4	3.081430000E+2
1.378360000E-6	-7.703960000E-6	7.740600000E+0	1.999961523E+4	3.111360000E+2
1.393270000E-6	-7.815720000E-6	7.729100000E+0	1.999961523E+4	3.132200000E+2
1.318760000E-6	-7.860420000E-6	7.718900000E+0	1.999961523E+4	3.152230000E+2
1.199550000E-6	-7.979630000E-6	7.707000000E+0	1.999961523E+4	3.171300000E+2
1.080340000E-6	-7.994530000E-6	7.694500000E+0	1.999961523E+4	3.198940000E+2
1.259160000E-6	-7.934930000E-6	7.681800000E+0	1.999961523E+4	3.226420000E+2
1.385820000E-6	-7.957280000E-6	7.671600000E+0	1.999961523E+4	3.245900000E+2
1.452870000E-6	-7.860420000E-6	7.661400000E+0	1.999961523E+4	3.267270000E+2
1.490120000E-6	-7.942380000E-6	7.649500000E+0	1.999961523E+4	3.292610000E+2
1.408170000E-6	-7.897670000E-6	7.637600000E+0	1.999961523E+4	3.313460000E+2
1.393270000E-6	-7.882770000E-6	7.625800000E+0	1.999961523E+4	3.337590000E+2
1.430520000E-6	-7.718860000E-6	7.612800000E+0	1.999961523E+4	3.364380000E+2
1.475220000E-6	-7.785910000E-6	7.601000000E+0	1.999961523E+4	3.392260000E+2
1.348560000E-6	-7.771010000E-6	7.590300000E+0	1.999961523E+4	3.405930000E+2
1.266610000E-6	-7.987080000E-6	7.579300000E+0	1.999961523E+4	3.431150000E+2
1.199550000E-6	-7.912570000E-6	7.568300000E+0	1.999961523E+4	3.452160000E+2
1.274060000E-6	-7.852970000E-6	7.557700000E+0	1.999961523E+4	3.478960000E+2
1.333660000E-6	-7.793370000E-6	7.545700000E+0	1.999961523E+4	3.499350000E+2
1.236800000E-6	-7.771010000E-6	7.534000000E+0	1.999961523E+4	3.518870000E+2
1.363460000E-6	-7.718860000E-6	7.523400000E+0	1.999961523E+4	3.542040000E+2
1.482670000E-6	-7.860420000E-6	7.513300000E+0	1.999961523E+4	3.565890000E+2
1.251700000E-6	-7.815720000E-6	7.501900000E+0	1.999961523E+4	3.587520000E+2
1.363460000E-6	-7.815720000E-6	7.490100000E+0	1.999961523E+4	3.612780000E+2
1.460320000E-6	-7.860420000E-6	7.478300000E+0	1.999961523E+4	3.629450000E+2
1.497570000E-6	-7.875320000E-6	7.467900000E+0	1.999961523E+4	3.654110000E+2
1.400720000E-6	-7.867870000E-6	7.456500000E+0	1.999961523E+4	3.676150000E+2
1.445420000E-6	-7.785910000E-6	7.445400000E+0	1.999961523E+4	3.700720000E+2
1.400720000E-6	-7.815720000E-6	7.432700000E+0	1.999961523E+4	3.725860000E+2
1.423070000E-6	-7.897670000E-6	7.421600000E+0	1.999961523E+4	3.743200000E+2
1.318760000E-6	-7.823170000E-6	7.409100000E+0	1.999961523E+4	3.772910000E+2
1.139950000E-6	-7.815720000E-6	7.398700000E+0	1.999961523E+4	3.794010000E+2
1.199550000E-6	-7.793370000E-6	7.387900000E+0	1.999961523E+4	3.814920000E+2
1.244250000E-6	-7.860420000E-6	7.377300000E+0	1.999961523E+4	3.834890000E+2
1.326210000E-6	-7.875320000E-6	7.365100000E+0	1.999961523E+4	3.857540000E+2
1.065440000E-6	-7.830620000E-6	7.354500000E+0	1.999961523E+4	3.882100000E+2
1.162300000E-6	-7.823170000E-6	7.342300000E+0	1.999961523E+4	3.907430000E+2
1.139950000E-6	-7.912570000E-6	7.332100000E+0	1.999961523E+4	3.927990000E+2
1.266610000E-6	-7.987080000E-6	7.321400000E+0	1.999961523E+4	3.944490000E+2
1.229350000E-6	-7.875320000E-6	7.310600000E+0	1.999961523E+4	3.969420000E+2
1.333660000E-6	-7.920030000E-6	7.298900000E+0	1.999961523E+4	3.993980000E+2
1.408170000E-6	-7.920030000E-6	7.288600000E+0	1.999961523E+4	4.012860000E+2
1.192100000E-6	-8.009430000E-6	7.278500000E+0	1.999961523E+4	4.036180000E+2
1.177200000E-6	-8.069040000E-6	7.267700000E+0	1.999961523E+4	4.055030000E+2
1.385820000E-6	-8.091390000E-6	7.257200000E+0	1.999961523E+4	4.074830000E+2
1.408170000E-6	-8.173350000E-6	7.247000000E+0	1.999961523E+4	4.092410000E+2
1.393270000E-6	-8.262750000E-6	7.234800000E+0	1.999961523E+4	4.121430000E+2
1.497570000E-6	-8.434120000E-6	7.224700000E+0	1.999961523E+4	4.143150000E+2
1.579530000E-6	-8.657630000E-6	7.213800000E+0	1.999961523E+4	4.162990000E+2
1.646590000E-6	-8.747040000E-6	7.203100000E+0	1.999961523E+4	4.181500000E+2
1.482670000E-6	-8.925850000E-6	7.192600000E+0	1.999961523E+4	4.202060000E+2
1.288960000E-6	-9.462300000E-6	7.180400000E+0	1.999961523E+4	4.232910000E+2
1.460320000E-6	-9.708160000E-6	7.169200000E+0	1.999961523E+4	4.252090000E+2
1.378360000E-6	-1.001360000E-5	7.159100000E+0	1.999961523E+4	4.269760000E+2
1.207000000E-6	-1.068420000E-5	7.148000000E+0	1.999961523E+4	4.295300000E+2
1.139950000E-6	-1.113120000E-5	7.136100000E+0	1.999961523E+4	4.316610000E+2
9.462270000E-7	-1.174960000E-5	7.124800000E+0	1.999961523E+4	4.340410000E+2
6.333030000E-7	-1.260640000E-5	7.113000000E+0	1.999961523E+4	4.367160000E+2
2.533220000E-7	-1.337390000E-5	7.101100000E+0	1.999961523E+4	4.387530000E+2
0.000000000E+0	-1.425300000E-5	7.088600000E+0	1.999961523E+4	4.408320000E+2
-7.972160000E-7	-1.564630000E-5	7.076600000E+0	1.999961523E+4	4.438090000E+2
-1.639140000E-6	-1.685330000E-5	7.064400000E+0	1.999961523E+4	4.463380000E+2
-2.324600000E-6	-1.770270000E-5	7.052900000E+0	1.999961523E+4	4.484420000E+2
-3.002600000E-6	-1.914070000E-5	7.041000000E+0	1.999961523E+4	4.505500000E+2
-4.440580000E-6	-2.036260000E-5	7.028400000E+0	1.999961523E+4	4.529420000E+2
-5.535810000E-6	-2.164410000E-5	7.018300000E+0	1.999961523E+4	4.556320000E+2
-6.698100000E-6	-2.260520000E-5	7.007700000E+0	1.999961523E+4	4.576520000E+2
-8.158440000E-6	-2.376750000E-5	6.997100000E+0	1.999961523E+4	4.597370000E+2
-9.723070000E-6	-2.478820000E-5	6.986000000E+0	1.999961523E+4	4.618560000E+2
-1.148890000E-5	-2.586850000E-5	6.975000000E+0	1.999961523E+4	4.640090000E+2
-1.339620000E-5	-2.668060000E-5	6.964800000E+0	1.999961523E+4	4.661870000E+2
-1.470010000E-5	-2.720960000E-5	6.954800000E+0	1.999961523E+4	4.674820000E+2
-1.724080000E-5	-2.781310000E-5	6.944700000E+0	1.999961523E+4	4.698710000E+2
-2.001980000E-5	-2.872960000E-5	6.933000000E+0	1.999961523E+4	4.725570000E+2
-2.253810000E-5	-2.904990000E-5	6.920400000E+0	1.999961523E+4	4.749280000E+2
-2.495960000E-5	-2.930320000E-5	6.908500000E+0	1.999961523E+4	4.774850000E+2
-2.708300000E-5	-2.931070000E-5	6.897400000E+0	1.999961523E+4	4.792560000E+2
-3.027180000E-5	-2.907230000E-5	6.886600000E+0	1.999961523E+4	4.817780000E+2
-3.241030000E-5	-2.902760000E-5	6.876500000E+0	1.999961523E+4	4.838130000E+2
-3.471250000E-5	-2.854330000E-5	6.865900000E+0	1.999961523E+4	4.860220000E+2
-3.678370000E-5	-2.799940000E-5	6.855300000E+0	1.999961523E+4	4.880360000E+2
-3.901890000E-5	-2.741080000E-5	6.843500000E+0	1.999961523E+4	4.901370000E+2
-4.101570000E-5	-2.675520000E-5	6.833200000E+0	1.999961523E+4	4.923160000E+2
-4.293790000E-5	-2.606970000E-5	6.820800000E+0	1.999961523E+4	4.944200000E+2
-4.520290000E-5	-2.525760000E-5	6.809900000E+0	1.999961523E+4	4.969320000E+2
-4.694630000E-5	-2.459450000E-5	6.799400000E+0	1.999961523E+4	4.994760000E+2
-4.804160000E-5	-2.419960000E-5	6.789400000E+0	1.999961523E+4	5.011210000E+2
-4.965840000E-5	-2.372280000E-5	6.779300000E+0	1.999961523E+4	5.029650000E+2
-5.170730000E-5	-2.291070000E-5	6.767700000E+0	1.999961523E+4	5.053720000E+2
-5.336130000E-5	-2.223260000E-5	6.756000000E+0	1.999961523E+4	5.078860000E+2
-5.460550000E-5	-2.175580000E-5	6.745600000E+0	1.999961523E+4	5.100750000E+2
-5.592430000E-5	-2.127150000E-5	6.733600000E+0	1.999961523E+4	5.121540000E+2
-5.727280000E-5	-2.065310000E-5	6.721800000E+0	1.999961523E+4	5.145550000E+2
-5.879280000E-5	-2.007940000E-5	6.709600000E+0	1.999961523E+4	5.172770000E+2
-5.967190000E-5	-1.975910000E-5	6.696100000E+0	1.999961523E+4	5.196020000E+2
-6.108780000E-5	-1.907360000E-5	6.684300000E+0	1.999961523E+4	5.219110000E+2
-6.217560000E-5	-1.880540000E-5	6.672900000E+0	1.999961523E+4	5.238740000E+2
-6.363590000E-5	-1.820930000E-5	6.661200000E+0	1.999961523E+4	5.274070000E+2
-6.460450000E-5	-1.788150000E-5	6.649600000E+0	1.999961523E+4	5.292660000E+2
-6.535700000E-5	-1.756110000E-5	6.639100000E+0	1.999961523E+4	5.307390000E+2
-6.640750000E-5	-1.715880000E-5	6.627200000E+0	1.999961523E+4	5.338660000E+2
-6.721960000E-5	-1.672670000E-5	6.616500000E+0	1.999961523E+4	5.357610000E+2
-6.849370000E-5	-1.653300000E-5	6.604500000E+0	1.999961523E+4	5.382980000E+2
-6.902260000E-5	-1.618280000E-5	6.593000000E+0	1.999961523E+4	5.400530000E+2
-6.987200000E-5	-1.595180000E-5	6.580200000E+0	1.999961523E+4	5.429450000E+2
-7.046060000E-5	-1.559420000E-5	6.568300000E+0	1.999961523E+4	5.456020000E+2
-7.131740000E-5	-1.527380000E-5	6.555300000E+0	1.999961523E+4	5.480240000E+2
-7.198800000E-5	-1.516940000E-5	6.545000000E+0	1.999961523E+4	5.500030000E+2
-7.244250000E-5	-1.484160000E-5	6.534000000E+0	1.999961523E+4	5.519410000E+2
-7.328440000E-5	-1.452120000E-5	6.523200000E+0	1.999961523E+4	5.543390000E+2
-7.410390000E-5	-1.427540000E-5	6.511200000E+0	1.999961523E+4	5.569470000E+2
-7.440940000E-5	-1.396990000E-5	6.500300000E+0	1.999961523E+4	5.589410000E+2
-7.487140000E-5	-1.369420000E-5	6.489300000E+0	1.999961523E+4	5.606790000E+2
-7.570580000E-5	-1.358990000E-5	6.477200000E+0	1.999961523E+4	5.638680000E+2
-7.608580000E-5	-1.338880000E-5	6.466600000E+0	1.999961523E+4	5.661400000E+2
-7.633910000E-5	-1.324720000E-5	6.456400000E+0	1.999961523E+4	5.673740000E+2
-7.702460000E-5	-1.316520000E-5	6.445200000E+0	1.999961523E+4	5.700070000E+2
-7.753870000E-5	-1.288960000E-5	6.433500000E+0	1.999961523E+4	5.727010000E+2
-7.803040000E-5	-1.253940000E-5	6.421100000E+0	1.999961523E+4	5.747840000E+2
-7.832100000E-5	-1.259150000E-5	6.410600000E+0	1.999961523E+4	5.772030000E+2
-7.885000000E-5	-1.247980000E-5	6.398900000E+0	1.999961523E+4	5.792020000E+2
-7.901390000E-5	-1.221160000E-5	6.388300000E+0	1.999961523E+4	5.812490000E+2
-7.915540000E-5	-1.220410000E-5	6.377100000E+0	1.999961523E+4	5.835220000E+2
-7.926720000E-5	-1.204020000E-5	6.366100000E+0	1.999961523E+4	5.857000000E+2
-7.984090000E-5	-1.191350000E-5	6.355600000E+0	1.999961523E+4	5.881670000E+2
-8.019850000E-5	-1.183900000E-5	6.343800000E+0	1.999961523E+4	5.903270000E+2
-8.089890000E-5	-1.177200000E-5	6.332600000E+0	1.999961523E+4	5.924840000E+2
-8.107020000E-5	-1.153360000E-5	6.320800000E+0	1.999961523E+4	5.946030000E+2
-8.155450000E-5	-1.142920000E-5	6.310700000E+0	1.999961523E+4	5.969510000E+2
-8.186740000E-5	-1.133240000E-5	6.300500000E+0	1.999961523E+4	5.992150000E+2
-8.211330000E-5	-1.102690000E-5	6.288500000E+0	1.999961523E+4	6.012300000E+2
-8.230700000E-5	-1.101950000E-5	6.278200000E+0	1.999961523E+4	6.033500000E+2
-8.266470000E-5	-1.090030000E-5	6.267400000E+0	1.999961523E+4	6.055330000E+2
-8.292540000E-5	-1.073630000E-5	6.257400000E+0	1.999961523E+4	6.076770000E+2
-8.302230000E-5	-1.052030000E-5	6.247300000E+0	1.999961523E+4	6.092170000E+2
-8.343210000E-5	-1.070650000E-5	6.234400000E+0	1.999961523E+4	6.123260000E+2
-8.348420000E-5	-1.057990000E-5	6.223300000E+0	1.999961523E+4	6.143110000E+2
-8.399830000E-5	-1.055750000E-5	6.212700000E+0	1.999961523E+4	6.169500000E+2
-8.422930000E-5	-1.039360000E-5	6.202200000E+0	1.999961523E+4	6.185560000E+2
-8.444530000E-5	-1.025210000E-5	6.190700000E+0	1.999961523E+4	6.207640000E+2
-8.481040000E-5	-1.022970000E-5	6.179600000E+0	1.999961523E+4	6.228310000E+2
-8.490730000E-5	-1.019250000E-5	6.167800000E+0	1.999961523E+4	6.257580000E+2
-8.523510000E-5	-1.031170000E-5	6.155700000E+0	1.999961523E+4	6.281780000E+2
-8.561510000E-5	-1.025950000E-5	6.144500000E+0	1.999961523E+4	6.300760000E+2
-8.556290000E-5	-1.003600000E-5	6.133400000E+0	1.999961523E+4	6.322430000E+2
-8.575660000E-5	-1.001360000E-5	6.121900000E+0	1.999961523E+4	6.347480000E+2
-8.609190000E-5	-9.916780000E-6	6.110700000E+0	1.999961523E+4	6.368720000E+2
-8.613660000E-5	-9.797570000E-6	6.099200000E+0	1.999961523E+4	6.388270000E+2
-8.616640000E-5	-9.775220000E-6	6.089100000E+0	1.999961523E+4	6.410960000E+2
-8.665070000E-5	-9.812470000E-6	6.077900000E+0	1.999961523E+4	6.435020000E+2
-8.684440000E-5	-9.760320000E-6	6.064600000E+0	1.999961523E+4	6.462150000E+2
-8.704560000E-5	-9.648560000E-6	6.052600000E+0	1.999961523E+4	6.481850000E+2
-8.727660000E-5	-9.596410000E-6	6.040800000E+0	1.999961523E+4	6.508540000E+2
-8.761180000E-5	-9.514450000E-6	6.029100000E+0	1.999961523E+4	6.534290000E+2
-8.757460000E-5	-9.685810000E-6	6.018400000E+0	1.999961523E+4	6.553950000E+2
-8.777580000E-5	-9.514450000E-6	6.007500000E+0	1.999961523E+4	6.572960000E+2
-8.790990000E-5	-9.387790000E-6	5.996200000E+0	1.999961523E+4	6.596510000E+2
-8.816320000E-5	-9.432490000E-6	5.984300000E+0	1.999961523E+4	6.623060000E+2
-8.834200000E-5	-9.439940000E-6	5.973100000E+0	1.999961523E+4	6.644190000E+2
-8.842400000E-5	-9.276030000E-6	5.962500000E+0	1.999961523E+4	6.660600000E+2
-8.843140000E-5	-9.082320000E-6	5.952400000E+0	1.999961523E+4	6.686530000E+2
-8.861020000E-5	-9.164270000E-6	5.941600000E+0	1.999961523E+4	6.707200000E+2
-8.887100000E-5	-9.253680000E-6	5.929100000E+0	1.999961523E+4	6.731790000E+2
-8.911690000E-5	-9.112120000E-6	5.918300000E+0	1.999961523E+4	6.749970000E+2
-8.900510000E-5	-9.112120000E-6	5.908300000E+0	1.999961523E+4	6.776350000E+2
-8.909450000E-5	-9.164270000E-6	5.897800000E+0	1.999961523E+4	6.792410000E+2
-8.930310000E-5	-9.179170000E-6	5.886700000E+0	1.999961523E+4	6.823190000E+2
-8.928080000E-5	-9.037610000E-6	5.875400000E+0	1.999961523E+4	6.837840000E+2
-8.945210000E-5	-9.082320000E-6	5.865300000E+0	1.999961523E+4	6.858450000E+2
-8.957880000E-5	-9.171720000E-6	5.853800000E+0	1.999961523E+4	6.880430000E+2
-8.946700000E-5	-9.141920000E-6	5.842600000E+0	1.999961523E+4	6.907420000E+2
-8.975760000E-5	-9.127020000E-6	5.830600000E+0	1.999961523E+4	6.931100000E+2
-8.969060000E-5	-8.978010000E-6	5.820200000E+0	1.999961523E+4	6.949330000E+2
-8.972040000E-5	-8.978010000E-6	5.810000000E+0	1.999961523E+4	6.970470000E+2
-8.998110000E-5	-8.851350000E-6	5.798000000E+0	1.999961523E+4	6.995160000E+2
-9.007050000E-5	-8.896050000E-6	5.787300000E+0	1.999961523E+4	7.015070000E+2
-9.036110000E-5	-8.806640000E-6	5.775900000E+0	1.999961523E+4	7.034130000E+2
-9.051010000E-5	-8.769390000E-6	5.765400000E+0	1.999961523E+4	7.062260000E+2
-9.065170000E-5	-8.873700000E-6	5.752000000E+0	1.999961523E+4	7.084570000E+2
-9.082300000E-5	-8.814100000E-6	5.741900000E+0	1.999961523E+4	7.110270000E+2
-9.099440000E-5	-8.709790000E-6	5.730400000E+0	1.999961523E+4	7.128590000E+2
-9.111360000E-5	-8.776840000E-6	5.719600000E+0	1.999961523E+4	7.148970000E+2
-9.113600000E-5	-8.776840000E-6	5.708600000E+0	1.999961523E+4	7.171940000E+2
-9.127010000E-5	-8.642730000E-6	5.697400000E+0	1.999961523E+4	7.200650000E+2
-9.139670000E-5	-8.553320000E-6	5.685600000E+0	1.999961523E+4	7.222150000E+2
-9.159050000E-5	-8.553320000E-6	5.673000000E+0	1.999961523E+4	7.244490000E+2
-9.160540000E-5	-8.516070000E-6	5.661900000E+0	1.999961523E+4	7.264600000E+2
-9.189590000E-5	-8.538420000E-6	5.650100000E+0	1.999961523E+4	7.292970000E+2
-9.211200000E-5	-8.389410000E-6	5.638200000E+0	1.999961523E+4	7.312940000E+2
-9.226850000E-5	-8.359610000E-6	5.628100000E+0	1.999961523E+4	7.335730000E+2
-9.215670000E-5	-8.426660000E-6	5.616900000E+0	1.999961523E+4	7.355080000E+2
-9.218650000E-5	-8.322360000E-6	5.606800000E+0	1.999961523E+4	7.380770000E+2
-9.239510000E-5	-8.329810000E-6	5.596200000E+0	1.999961523E+4	7.394250000E+2
-9.252180000E-5	-8.143540000E-6	5.584200000E+0	1.999961523E+4	7.424730000E+2
-9.246220000E-5	-8.039230000E-6	5.573100000E+0	1.999961523E+4	7.446710000E+2
-9.268570000E-5	-7.994530000E-6	5.562900000E+0	1.999961523E+4	7.461900000E+2
-9.264100000E-5	-8.158440000E-6	5.552000000E+0	1.999961523E+4	7.488380000E+2
-9.282720000E-5	-8.136090000E-6	5.541800000E+0	1.999961523E+4	7.508580000E+2
-9.279740000E-5	-8.136090000E-6	5.530500000E+0	1.999961523E+4	7.527170000E+2
-9.287940000E-5	-7.920030000E-6	5.519800000E+0	1.999961523E+4	7.552950000E+2
-9.288690000E-5	-8.039230000E-6	5.508000000E+0	1.999961523E+4	7.572110000E+2
-9.293160000E-5	-8.024330000E-6	5.497400000E+0	1.999961523E+4	7.595410000E+2
-9.330410000E-5	-7.942380000E-6	5.486400000E+0	1.999961523E+4	7.618640000E+2
-9.318490000E-5	-7.972180000E-6	5.475400000E+0	1.999961523E+4	7.638290000E+2
-9.331150000E-5	-7.987080000E-6	5.465200000E+0	1.999961523E+4	7.659130000E+2
-9.379580000E-5	-8.210600000E-6	5.453400000E+0	1.999961523E+4	7.686870000E+2
-9.352760000E-5	-7.875320000E-6	5.442400000E+0	1.999961523E+4	7.703930000E+2
-9.379580000E-5	-7.875320000E-6	5.429200000E+0	1.999961523E+4	7.730370000E+2
-9.374370000E-5	-7.838070000E-6	5.416200000E+0	1.999961523E+4	7.759290000E+2
-9.391500000E-5	-7.852970000E-6	5.405800000E+0	1.999961523E+4	7.784600000E+2
-9.396720000E-5	-7.867870000E-6	5.393700000E+0	1.999961523E+4	7.797110000E+2
-9.413110000E-5	-7.815720000E-6	5.380700000E+0	1.999961523E+4	7.830340000E+2
-9.434720000E-5	-7.860420000E-6	5.369100000E+0	1.999961523E+4	7.854010000E+2
-9.421310000E-5	-7.741210000E-6	5.356400000E+0	1.999961523E+4	7.873000000E+2
-9.434720000E-5	-7.897670000E-6	5.343600000E+0	1.999961523E+4	7.902700000E+2
-9.437700000E-5	-7.778460000E-6	5.332900000E+0	1.999961523E+4	7.920610000E+2
-9.433970000E-5	-7.785910000E-6	5.322000000E+0	1.999961523E+4	7.946260000E+2
-9.435460000E-5	-7.800820000E-6	5.310500000E+0	1.999961523E+4	7.968670000E+2
-9.445890000E-5	-7.674160000E-6	5.298600000E+0	1.999961523E+4	7.988740000E+2
-9.449620000E-5	-7.666710000E-6	5.287700000E+0	1.999961523E+4	8.015890000E+2
-9.460050000E-5	-7.592170000E-6	5.276500000E+0	1.999961523E+4	8.036660000E+2
-9.468240000E-5	-7.569820000E-6	5.266000000E+0	1.999961523E+4	8.061880000E+2
-9.485380000E-5	-7.666710000E-6	5.252700000E+0	1.999961523E+4	8.084680000E+2
-9.489850000E-5	-7.614520000E-6	5.242000000E+0	1.999961523E+4	8.105880000E+2
-9.482400000E-5	-7.614520000E-6	5.231600000E+0	1.999961523E+4	8.127700000E+2
-9.480910000E-5	-7.562370000E-6	5.221300000E+0	1.999961523E+4	8.147370000E+2
-9.481660000E-5	-7.525120000E-6	5.209100000E+0	1.999961523E+4	8.168670000E+2
-9.492090000E-5	-7.554920000E-6	5.198800000E+0	1.999961523E+4	8.192170000E+2
-9.492830000E-5	-7.458060000E-6	5.188700000E+0	1.999961523E+4	8.216970000E+2
-9.494320000E-5	-7.599620000E-6	5.177000000E+0	1.999961523E+4	8.232530000E+2
-9.508480000E-5	-7.540020000E-6	5.163800000E+0	1.999961523E+4	8.261750000E+2
-9.521890000E-5	-7.413360000E-6	5.149900000E+0	1.999961523E+4	8.290070000E+2
-9.525610000E-5	-7.465510000E-6	5.139700000E+0	1.999961523E+4	8.304960000E+2
-9.515180000E-5	-7.562370000E-6	5.125300000E+0	1.999961523E+4	8.339610000E+2
-9.519650000E-5	-7.502760000E-6	5.113100000E+0	1.999961523E+4	8.361840000E+2
-9.528590000E-5	-7.525120000E-6	5.102100000E+0	1.999961523E+4	8.385930000E+2
-9.532320000E-5	-7.495310000E-6	5.089100000E+0	1.999961523E+4	8.413020000E+2
-9.539770000E-5	-7.510210000E-6	5.075700000E+0	1.999961523E+4	8.439300000E+2
-9.533060000E-5	-7.540020000E-6	5.065200000E+0	1.999961523E+4	8.463200000E+2
-9.544990000E-5	-7.540020000E-6	5.053800000E+0	1.999961523E+4	8.478470000E+2
-9.536790000E-5	-7.510210000E-6	5.042100000E+0	1.999961523E+4	8.507750000E+2
-9.552440000E-5	-7.532570000E-6	5.031000000E+0	1.999961523E+4	8.531680000E+2
-9.555420000E-5	-7.465510000E-6	5.020600000E+0	1.999961523E+4	8.544800000E+2
-9.551690000E-5	-7.368650000E-6	5.008800000E+0	1.999961523E+4	8.574040000E+2
-9.561380000E-5	-7.376100000E-6	4.997100000E+0	1.999961523E+4	8.592610000E+2
-9.573300000E-5	-7.525120000E-6	4.986700000E+0	1.999961523E+4	8.618790000E+2
-9.576280000E-5	-7.540020000E-6	4.975200000E+0	1.999961523E+4	8.643260000E+2
-9.588940000E-5	-7.435710000E-6	4.961900000E+0	1.999961523E+4	8.660720000E+2
-9.589690000E-5	-7.480410000E-6	4.951200000E+0	1.999961523E+4	8.690190000E+2
-9.597140000E-5	-7.398460000E-6	4.940800000E+0	1.999961523E+4	8.708600000E+2
-9.605340000E-5	-7.331400000E-6	4.930800000E+0	1.999961523E+4	8.723240000E+2
-9.597880000E-5	-7.405910000E-6	4.917900000E+0	1.999961523E+4	8.754010000E+2
-9.606830000E-5	-7.338850000E-6	4.905200000E+0	1.999961523E+4	8.777570000E+2
-9.610550000E-5	-7.338850000E-6	4.893700000E+0	1.999961523E+4	8.805860000E+2
-9.608320000E-5	-7.413360000E-6	4.881000000E+0	1.999961523E+4	8.831150000E+2
-9.615020000E-5	-7.376100000E-6	4.870400000E+0	1.999961523E+4	8.848590000E+2
-9.615020000E-5	-7.264350000E-6	4.859700000E+0	1.999961523E+4	8.872660000E+2
-9.602350000E-5	-7.212190000E-6	4.848400000E+0	1.999961523E+4	8.887450000E+2
-9.609060000E-5	-7.309050000E-6	4.836400000E+0	1.999961523E+4	8.916520000E+2
-9.610550000E-5	-7.241990000E-6	4.825100000E+0	1.999961523E+4	8.942120000E+2
-9.612040000E-5	-7.152590000E-6	4.814400000E+0	1.999961523E+4	8.959840000E+2
-9.618000000E-5	-7.167490000E-6	4.800900000E+0	1.999961523E+4	8.988650000E+2
-9.616510000E-5	-7.100430000E-6	4.789700000E+0	1.999961523E+4	9.008010000E+2
-9.622470000E-5	-7.160040000E-6	4.778000000E+0	1.999961523E+4	9.033090000E+2
-9.629180000E-5	-7.286700000E-6	4.765900000E+0	1.999961523E+4	9.063350000E+2
-9.629920000E-5	-7.182390000E-6	4.755200000E+0	1.999961523E+4	9.081590000E+2
-9.633650000E-5	-7.115330000E-6	4.742200000E+0	1.999961523E+4	9.104770000E+2
-9.638120000E-5	-7.160040000E-6	4.730800000E+0	1.999961523E+4	9.130920000E+2
-9.637370000E-5	-7.160040000E-6	4.719100000E+0	1.999961523E+4	9.153090000E+2
-9.643330000E-5	-7.130230000E-6	4.706400000E+0	1.999961523E+4	9.172580000E+2
-9.641840000E-5	-7.122780000E-6	4.694800000E+0	1.999961523E+4	9.200780000E+2
-9.644820000E-5	-7.085530000E-6	4.683000000E+0	1.999961523E+4	9.221280000E+2
-9.656000000E-5	-7.100430000E-6	4.671800000E+0	1.999961523E+4	9.246270000E+2
-9.654510000E-5	-7.100430000E-6	4.660900000E+0	1.999961523E+4	9.269200000E+2
-9.650040000E-5	-7.048280000E-6	4.649500000E+0	1.999961523E+4	9.289450000E+2
-9.635140000E-5	-6.862010000E-6	4.638600000E+0	1.999961523E+4	9.315420000E+2
-9.641100000E-5	-6.802410000E-6	4.627700000E+0	1.999961523E+4	9.337160000E+2
-9.640350000E-5	-6.876910000E-6	4.615800000E+0	1.999961523E+4	9.356840000E+2
-9.646310000E-5	-6.899270000E-6	4.605300000E+0	1.999961523E+4	9.375710000E+2
-9.653020000E-5	-6.966320000E-6	4.594300000E+0	1.999961523E+4	9.404670000E+2
-9.643330000E-5	-6.943970000E-6	4.582900000E+0	1.999961523E+4	9.426340000E+2
-9.639610000E-5	-6.906720000E-6	4.572800000E+0	1.999961523E+4	9.443530000E+2
-9.646310000E-5	-6.891820000E-6	4.562600000E+0	1.999961523E+4	9.463770000E+2
-9.657490000E-5	-6.906720000E-6	4.551500000E+0	1.999961523E+4	9.487540000E+2
-9.656000000E-5	-6.966320000E-6	4.540100000E+0	1.999961523E+4	9.511990000E+2
-9.671650000E-5	-6.973770000E-6	4.529600000E+0	1.999961523E+4	9.532740000E+2
-9.678350000E-5	-6.929070000E-6	4.516900000E+0	1.999961523E+4	9.555580000E+2
-9.681330000E-5	-7.025930000E-6	4.504500000E+0	1.999961523E+4	9.579630000E+2
-9.673880000E-5	-6.899270000E-6	4.494400000E+0	1.999961523E+4	9.601060000E+2
-9.682080000E-5	-6.966320000E-6	4.484100000E+0	1.999961523E+4	9.623900000E+2
-9.686550000E-5	-6.966320000E-6	4.473700000E+0	1.999961523E+4	9.643530000E+2
-9.686550000E-5	-6.899270000E-6	4.462500000E+0	1.999961523E+4	9.662340000E+2
-9.691760000E-5	-6.862010000E-6	4.449700000E+0	1.999961523E+4	9.691540000E+2
-9.688040000E-5	-6.951420000E-6	4.439500000E+0	1.999961523E+4	9.717070000E+2
-9.684310000E-5	-6.876910000E-6	4.428100000E+0	1.999961523E+4	9.730630000E+2
-9.705170000E-5	-6.936520000E-6	4.415600000E+0	1.999961523E+4	9.754610000E+2
-9.684310000E-5	-6.817310000E-6	4.405300000E+0	1.999961523E+4	9.784620000E+2
-9.691020000E-5	-6.832210000E-6	4.394200000E+0	1.999961523E+4	9.796900000E+2
-9.699960000E-5	-6.981220000E-6	4.381700000E+0	1.999961523E+4	9.826180000E+2
-9.699210000E-5	-6.936520000E-6	4.371500000E+0	1.999961523E+4	9.853000000E+2
-9.689530000E-5	-6.981220000E-6	4.360600000E+0	1.999961523E+4	9.864990000E+2
-9.705170000E-5	-6.921620000E-6	4.348000000E+0	1.999961523E+4	9.894200000E+2
-9.703680000E-5	-6.973770000E-6	4.337800000E+0	1.999961523E+4	9.916850000E+2
-9.716350000E-5	-6.906720000E-6	4.326400000E+0	1.999961523E+4	9.933180000E+2
-9.716350000E-5	-6.988670000E-6	4.315000000E+0	1.999961523E+4	9.963470000E+2
-9.708900000E-5	-6.862010000E-6	4.304900000E+0	1.999961523E+4	9.981100000E+2
-9.713370000E-5	-6.862010000E-6	4.292600000E+0	1.999961523E+4	1.000129000E+3
-9.709640000E-5	-6.750260000E-6	4.279900000E+0	1.999961523E+4	1.003137000E+3
-9.723050000E-5	-6.817310000E-6	4.269000000E+0	1.999961523E+4	1.005362000E+3
-9.717840000E-5	-6.876910000E-6	4.257800000E+0	1.999961523E+4	1.007336000E+3
-9.721560000E-5	-6.891820000E-6	4.247600000E+0	1.999961523E+4	1.009411000E+3
-9.728270000E-5	-6.958870000E-6	4.236700000E+0	1.999961523E+4	1.011683000E+3
-9.728270000E-5	-6.914170000E-6	4.224100000E+0	1.999961523E+4	1.014068000E+3
-9.714110000E-5	-6.891820000E-6	4.212400000E+0	1.999961523E+4	1.017029000E+3
-9.727520000E-5	-6.973770000E-6	4.201700000E+0	1.999961523E+4	1.018930000E+3
-9.720070000E-5	-6.936520000E-6	4.189700000E+0	1.999961523E+4	1.020545000E+3
-9.720820000E-5	-6.914170000E-6	4.177600000E+0	1.999961523E+4	1.023278000E+3
-9.725290000E-5	-6.936520000E-6	4.166700000E+0	1.999961523E+4	1.025675000E+3
-9.727520000E-5	-6.809860000E-6	4.155700000E+0	1.999961523E+4	1.027673000E+3
-9.720820000E-5	-6.876910000E-6	4.145300000E+0	1.999961523E+4	1.030157000E+3
-9.729760000E-5	-6.832210000E-6	4.133600000E+0	1.999961523E+4	1.032546000E+3
-9.717840000E-5	-6.936520000E-6	4.123100000E+0	1.999961523E+4	1.034528000E+3
-9.700700000E-5	-6.914170000E-6	4.112200000E+0	1.999961523E+4	1.036377000E+3
-9.723800000E-5	-6.884370000E-6	4.098900000E+0	1.999961523E+4	1.038886000E+3
-9.722310000E-5	-6.906720000E-6	4.087800000E+0	1.999961523E+4	1.041856000E+3
-9.730500000E-5	-7.048280000E-6	4.075400000E+0	1.999961523E+4	1.043749000E+3
-9.722310000E-5	-6.929070000E-6	4.063700000E+0	1.999961523E+4	1.046099000E+3
-9.729010000E-5	-6.921620000E-6	4.053000000E+0	1.999961523E+4	1.048673000E+3
-9.728270000E-5	-6.981220000E-6	4.042900000E+0	1.999961523E+4	1.050493000E+3
-9.717840000E-5	-6.899270000E-6	4.032400000E+0	1.999961523E+4	1.052500000E+3
-9.728270000E-5	-6.891820000E-6	4.021200000E+0	1.999961523E+4	1.055068000E+3
-9.740940000E-5	-6.973770000E-6	4.009000000E+0	1.999961523E+4	1.057278000E+3
-9.735720000E-5	-7.018480000E-6	3.998000000E+0	1.999961523E+4	1.059305000E+3
-9.740190000E-5	-7.055730000E-6	3.986900000E+0	1.999961523E+4	1.061564000E+3
-9.729010000E-5	-6.951420000E-6	3.975900000E+0	1.999961523E+4	1.063598000E+3
-9.738700000E-5	-6.921620000E-6	3.963900000E+0	1.999961523E+4	1.066073000E+3
-9.735720000E-5	-6.929070000E-6	3.951400000E+0	1.999961523E+4	1.068888000E+3
-9.737960000E-5	-6.951420000E-6	3.939800000E+0	1.999961523E+4	1.070889000E+3
-9.734980000E-5	-7.033380000E-6	3.927000000E+0	1.999961523E+4	1.073825000E+3
-9.731990000E-5	-6.929070000E-6	3.915200000E+0	1.999961523E+4	1.075992000E+3
-9.734980000E-5	-6.981220000E-6	3.903600000E+0	1.999961523E+4	1.078617000E+3
-9.749880000E-5	-6.973770000E-6	3.891000000E+0	1.999961523E+4	1.080666000E+3
-9.752110000E-5	-6.958870000E-6	3.878700000E+0	1.999961523E+4	1.083577000E+3
-9.764030000E-5	-6.988670000E-6	3.868000000E+0	1.999961523E+4	1.085487000E+3
-9.755840000E-5	-7.025930000E-6	3.856200000E+0	1.999961523E+4	1.087400000E+3
-9.755840000E-5	-7.011030000E-6	3.843800000E+0	1.999961523E+4	1.090390000E+3
-9.752860000E-5	-6.929070000E-6	3.833000000E+0	1.999961523E+4	1.092244000E+3
-9.740940000E-5	-7.040830000E-6	3.821400000E+0	1.999961523E+4	1.095172000E+3
-9.752110000E-5	-6.973770000E-6	3.810600000E+0	1.999961523E+4	1.096608000E+3
-9.749880000E-5	-6.973770000E-6	3.799500000E+0	1.999961523E+4	1.099359000E+3
-9.743170000E-5	-6.958870000E-6	3.788600000E+0	1.999961523E+4	1.101446000E+3
-9.752860000E-5	-7.025930000E-6	3.777400000E+0	1.999961523E+4	1.103392000E+3
-9.749880000E-5	-6.988670000E-6	3.766900000E+0	1.999961523E+4	1.105848000E+3
-9.744660000E-5	-7.025930000E-6	3.756900000E+0	1.999961523E+4	1.107286000E+3
-9.759560000E-5	-7.040830000E-6	3.745100000E+0	1.999961523E+4	1.110252000E+3
-9.754350000E-5	-6.981220000E-6	3.734400000E+0	1.999961523E+4	1.111704000E+3
-9.764030000E-5	-6.973770000E-6	3.723800000E+0	1.999961523E+4	1.114594000E+3
-9.773720000E-5	-6.973770000E-6	3.712300000E+0	1.999961523E+4	1.116605000E+3
-9.755840000E-5	-7.055730000E-6	3.700800000E+0	1.999961523E+4	1.118450000E+3
-9.765520000E-5	-7.033380000E-6	3.687800000E+0	1.999961523E+4	1.121381000E+3
-9.754350000E-5	-7.078080000E-6	3.677200000E+0	1.999961523E+4	1.123792000E+3
-9.757330000E-5	-7.107880000E-6	3.666300000E+0	1.999961523E+4	1.125317000E+3
-9.748390000E-5	-7.078080000E-6	3.653800000E+0	1.999961523E+4	1.128215000E+3
-9.759560000E-5	-7.100430000E-6	3.643400000E+0	1.999961523E+4	1.130253000E+3
-9.758070000E-5	-7.130230000E-6	3.633400000E+0	1.999961523E+4	1.132455000E+3
-9.754350000E-5	-7.040830000E-6	3.622300000E+0	1.999961523E+4	1.134528000E+3
-9.762540000E-5	-7.152590000E-6	3.605400000E+0	1.999961523E+4	1.137588000E+3
-9.767760000E-5	-7.100430000E-6	3.593400000E+0	1.999961523E+4	1.140767000E+3
-9.755840000E-5	-7.063180000E-6	3.581200000E+0	1.999961523E+4	1.142859000E+3
-9.764030000E-5	-7.137690000E-6	3.566200000E+0	1.999961523E+4	1.146061000E+3
-9.775210000E-5	-7.100430000E-6	3.553900000E+0	1.999961523E+4	1.149146000E+3
-9.783400000E-5	-7.033380000E-6	3.542600000E+0	1.999961523E+4	1.151344000E+3
-9.775950000E-5	-7.130230000E-6	3.531600000E+0	1.999961523E+4	1.153396000E+3
-9.784150000E-5	-7.033380000E-6	3.519900000E+0	1.999961523E+4	1.156695000E+3
-9.778930000E-5	-7.048280000E-6	3.506300000E+0	1.999961523E+4	1.158812000E+3
-9.785640000E-5	-6.981220000E-6	3.493600000E+0	1.999961523E+4	1.161935000E+3
-9.776700000E-5	-6.996120000E-6	3.479900000E+0	1.999961523E+4	1.164112000E+3
-9.786380000E-5	-7.107880000E-6	3.464800000E+0	1.999961523E+4	1.167717000E+3
-9.792340000E-5	-7.107880000E-6	3.454400000E+0	1.999961523E+4	1.170269000E+3
-9.784150000E-5	-7.167490000E-6	3.443300000E+0	1.999961523E+4	1.172334000E+3
-9.792340000E-5	-7.130230000E-6	3.426400000E+0	1.999961523E+4	1.175532000E+3
-9.790850000E-5	-7.078080000E-6	3.416300000E+0	1.999961523E+4	1.178752000E+3
-9.791600000E-5	-7.115330000E-6	3.402400000E+0	1.999961523E+4	1.180864000E+3
-9.785640000E-5	-7.130230000E-6	3.389900000E+0	1.999961523E+4	1.183011000E+3
-9.797560000E-5	-7.107880000E-6	3.372900000E+0	1.999961523E+4	1.186720000E+3
-9.804270000E-5	-7.174940000E-6	3.358100000E+0	1.999961523E+4	1.190387000E+3
-9.799800000E-5	-7.145140000E-6	3.346000000E+0	1.999961523E+4	1.192521000E+3
-9.799050000E-5	-6.921620000E-6	3.333700000E+0	1.999961523E+4	1.195712000E+3
-9.807250000E-5	-7.011030000E-6	3.319000000E+0	1.999961523E+4	1.197903000E+3
-9.790110000E-5	-7.055730000E-6	3.307700000E+0	1.999961523E+4	1.201068000E+3
-9.801290000E-5	-7.033380000E-6	3.297000000E+0	1.999961523E+4	1.203158000E+3
-9.810970000E-5	-7.070630000E-6	3.285500000E+0	1.999961523E+4	1.205284000E+3
-9.799050000E-5	-7.078080000E-6	3.271200000E+0	1.999961523E+4	1.208491000E+3
-9.802030000E-5	-7.152590000E-6	3.257600000E+0	1.999961523E+4	1.211743000E+3
-9.791600000E-5	-7.085530000E-6	3.245300000E+0	1.999961523E+4	1.213840000E+3
-9.794580000E-5	-7.033380000E-6	3.228700000E+0	1.999961523E+4	1.217402000E+3
-9.797560000E-5	-7.092980000E-6	3.218400000E+0	1.999961523E+4	1.219568000E+3
-9.798310000E-5	-7.063180000E-6	3.204400000E+0	1.999961523E+4	1.222807000E+3
-9.797560000E-5	-7.025930000E-6	3.193500000E+0	1.999961523E+4	1.224889000E+3
-9.798310000E-5	-7.063180000E-6	3.178700000E+0	1.999961523E+4	1.227946000E+3
-9.799800000E-5	-7.137690000E-6	3.165000000E+0	1.999961523E+4	1.231155000E+3
-9.799050000E-5	-6.988670000E-6	3.154500000E+0	1.999961523E+4	1.233325000E+3
-9.798310000E-5	-6.996120000E-6	3.140000000E+0	1.999961523E+4	1.236535000E+3
-9.793830000E-5	-6.899270000E-6	3.128300000E+0	1.999961523E+4	1.238677000E+3
-9.781910000E-5	-6.966320000E-6	3.110900000E+0	1.999961523E+4	1.241870000E+3
-9.784890000E-5	-6.854560000E-6	3.098200000E+0	1.999961523E+4	1.245460000E+3
-9.793090000E-5	-6.914170000E-6	3.085600000E+0	1.999961523E+4	1.247552000E+3
-9.771480000E-5	-6.929070000E-6	3.074500000E+0	1.999961523E+4	1.250234000E+3
-9.781910000E-5	-6.988670000E-6	3.061100000E+0	1.999961523E+4	1.253441000E+3
-9.776700000E-5	-7.011030000E-6	3.048200000E+0	1.999961523E+4	1.255606000E+3
-9.782660000E-5	-6.862010000E-6	3.032400000E+0	1.999961523E+4	1.259190000E+3
-9.774460000E-5	-6.958870000E-6	3.021100000E+0	1.999961523E+4	1.261325000E+3
-9.778190000E-5	-6.936520000E-6	3.008300000E+0	1.999961523E+4	1.264497000E+3
-9.785640000E-5	-6.981220000E-6	2.996600000E+0	1.999961523E+4	1.266640000E+3
-9.792340000E-5	-6.996120000E-6	2.981100000E+0	1.999961523E+4	1.269884000E+3
-9.785640000E-5	-6.988670000E-6	2.971000000E+0	1.999961523E+4	1.272514000E+3
-9.783400000E-5	-6.996120000E-6	2.956800000E+0	1.999961523E+4	1.274701000E+3
-9.786380000E-5	-6.973770000E-6	2.945000000E+0	1.999961523E+4	1.277823000E+3
-9.785640000E-5	-7.003570000E-6	2.932200000E+0	1.999961523E+4	1.280018000E+3
-9.791600000E-5	-7.100430000E-6	2.915900000E+0	1.999961523E+4	1.283177000E+3
-9.804270000E-5	-6.884370000E-6	2.903800000E+0	1.999961523E+4	1.286361000E+3
-9.796810000E-5	-6.824760000E-6	2.890400000E+0	1.999961523E+4	1.288573000E+3
-9.790850000E-5	-6.742800000E-6	2.875700000E+0	1.999961523E+4	1.292167000E+3
-9.777440000E-5	-6.802410000E-6	2.863700000E+0	1.999961523E+4	1.294253000E+3
-9.793830000E-5	-6.794960000E-6	2.850800000E+0	1.999961523E+4	1.297491000E+3
-9.791600000E-5	-6.705550000E-6	2.839400000E+0	1.999961523E+4	1.299599000E+3
-9.786380000E-5	-6.772610000E-6	2.826200000E+0	1.999961523E+4	1.302258000E+3
-9.786380000E-5	-6.750260000E-6	2.810500000E+0	1.999961523E+4	1.305888000E+3
-9.802030000E-5	-6.802410000E-6	2.794100000E+0	1.999961523E+4	1.309065000E+3
-9.805760000E-5	-6.832210000E-6	2.777400000E+0	1.999961523E+4	1.312815000E+3
-9.806500000E-5	-6.809860000E-6	2.765900000E+0	1.999961523E+4	1.314922000E+3
-9.787870000E-5	-6.780060000E-6	2.755200000E+0	1.999961523E+4	1.317576000E+3
-9.799800000E-5	-6.809860000E-6	2.743600000E+0	1.999961523E+4	1.319580000E+3
-9.797560000E-5	-6.854560000E-6	2.731600000E+0	1.999961523E+4	1.322792000E+3
-9.795320000E-5	-6.742800000E-6	2.720000000E+0	1.999961523E+4	1.324963000E+3
-9.781170000E-5	-6.802410000E-6	2.709000000E+0	1.999961523E+4	1.327866000E+3
-9.788620000E-5	-6.847110000E-6	2.692900000E+0	1.999961523E+4	1.330244000E+3
-9.787130000E-5	-6.869460000E-6	2.677600000E+0	1.999961523E+4	1.333982000E+3
-9.795320000E-5	-6.847110000E-6	2.667100000E+0	1.999961523E+4	1.336144000E+3
-9.792340000E-5	-6.914170000E-6	2.655200000E+0	1.999961523E+4	1.338646000E+3
-9.821400000E-5	-6.958870000E-6	2.641100000E+0	1.999961523E+4	1.341867000E+3
-9.807250000E-5	-6.906720000E-6	2.627500000E+0	1.999961523E+4	1.343978000E+3
-9.798310000E-5	-6.936520000E-6	2.613200000E+0	1.999961523E+4	1.347738000E+3
-9.800540000E-5	-6.958870000E-6	2.600200000E+0	1.999961523E+4	1.349890000E+3
-9.802030000E-5	-6.862010000E-6	2.584700000E+0	1.999961523E+4	1.353148000E+3
-9.807250000E-5	-6.884370000E-6	2.571800000E+0	1.999961523E+4	1.356694000E+3
-9.798310000E-5	-6.921620000E-6	2.559000000E+0	1.999961523E+4	1.358814000E+3
-9.802030000E-5	-6.884370000E-6	2.546700000E+0	1.999961523E+4	1.362005000E+3
-9.803520000E-5	-6.899270000E-6	2.534900000E+0	1.999961523E+4	1.364154000E+3
-9.802030000E-5	-6.929070000E-6	2.522500000E+0	1.999961523E+4	1.367429000E+3
-9.805010000E-5	-7.152590000E-6	2.508200000E+0	1.999961523E+4	1.369512000E+3
-9.813210000E-5	-6.973770000E-6	2.497300000E+0	1.999961523E+4	1.372543000E+3
-9.802030000E-5	-7.048280000E-6	2.483300000E+0	1.999961523E+4	1.374692000E+3
-9.792340000E-5	-7.040830000E-6	2.468100000E+0	1.999961523E+4	1.378428000E+3
-9.813210000E-5	-7.003570000E-6	2.456300000E+0	1.999961523E+4	1.380593000E+3
-9.802030000E-5	-6.988670000E-6	2.442500000E+0	1.999961523E+4	1.383750000E+3
-9.790110000E-5	-6.973770000E-6	2.430600000E+0	1.999961523E+4	1.385959000E+3
-9.785640000E-5	-7.033380000E-6	2.420600000E+0	1.999961523E+4	1.388416000E+3
-9.790850000E-5	-6.973770000E-6	2.408000000E+0	1.999961523E+4	1.390563000E+3
-9.802030000E-5	-6.973770000E-6	2.396600000E+0	1.999961523E+4	1.393227000E+3
-9.805760000E-5	-7.011030000E-6	2.384600000E+0	1.999961523E+4	1.396298000E+3
-9.798310000E-5	-6.988670000E-6	2.369100000E+0	1.999961523E+4	1.398464000E+3
-9.803520000E-5	-6.996120000E-6	2.355600000E+0	1.999961523E+4	1.402115000E+3
-9.793830000E-5	-7.018480000E-6	2.343000000E+0	1.999961523E+4	1.404137000E+3
-9.793830000E-5	-7.085530000E-6	2.329000000E+0	1.999961523E+4	1.407426000E+3
-9.803520000E-5	-7.048280000E-6	2.318000000E+0	1.999961523E+4	1.410562000E+3
-9.792340000E-5	-7.055730000E-6	2.301800000E+0	1.999961523E+4	1.412757000E+3
-9.803520000E-5	-7.174940000E-6	2.287800000E+0	1.999961523E+4	1.416483000E+3
-9.822150000E-5	-7.033380000E-6	2.275900000E+0	1.999961523E+4	1.418629000E+3
-9.817680000E-5	-7.137690000E-6	2.262400000E+0	1.999961523E+4	1.421781000E+3
-9.829600000E-5	-7.137690000E-6	2.251000000E+0	1.999961523E+4	1.423909000E+3
-9.826620000E-5	-7.048280000E-6	2.237900000E+0	1.999961523E+4	1.427102000E+3
-9.833320000E-5	-7.286700000E-6	2.224600000E+0	1.999961523E+4	1.429247000E+3
-9.840030000E-5	-7.160040000E-6	2.211600000E+0	1.999961523E+4	1.432442000E+3
-9.843010000E-5	-7.145140000E-6	2.200600000E+0	1.999961523E+4	1.434648000E+3
-9.843010000E-5	-7.234540000E-6	2.185600000E+0	1.999961523E+4	1.437759000E+3
-9.826620000E-5	-7.249440000E-6	2.172500000E+0	1.999961523E+4	1.441019000E+3
-9.825870000E-5	-7.070630000E-6	2.160400000E+0	1.999961523E+4	1.443103000E+3
-9.853440000E-5	-7.234540000E-6	2.150000000E+0	1.999961523E+4	1.445243000E+3
-9.849710000E-5	-7.204740000E-6	2.136300000E+0	1.999961523E+4	1.448421000E+3
-9.851950000E-5	-7.160040000E-6	2.125300000E+0	1.999961523E+4	1.450545000E+3
-9.866850000E-5	-7.309050000E-6	2.111300000E+0	1.999961523E+4	1.453824000E+3
-9.857910000E-5	-7.227090000E-6	2.100300000E+0	1.999961523E+4	1.455946000E+3
-9.853440000E-5	-7.219640000E-6	2.085600000E+0	1.999961523E+4	1.459127000E+3
-9.866850000E-5	-7.174940000E-6	2.071000000E+0	1.999961523E+4	1.462350000E+3
-9.854930000E-5	-7.137690000E-6	2.060600000E+0	1.999961523E+4	1.464509000E+3
-9.848970000E-5	-7.107880000E-6	2.046700000E+0	1.999961523E+4	1.467636000E+3
-9.867600000E-5	-7.160040000E-6	2.036200000E+0	1.999961523E+4	1.469795000E+3
-9.861640000E-5	-7.100430000E-6	2.025600000E+0	1.999961523E+4	1.471893000E+3
-9.869090000E-5	-7.182390000E-6	2.010700000E+0	1.999961523E+4	1.475106000E+3
-9.857160000E-5	-7.055730000E-6	2.000100000E+0	1.999961523E+4	1.477260000E+3
-9.893670000E-5	-6.854560000E-6	2.012800000E+0	1.999961523E+4	1.606621000E+3
-9.897400000E-5	-6.899270000E-6	2.023200000E+0	1.999961523E+4	1.608738000E+3
-9.892180000E-5	-6.906720000E-6	2.034300000E+0	1.999961523E+4	1.611011000E+3
-9.895160000E-5	-6.891820000E-6	2.044600000E+0	1.999961523E+4	1.612982000E+3
-9.876540000E-5	-6.891820000E-6	2.054800000E+0	1.999961523E+4	1.615074000E+3
-9.886970000E-5	-7.025930000E-6	2.065100000E+0	1.999961523E+4	1.617025000E+3
-9.889950000E-5	-6.966320000E-6	2.075900000E+0	1.999961523E+4	1.619380000E+3
-9.895160000E-5	-6.966320000E-6	2.088000000E+0	1.999961523E+4	1.621554000E+3
-9.890690000E-5	-7.033380000E-6	2.101600000E+0	1.999961523E+4	1.624481000E+3
-9.897400000E-5	-7.003570000E-6	2.111900000E+0	1.999961523E+4	1.626596000E+3
-9.890690000E-5	-6.951420000E-6	2.123100000E+0	1.999961523E+4	1.628742000E+3
-9.891440000E-5	-6.869460000E-6	2.133400000E+0	1.999961523E+4	1.630747000E+3
-9.888460000E-5	-6.951420000E-6	2.145600000E+0	1.999961523E+4	1.633133000E+3
-9.891440000E-5	-6.958870000E-6	2.156000000E+0	1.999961523E+4	1.635653000E+3
-9.886970000E-5	-6.869460000E-6	2.167000000E+0	1.999961523E+4	1.637395000E+3
-9.888460000E-5	-6.869460000E-6	2.177300000E+0	1.999961523E+4	1.639852000E+3
-9.901120000E-5	-6.802410000E-6	2.188500000E+0	1.999961523E+4	1.641682000E+3
-9.899630000E-5	-6.809860000E-6	2.198600000E+0	1.999961523E+4	1.644097000E+3
-9.898890000E-5	-6.772610000E-6	2.208600000E+0	1.999961523E+4	1.646086000E+3
-9.899630000E-5	-6.787510000E-6	2.220300000E+0	1.999961523E+4	1.648063000E+3
-9.892930000E-5	-6.705550000E-6	2.231600000E+0	1.999961523E+4	1.650592000E+3
-9.896650000E-5	-6.802410000E-6	2.242400000E+0	1.999961523E+4	1.652335000E+3
-9.893670000E-5	-6.921620000E-6	2.252400000E+0	1.999961523E+4	1.654861000E+3
-9.898890000E-5	-6.921620000E-6	2.262700000E+0	1.999961523E+4	1.656576000E+3
-9.890690000E-5	-6.899270000E-6	2.275400000E+0	1.999961523E+4	1.659426000E+3
-9.881750000E-5	-6.750260000E-6	2.288700000E+0	1.999961523E+4	1.661857000E+3
-9.904850000E-5	-6.780060000E-6	2.299700000E+0	1.999961523E+4	1.664323000E+3
-9.899630000E-5	-6.705550000E-6	2.311100000E+0	1.999961523E+4	1.666318000E+3
-9.890690000E-5	-6.750260000E-6	2.322500000E+0	1.999961523E+4	1.668590000E+3
-9.899630000E-5	-6.862010000E-6	2.333400000E+0	1.999961523E+4	1.671049000E+3
-9.905590000E-5	-6.884370000E-6	2.346800000E+0	1.999961523E+4	1.673499000E+3
-9.894420000E-5	-6.854560000E-6	2.357800000E+0	1.999961523E+4	1.675523000E+3
-9.901120000E-5	-6.884370000E-6	2.368200000E+0	1.999961523E+4	1.678139000E+3
-9.899630000E-5	-6.802410000E-6	2.378400000E+0	1.999961523E+4	1.679674000E+3
-9.880260000E-5	-6.943970000E-6	2.389400000E+0	1.999961523E+4	1.682251000E+3
-9.886970000E-5	-6.735350000E-6	2.400100000E+0	1.999961523E+4	1.684467000E+3
-9.886970000E-5	-6.824760000E-6	2.411400000E+0	1.999961523E+4	1.686411000E+3
-9.886970000E-5	-6.757710000E-6	2.423100000E+0	1.999961523E+4	1.688707000E+3
-9.894420000E-5	-6.750260000E-6	2.438400000E+0	1.999961523E+4	1.691766000E+3
-9.893670000E-5	-6.675750000E-6	2.450700000E+0	1.999961523E+4	1.694210000E+3
-9.881010000E-5	-6.765160000E-6	2.461800000E+0	1.999961523E+4	1.696732000E+3
-9.886970000E-5	-6.690650000E-6	2.473200000E+0	1.999961523E+4	1.698713000E+3
-9.885480000E-5	-6.787510000E-6	2.483800000E+0	1.999961523E+4	1.701157000E+3
-9.889200000E-5	-6.757710000E-6	2.495400000E+0	1.999961523E+4	1.703258000E+3
-9.892180000E-5	-6.876910000E-6	2.506200000E+0	1.999961523E+4	1.705640000E+3
-9.881010000E-5	-6.891820000E-6	2.518300000E+0	1.999961523E+4	1.707799000E+3
-9.894420000E-5	-6.757710000E-6	2.531300000E+0	1.999961523E+4	1.710356000E+3
-9.896650000E-5	-6.780060000E-6	2.541300000E+0	1.999961523E+4	1.712480000E+3
-9.879520000E-5	-6.832210000E-6	2.551700000E+0	1.999961523E+4	1.714843000E+3
-9.891440000E-5	-6.839660000E-6	2.563300000E+0	1.999961523E+4	1.716903000E+3
-9.881750000E-5	-6.869460000E-6	2.574300000E+0	1.999961523E+4	1.719316000E+3
-9.899630000E-5	-6.802410000E-6	2.587400000E+0	1.999961523E+4	1.721648000E+3
-9.892930000E-5	-6.839660000E-6	2.598000000E+0	1.999961523E+4	1.724318000E+3
-9.896650000E-5	-6.921620000E-6	2.609600000E+0	1.999961523E+4	1.725927000E+3
-9.896650000E-5	-6.742800000E-6	2.620600000E+0	1.999961523E+4	1.728453000E+3
-9.885480000E-5	-6.668300000E-6	2.632400000E+0	1.999961523E+4	1.730641000E+3
-9.884730000E-5	-6.675750000E-6	2.642800000E+0	1.999961523E+4	1.733023000E+3
-9.869830000E-5	-6.534190000E-6	2.655000000E+0	1.999961523E+4	1.735020000E+3
-9.878030000E-5	-6.653400000E-6	2.665600000E+0	1.999961523E+4	1.737434000E+3
-9.887710000E-5	-6.757710000E-6	2.675700000E+0	1.999961523E+4	1.739389000E+3
-9.880260000E-5	-6.593790000E-6	2.686100000E+0	1.999961523E+4	1.741494000E+3
-9.877280000E-5	-6.660850000E-6	2.696300000E+0	1.999961523E+4	1.743305000E+3
-9.885480000E-5	-6.705550000E-6	2.708000000E+0	1.999961523E+4	1.746238000E+3
-9.868340000E-5	-6.742800000E-6	2.719200000E+0	1.999961523E+4	1.747772000E+3
-9.871320000E-5	-6.727900000E-6	2.735300000E+0	1.999961523E+4	1.751120000E+3
-9.869090000E-5	-6.668300000E-6	2.747800000E+0	1.999961523E+4	1.753989000E+3
-9.858650000E-5	-6.578890000E-6	2.758600000E+0	1.999961523E+4	1.755502000E+3
-9.878030000E-5	-6.601240000E-6	2.769200000E+0	1.999961523E+4	1.758061000E+3
-9.875050000E-5	-6.645950000E-6	2.782100000E+0	1.999961523E+4	1.760509000E+3
-9.882500000E-5	-6.586340000E-6	2.792600000E+0	1.999961523E+4	1.762857000E+3
-9.874300000E-5	-6.578890000E-6	2.805300000E+0	1.999961523E+4	1.765118000E+3
-9.868340000E-5	-6.780060000E-6	2.817100000E+0	1.999961523E+4	1.767924000E+3
-9.872810000E-5	-6.824760000E-6	2.827100000E+0	1.999961523E+4	1.769556000E+3
-9.862380000E-5	-6.869460000E-6	2.837400000E+0	1.999961523E+4	1.771641000E+3
-9.856420000E-5	-6.727900000E-6	2.848900000E+0	1.999961523E+4	1.774089000E+3
-9.847480000E-5	-6.906720000E-6	2.860300000E+0	1.999961523E+4	1.776051000E+3
-9.884730000E-5	-6.839660000E-6	2.872300000E+0	1.999961523E+4	1.778988000E+3
-9.875790000E-5	-6.757710000E-6	2.884200000E+0	1.999961523E+4	1.780977000E+3
-9.879520000E-5	-6.787510000E-6	2.894800000E+0	1.999961523E+4	1.782984000E+3
-9.881010000E-5	-6.720450000E-6	2.906200000E+0	1.999961523E+4	1.785515000E+3
-9.855670000E-5	-6.631050000E-6	2.917100000E+0	1.999961523E+4	1.787502000E+3
-9.857160000E-5	-6.683200000E-6	2.929600000E+0	1.999961523E+4	1.790046000E+3
-9.859400000E-5	-6.705550000E-6	2.940400000E+0	1.999961523E+4	1.792577000E+3
-9.870580000E-5	-6.645950000E-6	2.952200000E+0	1.999961523E+4	1.794446000E+3
-9.848970000E-5	-6.668300000E-6	2.964700000E+0	1.999961523E+4	1.797503000E+3
-9.857160000E-5	-6.727900000E-6	2.977200000E+0	1.999961523E+4	1.799589000E+3
-9.848970000E-5	-6.772610000E-6	2.988100000E+0	1.999961523E+4	1.801939000E+3
-9.846730000E-5	-6.735350000E-6	2.998500000E+0	1.999961523E+4	1.804049000E+3
-9.848970000E-5	-6.757710000E-6	3.011100000E+0	1.999961523E+4	1.806500000E+3
-9.843010000E-5	-6.854560000E-6	3.023900000E+0	1.999961523E+4	1.809243000E+3
-9.845240000E-5	-6.780060000E-6	3.034300000E+0	1.999961523E+4	1.811267000E+3
-9.837790000E-5	-6.839660000E-6	3.045700000E+0	1.999961523E+4	1.813021000E+3
-9.839280000E-5	-6.809860000E-6	3.057000000E+0	1.999961523E+4	1.815801000E+3
-9.843750000E-5	-6.802410000E-6	3.070100000E+0	1.999961523E+4	1.817909000E+3
-9.848970000E-5	-6.742800000E-6	3.081700000E+0	1.999961523E+4	1.820746000E+3
-9.846730000E-5	-6.645950000E-6	3.093600000E+0	1.999961523E+4	1.822853000E+3
-9.846730000E-5	-6.772610000E-6	3.104800000E+0	1.999961523E+4	1.825858000E+3
-9.825870000E-5	-6.757710000E-6	3.116100000E+0	1.999961523E+4	1.827446000E+3
-9.833320000E-5	-6.817310000E-6	3.126300000E+0	1.999961523E+4	1.829374000E+3
-9.841520000E-5	-6.631050000E-6	3.136500000E+0	1.999961523E+4	1.831773000E+3
-9.843010000E-5	-6.742800000E-6	3.146700000E+0	1.999961523E+4	1.833389000E+3
-9.836300000E-5	-6.735350000E-6	3.157100000E+0	1.999961523E+4	1.835779000E+3
-9.843010000E-5	-6.794960000E-6	3.170000000E+0	1.999961523E+4	1.838187000E+3
-9.832580000E-5	-6.794960000E-6	3.181700000E+0	1.999961523E+4	1.840450000E+3
-9.840770000E-5	-6.780060000E-6	3.192900000E+0	1.999961523E+4	1.843303000E+3
-9.843750000E-5	-6.929070000E-6	3.204900000E+0	1.999961523E+4	1.845357000E+3
-9.854930000E-5	-7.092980000E-6	3.217600000E+0	1.999961523E+4	1.847702000E+3
-9.848970000E-5	-6.914170000E-6	3.228900000E+0	1.999961523E+4	1.850346000E+3
-9.848220000E-5	-6.906720000E-6	3.239200000E+0	1.999961523E+4	1.852355000E+3
-9.845240000E-5	-6.854560000E-6	3.251100000E+0	1.999961523E+4	1.854365000E+3
-9.869830000E-5	-6.832210000E-6	3.261200000E+0	1.999961523E+4	1.856306000E+3
-9.858650000E-5	-6.854560000E-6	3.272600000E+0	1.999961523E+4	1.859166000E+3
-9.855670000E-5	-6.780060000E-6	3.284700000E+0	1.999961523E+4	1.861157000E+3
-9.853440000E-5	-6.690650000E-6	3.294900000E+0	1.999961523E+4	1.863652000E+3
-9.843750000E-5	-6.668300000E-6	3.305800000E+0	1.999961523E+4	1.865273000E+3
-9.851200000E-5	-6.802410000E-6	3.318900000E+0	1.999961523E+4	1.868190000E+3
-9.826620000E-5	-6.876910000E-6	3.332600000E+0	1.999961523E+4	1.870655000E+3
-9.834070000E-5	-6.735350000E-6	3.343200000E+0	1.999961523E+4	1.873146000E+3
-9.825870000E-5	-6.750260000E-6	3.356600000E+0	1.999961523E+4	1.875512000E+3
-9.816930000E-5	-6.794960000E-6	3.366700000E+0	1.999961523E+4	1.877951000E+3
-9.824380000E-5	-6.772610000E-6	3.377200000E+0	1.999961523E+4	1.879672000E+3
-9.803520000E-5	-6.951420000E-6	3.389600000E+0	1.999961523E+4	1.882032000E+3
-9.796810000E-5	-6.906720000E-6	3.399700000E+0	1.999961523E+4	1.884104000E+3
-9.817680000E-5	-6.854560000E-6	3.409900000E+0	1.999961523E+4	1.886473000E+3
-9.825870000E-5	-6.839660000E-6	3.419900000E+0	1.999961523E+4	1.888163000E+3
-9.831090000E-5	-7.018480000E-6	3.431100000E+0	1.999961523E+4	1.890606000E+3
-9.829600000E-5	-6.899270000E-6	3.442200000E+0	1.999961523E+4	1.892581000E+3
-9.833320000E-5	-6.921620000E-6	3.453200000E+0	1.999961523E+4	1.894985000E+3
-9.831830000E-5	-6.973770000E-6	3.463500000E+0	1.999961523E+4	1.897161000E+3
-9.843010000E-5	-6.794960000E-6	3.474000000E+0	1.999961523E+4	1.898844000E+3
-9.839280000E-5	-6.735350000E-6	3.486100000E+0	1.999961523E+4	1.901643000E+3
-9.827360000E-5	-6.616140000E-6	3.497000000E+0	1.999961523E+4	1.903632000E+3
-9.840030000E-5	-6.765160000E-6	3.509000000E+0	1.999961523E+4	1.906452000E+3
-9.816930000E-5	-6.742800000E-6	3.522300000E+0	1.999961523E+4	1.908432000E+3
-9.837790000E-5	-6.690650000E-6	3.532400000E+0	1.999961523E+4	1.910629000E+3
-9.825130000E-5	-6.817310000E-6	3.542500000E+0	1.999961523E+4	1.913011000E+3
-9.830340000E-5	-6.787510000E-6	3.555800000E+0	1.999961523E+4	1.915589000E+3
-9.840030000E-5	-6.660850000E-6	3.568300000E+0	1.999961523E+4	1.917503000E+3
-9.828110000E-5	-6.899270000E-6	3.579000000E+0	1.999961523E+4	1.920325000E+3
-9.825870000E-5	-6.921620000E-6	3.589400000E+0	1.999961523E+4	1.921917000E+3
-9.829600000E-5	-6.914170000E-6	3.599600000E+0	1.999961523E+4	1.924085000E+3
-9.833320000E-5	-6.780060000E-6	3.610100000E+0	1.999961523E+4	1.926490000E+3
-9.841520000E-5	-6.832210000E-6	3.620900000E+0	1.999961523E+4	1.928461000E+3
-9.837790000E-5	-6.891820000E-6	3.631900000E+0	1.999961523E+4	1.930558000E+3
-9.833320000E-5	-6.921620000E-6	3.642600000E+0	1.999961523E+4	1.932991000E+3
-9.830340000E-5	-7.025930000E-6	3.653800000E+0	1.999961523E+4	1.934985000E+3
-9.830340000E-5	-6.966320000E-6	3.665700000E+0	1.999961523E+4	1.937382000E+3
-9.825870000E-5	-6.951420000E-6	3.679100000E+0	1.999961523E+4	1.939773000E+3
-9.819170000E-5	-6.884370000E-6	3.690700000E+0	1.999961523E+4	1.942830000E+3
-9.827360000E-5	-7.033380000E-6	3.702300000E+0	1.999961523E+4	1.944447000E+3
-9.825870000E-5	-6.988670000E-6	3.714800000E+0	1.999961523E+4	1.947253000E+3
-9.817680000E-5	-6.973770000E-6	3.725000000E+0	1.999961523E+4	1.949243000E+3
-9.823640000E-5	-6.847110000E-6	3.735900000E+0	1.999961523E+4	1.951349000E+3
-9.808740000E-5	-6.943970000E-6	3.746300000E+0	1.999961523E+4	1.953780000E+3
-9.803520000E-5	-6.966320000E-6	3.756700000E+0	1.999961523E+4	1.955873000E+3
-9.816930000E-5	-6.936520000E-6	3.767800000E+0	1.999961523E+4	1.957411000E+3
-9.799050000E-5	-6.929070000E-6	3.779900000E+0	1.999961523E+4	1.960195000E+3
-9.805760000E-5	-6.847110000E-6	3.790400000E+0	1.999961523E+4	1.962575000E+3
-9.813210000E-5	-6.899270000E-6	3.800700000E+0	1.999961523E+4	1.963971000E+3
-9.805010000E-5	-7.033380000E-6	3.811000000E+0	1.999961523E+4	1.966721000E+3
-9.823640000E-5	-6.854560000E-6	3.822100000E+0	1.999961523E+4	1.968302000E+3
-9.814700000E-5	-6.869460000E-6	3.833500000E+0	1.999961523E+4	1.971171000E+3
-9.809480000E-5	-6.817310000E-6	3.844000000E+0	1.999961523E+4	1.972858000E+3
-9.818420000E-5	-6.847110000E-6	3.855600000E+0	1.999961523E+4	1.975700000E+3
-9.809480000E-5	-6.817310000E-6	3.867300000E+0	1.999961523E+4	1.977403000E+3
-9.824380000E-5	-6.839660000E-6	3.879800000E+0	1.999961523E+4	1.980218000E+3
-9.822150000E-5	-6.832210000E-6	3.892500000E+0	1.999961523E+4	1.982763000E+3
-9.819170000E-5	-6.891820000E-6	3.903000000E+0	1.999961523E+4	1.985167000E+3
-9.802030000E-5	-6.675750000E-6	3.914000000E+0	1.999961523E+4	1.987124000E+3
-9.813950000E-5	-6.750260000E-6	3.925300000E+0	1.999961523E+4	1.989529000E+3
-9.809480000E-5	-6.735350000E-6	3.935600000E+0	1.999961523E+4	1.991108000E+3
-9.802030000E-5	-6.668300000E-6	3.946500000E+0	1.999961523E+4	1.993910000E+3
-9.807250000E-5	-6.750260000E-6	3.959000000E+0	1.999961523E+4	1.995561000E+3
-9.809480000E-5	-6.854560000E-6	3.970300000E+0	1.999961523E+4	1.998313000E+3
-9.816190000E-5	-6.809860000E-6	3.980700000E+0	1.999961523E+4	2.000488000E+3
-9.809480000E-5	-6.690650000E-6	3.991700000E+0	1.999961523E+4	2.002637000E+3
-9.805010000E-5	-6.772610000E-6	4.005000000E+0	1.999961523E+4	2.005380000E+3
-9.814700000E-5	-6.750260000E-6	4.015700000E+0	1.999961523E+4	2.007794000E+3
-9.821400000E-5	-6.839660000E-6	4.027600000E+0	1.999961523E+4	2.009466000E+3
-9.809480000E-5	-6.735350000E-6	4.041000000E+0	1.999961523E+4	2.012732000E+3
-9.812460000E-5	-6.735350000E-6	4.054600000E+0	1.999961523E+4	2.014852000E+3
-9.799800000E-5	-6.780060000E-6	4.064900000E+0	1.999961523E+4	2.017710000E+3
-9.804270000E-5	-6.750260000E-6	4.076200000E+0	1.999961523E+4	2.019631000E+3
-9.793830000E-5	-6.727900000E-6	4.088000000E+0	1.999961523E+4	2.021719000E+3
-9.798310000E-5	-6.802410000E-6	4.098300000E+0	1.999961523E+4	2.024084000E+3
-9.793090000E-5	-6.780060000E-6	4.108700000E+0	1.999961523E+4	2.026063000E+3
-9.789360000E-5	-6.906720000E-6	4.120500000E+0	1.999961523E+4	2.028039000E+3
-9.792340000E-5	-6.839660000E-6	4.133100000E+0	1.999961523E+4	2.030853000E+3
-9.805760000E-5	-6.780060000E-6	4.144300000E+0	1.999961523E+4	2.032852000E+3
-9.792340000E-5	-6.899270000E-6	4.155100000E+0	1.999961523E+4	2.035641000E+3
-9.786380000E-5	-6.757710000E-6	4.167200000E+0	1.999961523E+4	2.037608000E+3
-9.796810000E-5	-6.720450000E-6	4.178500000E+0	1.999961523E+4	2.039895000E+3
-9.787870000E-5	-6.817310000E-6	4.189800000E+0	1.999961523E+4	2.042318000E+3
-9.790850000E-5	-6.839660000E-6	4.200700000E+0	1.999961523E+4	2.044737000E+3
-9.805760000E-5	-6.847110000E-6	4.211400000E+0	1.999961523E+4	2.046757000E+3
-9.794580000E-5	-6.802410000E-6	4.222400000E+0	1.999961523E+4	2.048895000E+3
-9.802780000E-5	-6.787510000E-6	4.233500000E+0	1.999961523E+4	2.050999000E+3
-9.791600000E-5	-6.899270000E-6	4.244200000E+0	1.999961523E+4	2.052990000E+3
-9.785640000E-5	-6.809860000E-6	4.255500000E+0	1.999961523E+4	2.055863000E+3
-9.775210000E-5	-6.891820000E-6	4.266400000E+0	1.999961523E+4	2.057446000E+3
-9.774460000E-5	-6.891820000E-6	4.276700000E+0	1.999961523E+4	2.059442000E+3
-9.777440000E-5	-6.906720000E-6	4.288000000E+0	1.999961523E+4	2.062231000E+3
-9.779680000E-5	-7.048280000E-6	4.298400000E+0	1.999961523E+4	2.063785000E+3
-9.778190000E-5	-6.988670000E-6	4.310800000E+0	1.999961523E+4	2.066583000E+3
-9.776700000E-5	-6.988670000E-6	4.322900000E+0	1.999961523E+4	2.068986000E+3
-9.785640000E-5	-6.936520000E-6	4.335400000E+0	1.999961523E+4	2.071143000E+3
-9.790850000E-5	-6.936520000E-6	4.345800000E+0	1.999961523E+4	2.073615000E+3
-9.777440000E-5	-6.973770000E-6	4.358200000E+0	1.999961523E+4	2.075982000E+3
-9.762540000E-5	-6.973770000E-6	4.371300000E+0	1.999961523E+4	2.078458000E+3
-9.767010000E-5	-6.966320000E-6	4.381900000E+0	1.999961523E+4	2.080446000E+3
-9.758820000E-5	-6.914170000E-6	4.392300000E+0	1.999961523E+4	2.082931000E+3
-9.765520000E-5	-6.899270000E-6	4.402600000E+0	1.999961523E+4	2.084997000E+3
-9.775210000E-5	-6.862010000E-6	4.413400000E+0	1.999961523E+4	2.086998000E+3
-9.767010000E-5	-6.914170000E-6	4.425000000E+0	1.999961523E+4	2.089437000E+3
-9.766270000E-5	-6.973770000E-6	4.435200000E+0	1.999961523E+4	2.091393000E+3
-9.779680000E-5	-6.981220000E-6	4.445500000E+0	1.999961523E+4	2.093138000E+3
-9.778190000E-5	-6.914170000E-6	4.455700000E+0	1.999961523E+4	2.095586000E+3
-9.794580000E-5	-6.981220000E-6	4.466500000E+0	1.999961523E+4	2.097962000E+3
-9.794580000E-5	-6.921620000E-6	4.476600000E+0	1.999961523E+4	2.099524000E+3
-9.793830000E-5	-6.943970000E-6	4.487100000E+0	1.999961523E+4	2.101983000E+3
-9.786380000E-5	-6.914170000E-6	4.497600000E+0	1.999961523E+4	2.103960000E+3
-9.775950000E-5	-6.966320000E-6	4.508900000E+0	1.999961523E+4	2.106348000E+3
-9.785640000E-5	-7.078080000E-6	4.519100000E+0	1.999961523E+4	2.107894000E+3
-9.792340000E-5	-6.973770000E-6	4.529600000E+0	1.999961523E+4	2.110449000E+3
-9.800540000E-5	-7.092980000E-6	4.542600000E+0	1.999961523E+4	2.112512000E+3
-9.799800000E-5	-7.115330000E-6	4.555600000E+0	1.999961523E+4	2.115242000E+3
-9.799800000E-5	-7.189840000E-6	4.566400000E+0	1.999961523E+4	2.117627000E+3
-9.807250000E-5	-7.264350000E-6	4.578500000E+0	1.999961523E+4	2.120186000E+3
-9.807250000E-5	-7.085530000E-6	4.589200000E+0	1.999961523E+4	2.122165000E+3
-9.785640000E-5	-7.323950000E-6	4.599400000E+0	1.999961523E+4	2.124294000E+3
-9.785640000E-5	-7.338850000E-6	4.609700000E+0	1.999961523E+4	2.125961000E+3
-9.787130000E-5	-7.361200000E-6	4.621300000E+0	1.999961523E+4	2.128314000E+3
-9.786380000E-5	-7.465510000E-6	4.632500000E+0	1.999961523E+4	2.130690000E+3
-9.781910000E-5	-7.540020000E-6	4.643900000E+0	1.999961523E+4	2.133118000E+3
-9.785640000E-5	-7.413360000E-6	4.655400000E+0	1.999961523E+4	2.135635000E+3
-9.783400000E-5	-7.383550000E-6	4.666500000E+0	1.999961523E+4	2.137677000E+3
-9.790850000E-5	-7.480410000E-6	4.677700000E+0	1.999961523E+4	2.139653000E+3
-9.788620000E-5	-7.666710000E-6	4.688600000E+0	1.999961523E+4	2.141686000E+3
-9.780420000E-5	-7.718860000E-6	4.698800000E+0	1.999961523E+4	2.144045000E+3
-9.789360000E-5	-7.644350000E-6	4.709700000E+0	1.999961523E+4	2.146035000E+3
-9.782660000E-5	-7.748660000E-6	4.723500000E+0	1.999961523E+4	2.149030000E+3
-9.780420000E-5	-7.830620000E-6	4.735500000E+0	1.999961523E+4	2.151435000E+3
-9.778190000E-5	-7.920030000E-6	4.747600000E+0	1.999961523E+4	2.153816000E+3
-9.783400000E-5	-7.875320000E-6	4.757800000E+0	1.999961523E+4	2.156160000E+3
-9.781910000E-5	-7.830620000E-6	4.768200000E+0	1.999961523E+4	2.157765000E+3
-9.781170000E-5	-7.845520000E-6	4.779200000E+0	1.999961523E+4	2.159791000E+3
-9.759560000E-5	-7.905120000E-6	4.791000000E+0	1.999961523E+4	2.162590000E+3
-9.769250000E-5	-7.867870000E-6	4.803000000E+0	1.999961523E+4	2.165033000E+3
-9.760310000E-5	-7.875320000E-6	4.813100000E+0	1.999961523E+4	2.166848000E+3
-9.762540000E-5	-7.942380000E-6	4.824100000E+0	1.999961523E+4	2.169211000E+3
-9.760310000E-5	-8.128640000E-6	4.837300000E+0	1.999961523E+4	2.171663000E+3
-9.760310000E-5	-8.113740000E-6	4.848300000E+0	1.999961523E+4	2.174070000E+3
-9.760310000E-5	-7.987080000E-6	4.859600000E+0	1.999961523E+4	2.176052000E+3
-9.756580000E-5	-7.905120000E-6	4.870100000E+0	1.999961523E+4	2.178433000E+3
-9.757330000E-5	-8.083940000E-6	4.881200000E+0	1.999961523E+4	2.180831000E+3
-9.734980000E-5	-7.815720000E-6	4.893900000E+0	1.999961523E+4	2.183005000E+3
-9.740940000E-5	-7.666710000E-6	4.904700000E+0	1.999961523E+4	2.185354000E+3
-9.745410000E-5	-7.793370000E-6	4.916900000E+0	1.999961523E+4	2.187363000E+3
-9.723800000E-5	-7.800820000E-6	4.928700000E+0	1.999961523E+4	2.190195000E+3
-9.740190000E-5	-7.771010000E-6	4.939900000E+0	1.999961523E+4	2.192290000E+3
-9.728270000E-5	-7.838070000E-6	4.951700000E+0	1.999961523E+4	2.194747000E+3
-9.732740000E-5	-7.726310000E-6	4.961700000E+0	1.999961523E+4	2.196694000E+3
-9.719330000E-5	-7.636900000E-6	4.973200000E+0	1.999961523E+4	2.198734000E+3
-9.714860000E-5	-7.599620000E-6	4.983900000E+0	1.999961523E+4	2.200691000E+3
-9.712620000E-5	-7.644350000E-6	4.994700000E+0	1.999961523E+4	2.203530000E+3
-9.717840000E-5	-7.771010000E-6	5.005600000E+0	1.999961523E+4	2.205510000E+3
-9.714860000E-5	-7.696510000E-6	5.016600000E+0	1.999961523E+4	2.207513000E+3
-9.705920000E-5	-7.711410000E-6	5.029300000E+0	1.999961523E+4	2.210018000E+3
-9.702940000E-5	-7.882770000E-6	5.041300000E+0	1.999961523E+4	2.212802000E+3
-9.696980000E-5	-7.830620000E-6	5.052900000E+0	1.999961523E+4	2.214541000E+3
-9.682820000E-5	-7.882770000E-6	5.064500000E+0	1.999961523E+4	2.216967000E+3
-9.684310000E-5	-7.845520000E-6	5.074800000E+0	1.999961523E+4	2.219813000E+3
-9.677610000E-5	-7.748660000E-6	5.087300000E+0	1.999961523E+4	2.221747000E+3
-9.671650000E-5	-7.771010000E-6	5.099400000E+0	1.999961523E+4	2.224138000E+3
-9.668670000E-5	-7.726310000E-6	5.110600000E+0	1.999961523E+4	2.226532000E+3
-9.673880000E-5	-7.771010000E-6	5.121600000E+0	1.999961523E+4	2.228558000E+3
-9.655250000E-5	-7.838070000E-6	5.132200000E+0	1.999961523E+4	2.230559000E+3
-9.650780000E-5	-7.920030000E-6	5.144500000E+0	1.999961523E+4	2.233514000E+3
-9.658230000E-5	-7.830620000E-6	5.154900000E+0	1.999961523E+4	2.235471000E+3
-9.654510000E-5	-7.905120000E-6	5.165900000E+0	1.999961523E+4	2.237102000E+3
-9.646310000E-5	-7.860420000E-6	5.177100000E+0	1.999961523E+4	2.240010000E+3
-9.648550000E-5	-7.800820000E-6	5.188200000E+0	1.999961523E+4	2.242011000E+3
-9.626200000E-5	-7.860420000E-6	5.199400000E+0	1.999961523E+4	2.244390000E+3
-9.635140000E-5	-7.830620000E-6	5.211900000E+0	1.999961523E+4	2.246509000E+3
-9.624710000E-5	-7.815720000E-6	5.223600000E+0	1.999961523E+4	2.248825000E+3
-9.628430000E-5	-7.823170000E-6	5.235000000E+0	1.999961523E+4	2.251681000E+3
-9.618000000E-5	-7.987080000E-6	5.245200000E+0	1.999961523E+4	2.253243000E+3
-9.626200000E-5	-7.920030000E-6	5.258300000E+0	1.999961523E+4	2.256057000E+3
-9.610550000E-5	-7.808270000E-6	5.268800000E+0	1.999961523E+4	2.258139000E+3
-9.623220000E-5	-7.860420000E-6	5.281600000E+0	1.999961523E+4	2.260539000E+3
-9.590430000E-5	-8.061590000E-6	5.293900000E+0	1.999961523E+4	2.263320000E+3
-9.579260000E-5	-8.046690000E-6	5.305500000E+0	1.999961523E+4	2.265354000E+3
-9.569570000E-5	-8.069040000E-6	5.315600000E+0	1.999961523E+4	2.267477000E+3
-9.556910000E-5	-8.121190000E-6	5.326200000E+0	1.999961523E+4	2.269508000E+3
-9.571060000E-5	-7.987080000E-6	5.337200000E+0	1.999961523E+4	2.271461000E+3
-9.553930000E-5	-7.987080000E-6	5.348100000E+0	1.999961523E+4	2.273863000E+3
-9.551690000E-5	-8.024330000E-6	5.359800000E+0	1.999961523E+4	2.276653000E+3
-9.544240000E-5	-8.031780000E-6	5.372100000E+0	1.999961523E+4	2.278285000E+3
-9.539770000E-5	-7.987080000E-6	5.382500000E+0	1.999961523E+4	2.281073000E+3
-9.524120000E-5	-7.979630000E-6	5.392600000E+0	1.999961523E+4	2.283128000E+3
-9.525610000E-5	-8.016880000E-6	5.403500000E+0	1.999961523E+4	2.284722000E+3
-9.522630000E-5	-8.024330000E-6	5.414200000E+0	1.999961523E+4	2.287110000E+3
-9.520400000E-5	-8.046690000E-6	5.424600000E+0	1.999961523E+4	2.288963000E+3
-9.526360000E-5	-8.046690000E-6	5.435300000E+0	1.999961523E+4	2.291720000E+3
-9.506990000E-5	-8.113740000E-6	5.446600000E+0	1.999961523E+4	2.293738000E+3
-9.506240000E-5	-8.136090000E-6	5.458400000E+0	1.999961523E+4	2.296140000E+3
-9.482400000E-5	-8.352160000E-6	5.469700000E+0	1.999961523E+4	2.298143000E+3
-9.480910000E-5	-8.359610000E-6	5.479800000E+0	1.999961523E+4	2.300580000E+3
-9.471970000E-5	-8.359610000E-6	5.492700000E+0	1.999961523E+4	2.302939000E+3
-9.448870000E-5	-8.344710000E-6	5.503000000E+0	1.999961523E+4	2.304943000E+3
-9.447380000E-5	-8.300000000E-6	5.513600000E+0	1.999961523E+4	2.306911000E+3
-9.439930000E-5	-8.337260000E-6	5.526100000E+0	1.999961523E+4	2.309506000E+3
-9.433230000E-5	-8.300000000E-6	5.536900000E+0	1.999961523E+4	2.311901000E+3
-9.431740000E-5	-8.300000000E-6	5.548600000E+0	1.999961523E+4	2.313915000E+3
-9.399700000E-5	-8.501170000E-6	5.560600000E+0	1.999961523E+4	2.316657000E+3
-9.395230000E-5	-8.367060000E-6	5.573600000E+0	1.999961523E+4	2.319086000E+3
-9.396720000E-5	-8.285100000E-6	5.583900000E+0	1.999961523E+4	2.320664000E+3
-9.384800000E-5	-8.262750000E-6	5.595700000E+0	1.999961523E+4	2.323521000E+3
-9.377350000E-5	-8.314910000E-6	5.606300000E+0	1.999961523E+4	2.325649000E+3
-9.356490000E-5	-8.300000000E-6	5.616700000E+0	1.999961523E+4	2.327983000E+3
-9.338600000E-5	-8.545870000E-6	5.627800000E+0	1.999961523E+4	2.330054000E+3
-9.347540000E-5	-8.434120000E-6	5.638100000E+0	1.999961523E+4	2.332031000E+3
-9.329660000E-5	-8.530970000E-6	5.649300000E+0	1.999961523E+4	2.334410000E+3
-9.323700000E-5	-8.627830000E-6	5.660600000E+0	1.999961523E+4	2.336018000E+3
-9.318490000E-5	-8.702340000E-6	5.670600000E+0	1.999961523E+4	2.338438000E+3
-9.298370000E-5	-8.747040000E-6	5.682000000E+0	1.999961523E+4	2.340993000E+3
-9.277510000E-5	-8.799190000E-6	5.692800000E+0	1.999961523E+4	2.343416000E+3
-9.281230000E-5	-8.806640000E-6	5.703300000E+0	1.999961523E+4	2.344918000E+3
-9.256650000E-5	-8.903500000E-6	5.714000000E+0	1.999961523E+4	2.346956000E+3
-9.240260000E-5	-8.925850000E-6	5.724400000E+0	1.999961523E+4	2.349050000E+3
-9.238020000E-5	-8.955660000E-6	5.736600000E+0	1.999961523E+4	2.351908000E+3
-9.228340000E-5	-9.030160000E-6	5.747000000E+0	1.999961523E+4	2.353477000E+3
-9.217160000E-5	-9.141920000E-6	5.757800000E+0	1.999961523E+4	2.355884000E+3
-9.195550000E-5	-9.089770000E-6	5.768700000E+0	1.999961523E+4	2.357931000E+3
-9.197040000E-5	-9.127020000E-6	5.779000000E+0	1.999961523E+4	2.360300000E+3
-9.179910000E-5	-9.134470000E-6	5.790400000E+0	1.999961523E+4	2.362460000E+3
-9.162770000E-5	-9.149370000E-6	5.802400000E+0	1.999961523E+4	2.364396000E+3
-9.144140000E-5	-9.194070000E-6	5.813000000E+0	1.999961523E+4	2.367257000E+3
-9.135950000E-5	-9.305830000E-6	5.824100000E+0	1.999961523E+4	2.369232000E+3
-9.122540000E-5	-9.313280000E-6	5.834100000E+0	1.999961523E+4	2.371207000E+3
-9.112110000E-5	-9.328190000E-6	5.845900000E+0	1.999961523E+4	2.373594000E+3
-9.101680000E-5	-9.484650000E-6	5.856600000E+0	1.999961523E+4	2.375623000E+3
-9.083050000E-5	-9.439940000E-6	5.867700000E+0	1.999961523E+4	2.378044000E+3
-9.071130000E-5	-9.365440000E-6	5.879300000E+0	1.999961523E+4	2.380002000E+3
-9.053990000E-5	-9.618760000E-6	5.890300000E+0	1.999961523E+4	2.382412000E+3
-9.035370000E-5	-9.790120000E-6	5.900400000E+0	1.999961523E+4	2.384443000E+3
-9.021950000E-5	-9.648560000E-6	5.910600000E+0	1.999961523E+4	2.386653000E+3
-9.013010000E-5	-9.737970000E-6	5.921100000E+0	1.999961523E+4	2.388944000E+3
-8.998860000E-5	-9.641110000E-6	5.933100000E+0	1.999961523E+4	2.390955000E+3
-8.975020000E-5	-9.819920000E-6	5.944100000E+0	1.999961523E+4	2.392934000E+3
-8.958620000E-5	-9.805020000E-6	5.956100000E+0	1.999961523E+4	2.395359000E+3
-8.937760000E-5	-9.805020000E-6	5.966900000E+0	1.999961523E+4	2.398308000E+3
-8.911690000E-5	-9.886980000E-6	5.977400000E+0	1.999961523E+4	2.399863000E+3
-8.899020000E-5	-9.976390000E-6	5.989200000E+0	1.999961523E+4	2.402259000E+3
-8.881880000E-5	-1.012540000E-5	6.001900000E+0	1.999961523E+4	2.404669000E+3
-8.863260000E-5	-1.016270000E-5	6.013000000E+0	1.999961523E+4	2.407055000E+3
-8.848360000E-5	-1.014770000E-5	6.023200000E+0	1.999961523E+4	2.409036000E+3
-8.836440000E-5	-1.019990000E-5	6.035100000E+0	1.999961523E+4	2.411290000E+3
-8.814080000E-5	-1.039360000E-5	6.046800000E+0	1.999961523E+4	2.414021000E+3
-8.798440000E-5	-1.034890000E-5	6.057000000E+0	1.999961523E+4	2.416075000E+3
-8.775340000E-5	-1.028930000E-5	6.069400000E+0	1.999961523E+4	2.417987000E+3
-8.759690000E-5	-1.046810000E-5	6.080500000E+0	1.999961523E+4	2.420524000E+3
-8.747030000E-5	-1.046070000E-5	6.090700000E+0	1.999961523E+4	2.422549000E+3
-8.714250000E-5	-1.055750000E-5	6.101600000E+0	1.999961523E+4	2.424163000E+3
-8.698600000E-5	-1.052030000E-5	6.113000000E+0	1.999961523E+4	2.426919000E+3
-8.679970000E-5	-1.057240000E-5	6.124600000E+0	1.999961523E+4	2.429397000E+3
-8.654640000E-5	-1.057990000E-5	6.136900000E+0	1.999961523E+4	2.431703000E+3
-8.638250000E-5	-1.063950000E-5	6.149400000E+0	1.999961523E+4	2.434106000E+3
-8.627820000E-5	-1.069160000E-5	6.159900000E+0	1.999961523E+4	2.436116000E+3
-8.596530000E-5	-1.076610000E-5	6.171200000E+0	1.999961523E+4	2.438568000E+3
-8.571190000E-5	-1.075870000E-5	6.181300000E+0	1.999961523E+4	2.440935000E+3
-8.545860000E-5	-1.091520000E-5	6.194300000E+0	1.999961523E+4	2.443330000E+3
-8.536180000E-5	-1.087790000E-5	6.205700000E+0	1.999961523E+4	2.445311000E+3
-8.490730000E-5	-1.107910000E-5	6.217400000E+0	1.999961523E+4	2.447722000E+3
-8.449750000E-5	-1.130260000E-5	6.229100000E+0	1.999961523E+4	2.450155000E+3
-8.443040000E-5	-1.121320000E-5	6.239700000E+0	1.999961523E+4	2.452686000E+3
-8.424420000E-5	-1.137710000E-5	6.250600000E+0	1.999961523E+4	2.454710000E+3
-8.393870000E-5	-1.157830000E-5	6.262300000E+0	1.999961523E+4	2.456828000E+3
-8.362580000E-5	-1.160810000E-5	6.272600000E+0	1.999961523E+4	2.459173000E+3
-8.343950000E-5	-1.172730000E-5	6.283000000E+0	1.999961523E+4	2.460833000E+3
-8.312660000E-5	-1.185390000E-5	6.293400000E+0	1.999961523E+4	2.463252000E+3
-8.286580000E-5	-1.189860000E-5	6.304100000E+0	1.999961523E+4	2.465214000E+3
-8.253050000E-5	-1.206250000E-5	6.316500000E+0	1.999961523E+4	2.467620000E+3
-8.226980000E-5	-1.218920000E-5	6.326900000E+0	1.999961523E+4	2.469999000E+3
-8.190470000E-5	-1.224880000E-5	6.338400000E+0	1.999961523E+4	2.471977000E+3
-8.172590000E-5	-1.241270000E-5	6.349400000E+0	1.999961523E+4	2.473993000E+3
-8.134590000E-5	-1.251700000E-5	6.360900000E+0	1.999961523E+4	2.476823000E+3
-8.104790000E-5	-1.263620000E-5	6.371800000E+0	1.999961523E+4	2.479063000E+3
-8.074240000E-5	-1.273310000E-5	6.383400000E+0	1.999961523E+4	2.480656000E+3
-8.025070000E-5	-1.290450000E-5	6.394100000E+0	1.999961523E+4	2.483452000E+3
-7.980360000E-5	-1.306840000E-5	6.404300000E+0	1.999961523E+4	2.485439000E+3
-7.943860000E-5	-1.327700000E-5	6.416200000E+0	1.999961523E+4	2.487888000E+3
-7.915540000E-5	-1.336640000E-5	6.427200000E+0	1.999961523E+4	2.489452000E+3
-7.862640000E-5	-1.347070000E-5	6.439000000E+0	1.999961523E+4	2.492252000E+3
-7.820920000E-5	-1.359740000E-5	6.450700000E+0	1.999961523E+4	2.494267000E+3
-7.751630000E-5	-1.388050000E-5	6.461900000E+0	1.999961523E+4	2.497062000E+3
-7.721830000E-5	-1.382090000E-5	6.472100000E+0	1.999961523E+4	2.499105000E+3
-7.681600000E-5	-1.414130000E-5	6.483600000E+0	1.999961523E+4	2.501062000E+3
-7.616780000E-5	-1.450630000E-5	6.493800000E+0	1.999961523E+4	2.503480000E+3
-7.571330000E-5	-1.466280000E-5	6.504800000E+0	1.999961523E+4	2.505450000E+3
-7.515450000E-5	-1.477460000E-5	6.515200000E+0	1.999961523E+4	2.507870000E+3
-7.474470000E-5	-1.501300000E-5	6.526200000E+0	1.999961523E+4	2.509504000E+3
-7.423810000E-5	-1.520670000E-5	6.536800000E+0	1.999961523E+4	2.511457000E+3
-7.368670000E-5	-1.542280000E-5	6.547200000E+0	1.999961523E+4	2.513907000E+3
-7.287460000E-5	-1.583260000E-5	6.559600000E+0	1.999961523E+4	2.516692000E+3
-7.233820000E-5	-1.598160000E-5	6.571000000E+0	1.999961523E+4	2.518237000E+3
-7.149620000E-5	-1.636900000E-5	6.583800000E+0	1.999961523E+4	2.521208000E+3
-7.066180000E-5	-1.672670000E-5	6.594700000E+0	1.999961523E+4	2.523634000E+3
-7.004340000E-5	-1.692040000E-5	6.604900000E+0	1.999961523E+4	2.525723000E+3
-6.946220000E-5	-1.718860000E-5	6.616700000E+0	1.999961523E+4	2.527353000E+3
-6.842660000E-5	-1.746430000E-5	6.628700000E+0	1.999961523E+4	2.530188000E+3
-6.777840000E-5	-1.767290000E-5	6.639100000E+0	1.999961523E+4	2.532120000E+3
-6.673530000E-5	-1.819440000E-5	6.650300000E+0	1.999961523E+4	2.534521000E+3
-6.587100000E-5	-1.844030000E-5	6.661100000E+0	1.999961523E+4	2.536900000E+3
-6.531970000E-5	-1.873830000E-5	6.671500000E+0	1.999961523E+4	2.538506000E+3
-6.430640000E-5	-1.901400000E-5	6.682900000E+0	1.999961523E+4	2.540511000E+3
-6.322610000E-5	-1.943870000E-5	6.693000000E+0	1.999961523E+4	2.543112000E+3
-6.210850000E-5	-2.001980000E-5	6.703200000E+0	1.999961523E+4	2.545436000E+3
-6.125910000E-5	-2.025080000E-5	6.714000000E+0	1.999961523E+4	2.547106000E+3
-6.011150000E-5	-2.063820000E-5	6.725100000E+0	1.999961523E+4	2.549081000E+3
-5.859160000E-5	-2.136840000E-5	6.737200000E+0	1.999961523E+4	2.551887000E+3
-5.719090000E-5	-2.197930000E-5	6.748800000E+0	1.999961523E+4	2.554446000E+3
-5.617020000E-5	-2.241150000E-5	6.759400000E+0	1.999961523E+4	2.556006000E+3
-5.451610000E-5	-2.294790000E-5	6.770500000E+0	1.999961523E+4	2.558410000E+3
-5.295900000E-5	-2.365570000E-5	6.781600000E+0	1.999961523E+4	2.560789000E+3
-5.167000000E-5	-2.424430000E-5	6.792200000E+0	1.999961523E+4	2.562815000E+3
-4.960620000E-5	-2.492230000E-5	6.804200000E+0	1.999961523E+4	2.565653000E+3
-4.838430000E-5	-2.544380000E-5	6.814300000E+0	1.999961523E+4	2.567187000E+3
-4.672280000E-5	-2.612190000E-5	6.825100000E+0	1.999961523E+4	2.569192000E+3
-4.486020000E-5	-2.676260000E-5	6.835200000E+0	1.999961523E+4	2.571245000E+3
-4.240150000E-5	-2.750770000E-5	6.847700000E+0	1.999961523E+4	2.574035000E+3
-4.000990000E-5	-2.818570000E-5	6.860500000E+0	1.999961523E+4	2.576864000E+3
-3.791620000E-5	-2.874450000E-5	6.871700000E+0	1.999961523E+4	2.578834000E+3
-3.565870000E-5	-2.930320000E-5	6.881800000E+0	1.999961523E+4	2.580776000E+3
-3.346080000E-5	-2.972050000E-5	6.892100000E+0	1.999961523E+4	2.582804000E+3
-3.086050000E-5	-2.992910000E-5	6.904600000E+0	1.999961523E+4	2.585371000E+3
-2.788020000E-5	-3.015260000E-5	6.916200000E+0	1.999961523E+4	2.587732000E+3
-2.517560000E-5	-2.996640000E-5	6.927800000E+0	1.999961523E+4	2.590131000E+3
-2.317140000E-5	-2.995890000E-5	6.938600000E+0	1.999961523E+4	2.592129000E+3
-2.068290000E-5	-2.954170000E-5	6.950100000E+0	1.999961523E+4	2.594525000E+3
-1.851480000E-5	-2.902760000E-5	6.961600000E+0	1.999961523E+4	2.596921000E+3
-1.614550000E-5	-2.834960000E-5	6.973500000E+0	1.999961523E+4	2.599006000E+3
-1.383580000E-5	-2.729900000E-5	6.985000000E+0	1.999961523E+4	2.601411000E+3
-1.171240000E-5	-2.635280000E-5	6.997100000E+0	1.999961523E+4	2.603857000E+3
-9.901880000E-6	-2.521290000E-5	7.009300000E+0	1.999961523E+4	2.606306000E+3
-8.404310000E-6	-2.416980000E-5	7.021700000E+0	1.999961523E+4	2.608285000E+3
-6.601240000E-6	-2.274670000E-5	7.033200000E+0	1.999961523E+4	2.611259000E+3
-5.595420000E-6	-2.163660000E-5	7.043500000E+0	1.999961523E+4	2.613191000E+3
-4.492730000E-6	-2.071270000E-5	7.054600000E+0	1.999961523E+4	2.615192000E+3
-3.442180000E-6	-1.955040000E-5	7.065200000E+0	1.999961523E+4	2.617225000E+3
-2.712030000E-6	-1.830620000E-5	7.075600000E+0	1.999961523E+4	2.619704000E+3
-2.019120000E-6	-1.721840000E-5	7.087800000E+0	1.999961523E+4	2.622009000E+3
-1.452870000E-6	-1.606360000E-5	7.100100000E+0	1.999961523E+4	2.624421000E+3
-7.674130000E-7	-1.491610000E-5	7.111400000E+0	1.999961523E+4	2.626849000E+3
-4.619380000E-7	-1.423070000E-5	7.122000000E+0	1.999961523E+4	2.628863000E+3
-2.607720000E-7	-1.340370000E-5	7.132700000E+0	1.999961523E+4	2.631202000E+3
-5.215430000E-8	-1.278530000E-5	7.144300000E+0	1.999961523E+4	2.633223000E+3
1.490130000E-7	-1.212960000E-5	7.155100000E+0	1.999961523E+4	2.635374000E+3
2.533220000E-7	-1.154100000E-5	7.165500000E+0	1.999961523E+4	2.637403000E+3
3.725310000E-7	-1.110890000E-5	7.177300000E+0	1.999961523E+4	2.639740000E+3
3.725310000E-7	-1.060220000E-5	7.188100000E+0	1.999961523E+4	2.642163000E+3
4.097840000E-7	-1.035640000E-5	7.198900000E+0	1.999961523E+4	2.644552000E+3
4.470370000E-7	-1.011790000E-5	7.209400000E+0	1.999961523E+4	2.646147000E+3
5.066430000E-7	-9.886980000E-6	7.219900000E+0	1.999961523E+4	2.648626000E+3
5.662480000E-7	-9.663460000E-6	7.232700000E+0	1.999961523E+4	2.650568000E+3
5.066430000E-7	-9.462300000E-6	7.244300000E+0	1.999961523E+4	2.653345000E+3
6.854570000E-7	-9.439940000E-6	7.255000000E+0	1.999961523E+4	2.655793000E+3
5.811490000E-7	-9.320730000E-6	7.265800000E+0	1.999961523E+4	2.657468000E+3
5.140940000E-7	-9.305830000E-6	7.276800000E+0	1.999961523E+4	2.659884000E+3
6.333030000E-7	-9.208980000E-6	7.287000000E+0	1.999961523E+4	2.661922000E+3
5.438960000E-7	-9.186620000E-6	7.298800000E+0	1.999961523E+4	2.664303000E+3
5.587970000E-7	-9.074870000E-6	7.309100000E+0	1.999961523E+4	2.666341000E+3
5.066430000E-7	-9.231330000E-6	7.320700000E+0	1.999961523E+4	2.668282000E+3
5.513470000E-7	-9.179170000E-6	7.332300000E+0	1.999961523E+4	2.670694000E+3
4.097840000E-7	-9.201530000E-6	7.342500000E+0	1.999961523E+4	2.673123000E+3
5.066430000E-7	-9.141920000E-6	7.352700000E+0	1.999961523E+4	2.675133000E+3
5.438960000E-7	-9.052510000E-6	7.363500000E+0	1.999961523E+4	2.677088000E+3
5.662480000E-7	-9.045060000E-6	7.373600000E+0	1.999961523E+4	2.679116000E+3
5.140940000E-7	-9.231330000E-6	7.384500000E+0	1.999961523E+4	2.681479000E+3
3.352780000E-7	-9.149370000E-6	7.394900000E+0	1.999961523E+4	2.683695000E+3
4.768410000E-7	-9.186620000E-6	7.406400000E+0	1.999961523E+4	2.686139000E+3
4.768410000E-7	-9.238780000E-6	7.419100000E+0	1.999961523E+4	2.688186000E+3
3.650800000E-7	-9.037610000E-6	7.431000000E+0	1.999961523E+4	2.690542000E+3
4.842910000E-7	-9.059960000E-6	7.441400000E+0	1.999961523E+4	2.692536000E+3
5.066430000E-7	-9.164270000E-6	7.452900000E+0	1.999961523E+4	2.695352000E+3
4.470370000E-7	-9.156820000E-6	7.464900000E+0	1.999961523E+4	2.697417000E+3
4.246850000E-7	-9.164270000E-6	7.475500000E+0	1.999961523E+4	2.699372000E+3
5.438960000E-7	-9.238780000E-6	7.486100000E+0	1.999961523E+4	2.701358000E+3
4.097840000E-7	-9.238780000E-6	7.497500000E+0	1.999961523E+4	2.704189000E+3
4.544870000E-7	-9.216430000E-6	7.509400000E+0	1.999961523E+4	2.706582000E+3
5.364450000E-7	-9.201530000E-6	7.520100000E+0	1.999961523E+4	2.708200000E+3
5.364450000E-7	-9.208980000E-6	7.532300000E+0	1.999961523E+4	2.710600000E+3
5.438960000E-7	-9.037610000E-6	7.542400000E+0	1.999961523E+4	2.712996000E+3
6.333030000E-7	-9.127020000E-6	7.553000000E+0	1.999961523E+4	2.715358000E+3
5.886000000E-7	-9.119570000E-6	7.563100000E+0	1.999961523E+4	2.717003000E+3
5.662480000E-7	-9.045060000E-6	7.573300000E+0	1.999961523E+4	2.719083000E+3
6.035010000E-7	-9.015260000E-6	7.584600000E+0	1.999961523E+4	2.721115000E+3
6.631050000E-7	-9.030160000E-6	7.595600000E+0	1.999961523E+4	2.723504000E+3
5.364450000E-7	-8.925850000E-6	7.606400000E+0	1.999961523E+4	2.725941000E+3
7.525120000E-7	-9.037610000E-6	7.618200000E+0	1.999961523E+4	2.728323000E+3
6.705560000E-7	-8.992910000E-6	7.630900000E+0	1.999961523E+4	2.730488000E+3
5.662480000E-7	-8.985460000E-6	7.642000000E+0	1.999961523E+4	2.732889000E+3
7.078090000E-7	-8.955660000E-6	7.654100000E+0	1.999961523E+4	2.735231000E+3
6.854570000E-7	-8.955660000E-6	7.664900000E+0	1.999961523E+4	2.737624000E+3
7.227100000E-7	-8.940750000E-6	7.675400000E+0	1.999961523E+4	2.739233000E+3
6.482040000E-7	-9.089770000E-6	7.685800000E+0	1.999961523E+4	2.742051000E+3
5.811490000E-7	-9.022710000E-6	7.698100000E+0	1.999961523E+4	2.744032000E+3
6.929080000E-7	-9.000360000E-6	7.708300000E+0	1.999961523E+4	2.746460000E+3
7.078090000E-7	-8.985460000E-6	7.719500000E+0	1.999961523E+4	2.748117000E+3
7.003580000E-7	-8.985460000E-6	7.730100000E+0	1.999961523E+4	2.750451000E+3
6.780060000E-7	-8.881150000E-6	7.740300000E+0	1.999961523E+4	2.752556000E+3
7.301610000E-7	-8.955660000E-6	7.752000000E+0	1.999961523E+4	2.754871000E+3
7.078090000E-7	-9.074870000E-6	7.762200000E+0	1.999961523E+4	2.757262000E+3
6.854570000E-7	-8.896050000E-6	7.774300000E+0	1.999961523E+4	2.759389000E+3
7.152590000E-7	-8.963110000E-6	7.786000000E+0	1.999961523E+4	2.761419000E+3
6.705560000E-7	-9.030160000E-6	7.798700000E+0	1.999961523E+4	2.763787000E+3
7.674130000E-7	-9.059960000E-6	7.810500000E+0	1.999961523E+4	2.766580000E+3
6.705560000E-7	-9.037610000E-6	7.820800000E+0	1.999961523E+4	2.768996000E+3
6.258520000E-7	-9.015260000E-6	7.831200000E+0	1.999961523E+4	2.770585000E+3
5.662480000E-7	-9.045060000E-6	7.843500000E+0	1.999961523E+4	2.773251000E+3
5.886000000E-7	-9.141920000E-6	7.855200000E+0	1.999961523E+4	2.775122000E+3
5.811490000E-7	-9.186620000E-6	7.866900000E+0	1.999961523E+4	2.777515000E+3
6.556550000E-7	-8.985460000E-6	7.877100000E+0	1.999961523E+4	2.779916000E+3
6.184020000E-7	-9.007810000E-6	7.887300000E+0	1.999961523E+4	2.782325000E+3
5.886000000E-7	-8.992910000E-6	7.898800000E+0	1.999961523E+4	2.784393000E+3
4.768410000E-7	-9.022710000E-6	7.909000000E+0	1.999961523E+4	2.786337000E+3
5.364450000E-7	-9.000360000E-6	7.921600000E+0	1.999961523E+4	2.788724000E+3
5.886000000E-7	-9.074870000E-6	7.931700000E+0	1.999961523E+4	2.790712000E+3
5.811490000E-7	-9.201530000E-6	7.943800000E+0	1.999961523E+4	2.793172000E+3
5.066430000E-7	-9.059960000E-6	7.954900000E+0	1.999961523E+4	2.795170000E+3
4.991930000E-7	-9.097220000E-6	7.965700000E+0	1.999961523E+4	2.797558000E+3
4.842910000E-7	-9.022710000E-6	7.976900000E+0	1.999961523E+4	2.799971000E+3
5.587970000E-7	-9.074870000E-6	7.988000000E+0	1.999961523E+4	2.802327000E+3
5.960500000E-7	-9.037610000E-6	7.998700000E+0	1.999961523E+4	2.803935000E+3
6.482040000E-7	-9.000360000E-6	8.008800000E+0	1.999961523E+4	2.806355000E+3
5.736980000E-7	-8.978010000E-6	8.019500000E+0	1.999961523E+4	2.808326000E+3
5.587970000E-7	-8.992910000E-6	8.029900000E+0	1.999961523E+4	2.810896000E+3
4.768410000E-7	-8.881150000E-6	8.041100000E+0	1.999961523E+4	2.812614000E+3
5.960500000E-7	-8.955660000E-6	8.051500000E+0	1.999961523E+4	2.814609000E+3
5.438960000E-7	-9.112120000E-6	8.062100000E+0	1.999961523E+4	2.816983000E+3
6.109510000E-7	-9.030160000E-6	8.072200000E+0	1.999961523E+4	2.818988000E+3
5.289950000E-7	-9.015260000E-6	8.082900000E+0	1.999961523E+4	2.821030000E+3
4.768410000E-7	-9.186620000E-6	8.093400000E+0	1.999961523E+4	2.822610000E+3
5.364450000E-7	-9.179170000E-6	8.105000000E+0	1.999961523E+4	2.825847000E+3
5.289950000E-7	-9.082320000E-6	8.116700000E+0	1.999961523E+4	2.827790000E+3
6.556550000E-7	-9.037610000E-6	8.127100000E+0	1.999961523E+4	2.829827000E+3
6.705560000E-7	-9.059960000E-6	8.139200000E+0	1.999961523E+4	2.832253000E+3
6.631050000E-7	-8.896050000E-6	8.149300000E+0	1.999961523E+4	2.834609000E+3
8.493700000E-7	-8.858800000E-6	8.160200000E+0	1.999961523E+4	2.836190000E+3
8.195680000E-7	-8.754490000E-6	8.170500000E+0	1.999961523E+4	2.838602000E+3
7.823150000E-7	-8.717240000E-6	8.180900000E+0	1.999961523E+4	2.840642000E+3
8.344690000E-7	-8.829000000E-6	8.192600000E+0	1.999961523E+4	2.842992000E+3
6.705560000E-7	-8.918400000E-6	8.204200000E+0	1.999961523E+4	2.845528000E+3
7.301610000E-7	-8.866250000E-6	8.215500000E+0	1.999961523E+4	2.847554000E+3
7.748640000E-7	-8.918400000E-6	8.227500000E+0	1.999961523E+4	2.849980000E+3
7.674130000E-7	-8.635280000E-6	8.237900000E+0	1.999961523E+4	2.851977000E+3
7.972160000E-7	-8.702340000E-6	8.248700000E+0	1.999961523E+4	2.854332000E+3
7.301610000E-7	-8.754490000E-6	8.259700000E+0	1.999961523E+4	2.856334000E+3
7.301610000E-7	-8.605480000E-6	8.271100000E+0	1.999961523E+4	2.858409000E+3
6.333030000E-7	-8.620380000E-6	8.281200000E+0	1.999961523E+4	2.860724000E+3
7.003580000E-7	-8.612930000E-6	8.292400000E+0	1.999961523E+4	2.862743000E+3
6.929080000E-7	-8.598030000E-6	8.304000000E+0	1.999961523E+4	2.865122000E+3
5.662480000E-7	-8.709790000E-6	8.314600000E+0	1.999961523E+4	2.867914000E+3
6.258520000E-7	-8.806640000E-6	8.325900000E+0	1.999961523E+4	2.869610000E+3
6.109510000E-7	-8.791740000E-6	8.337500000E+0	1.999961523E+4	2.871677000E+3
6.705560000E-7	-8.814100000E-6	8.348900000E+0	1.999961523E+4	2.874079000E+3
6.482040000E-7	-8.769390000E-6	8.360300000E+0	1.999961523E+4	2.876458000E+3
6.482040000E-7	-8.873700000E-6	8.371900000E+0	1.999961523E+4	2.879274000E+3
5.811490000E-7	-8.829000000E-6	8.383400000E+0	1.999961523E+4	2.881257000E+3
7.003580000E-7	-8.829000000E-6	8.393900000E+0	1.999961523E+4	2.883287000E+3
5.513470000E-7	-8.709790000E-6	8.404900000E+0	1.999961523E+4	2.885704000E+3
5.066430000E-7	-8.702340000E-6	8.415700000E+0	1.999961523E+4	2.887250000E+3
5.438960000E-7	-8.769390000E-6	8.427700000E+0	1.999961523E+4	2.890069000E+3
5.513470000E-7	-8.829000000E-6	8.439100000E+0	1.999961523E+4	2.892132000E+3
5.960500000E-7	-8.873700000E-6	8.449800000E+0	1.999961523E+4	2.894074000E+3
6.035010000E-7	-8.672530000E-6	8.460100000E+0	1.999961523E+4	2.896459000E+3
4.023330000E-7	-8.642730000E-6	8.471400000E+0	1.999961523E+4	2.898912000E+3
4.991930000E-7	-8.761940000E-6	8.482600000E+0	1.999961523E+4	2.901262000E+3
6.109510000E-7	-8.657630000E-6	8.492900000E+0	1.999961523E+4	2.902866000E+3
5.289950000E-7	-8.627830000E-6	8.503600000E+0	1.999961523E+4	2.904994000E+3
5.140940000E-7	-8.635280000E-6	8.514300000E+0	1.999961523E+4	2.907428000E+3
5.289950000E-7	-8.590580000E-6	8.525000000E+0	1.999961523E+4	2.909924000E+3
4.842910000E-7	-8.739590000E-6	8.535300000E+0	1.999961523E+4	2.911525000E+3
6.109510000E-7	-8.612930000E-6	8.545800000E+0	1.999961523E+4	2.913549000E+3
4.991930000E-7	-8.545870000E-6	8.558100000E+0	1.999961523E+4	2.915958000E+3
4.768410000E-7	-8.717240000E-6	8.568500000E+0	1.999961523E+4	2.917923000E+3
4.023330000E-7	-8.709790000E-6	8.580700000E+0	1.999961523E+4	2.920721000E+3
4.693880000E-7	-8.910950000E-6	8.593100000E+0	1.999961523E+4	2.923157000E+3
3.427290000E-7	-8.806640000E-6	8.605000000E+0	1.999961523E+4	2.925118000E+3
4.023330000E-7	-8.814100000E-6	8.616300000E+0	1.999961523E+4	2.927554000E+3
5.289950000E-7	-8.747040000E-6	8.627800000E+0	1.999961523E+4	2.929901000E+3
4.470370000E-7	-8.665080000E-6	8.638200000E+0	1.999961523E+4	2.932368000E+3
4.917420000E-7	-8.538420000E-6	8.651300000E+0	1.999961523E+4	2.934345000E+3
4.246850000E-7	-8.679980000E-6	8.662800000E+0	1.999961523E+4	2.937161000E+3
4.470370000E-7	-8.747040000E-6	8.674900000E+0	1.999961523E+4	2.939255000E+3
4.172340000E-7	-8.620380000E-6	8.685800000E+0	1.999961523E+4	2.941713000E+3
4.321350000E-7	-8.486270000E-6	8.697000000E+0	1.999961523E+4	2.944095000E+3
5.140940000E-7	-8.605480000E-6	8.707800000E+0	1.999961523E+4	2.945740000E+3
3.650800000E-7	-8.665080000E-6	8.720600000E+0	1.999961523E+4	2.948443000E+3
4.097840000E-7	-8.806640000E-6	8.731000000E+0	1.999961523E+4	2.950457000E+3
3.799810000E-7	-8.739590000E-6	8.742400000E+0	1.999961523E+4	2.952933000E+3
5.066430000E-7	-8.776840000E-6	8.752700000E+0	1.999961523E+4	2.955303000E+3
3.948830000E-7	-8.806640000E-6	8.763400000E+0	1.999961523E+4	2.957287000E+3
4.172340000E-7	-8.963110000E-6	8.775200000E+0	1.999961523E+4	2.959266000E+3
4.395860000E-7	-8.873700000E-6	8.786800000E+0	1.999961523E+4	2.961658000E+3
5.066430000E-7	-8.851350000E-6	8.797600000E+0	1.999961523E+4	2.964108000E+3
5.438960000E-7	-8.717240000E-6	8.808700000E+0	1.999961523E+4	2.966461000E+3
5.513470000E-7	-8.739590000E-6	8.819400000E+0	1.999961523E+4	2.968456000E+3
5.364450000E-7	-8.754490000E-6	8.831300000E+0	1.999961523E+4	2.970672000E+3
5.662480000E-7	-8.724690000E-6	8.842300000E+0	1.999961523E+4	2.972688000E+3
5.215440000E-7	-8.575680000E-6	8.853400000E+0	1.999961523E+4	2.975171000E+3
5.960500000E-7	-8.635280000E-6	8.864200000E+0	1.999961523E+4	2.977170000E+3
5.066430000E-7	-8.821550000E-6	8.875200000E+0	1.999961523E+4	2.979922000E+3
5.215440000E-7	-8.553320000E-6	8.886700000E+0	1.999961523E+4	2.981921000E+3
4.321350000E-7	-8.530970000E-6	8.897700000E+0	1.999961523E+4	2.983963000E+3
4.395860000E-7	-8.702340000E-6	8.909400000E+0	1.999961523E+4	2.986322000E+3
4.097840000E-7	-8.739590000E-6	8.920700000E+0	1.999961523E+4	2.988710000E+3
3.948830000E-7	-8.747040000E-6	8.931600000E+0	1.999961523E+4	2.990757000E+3
4.917420000E-7	-8.545870000E-6	8.942300000E+0	1.999961523E+4	2.992744000E+3
4.842910000E-7	-8.463920000E-6	8.952400000E+0	1.999961523E+4	2.994710000E+3
4.619380000E-7	-8.478820000E-6	8.964200000E+0	1.999961523E+4	2.997637000E+3
4.991930000E-7	-8.516070000E-6	8.975300000E+0	1.999961523E+4	2.999642000E+3
5.289950000E-7	-8.523520000E-6	8.987600000E+0	1.999961523E+4	3.001662000E+3
5.438960000E-7	-8.739590000E-6	8.997700000E+0	1.999961523E+4	3.004132000E+3
4.172340000E-7	-8.747040000E-6	9.008200000E+0	1.999961523E+4	3.008435000E+3
7.218170000E-5	-5.707170000E-6	8.998100000E+0	1.288009668E+4	3.229876000E+3
