20240423_HM455NbTa2Zr_chiAC_vs_T_B_1T.002.txt Wed, Apr 23, 2025 2:00:29 PM Juan Gabe
Magnet: None
Trigger spacing of 0.010000 on column #3
Offsets:	0.000000000E+0	0.000000000E+0	0.000000000E+0	0.000000000E+0	0.000000000E+0

Scale Factors:	1.000000000E+0	1.000000000E+0	1.000000000E+0	1.000000000E+0	1.000000000E+0

1T
Lockin_V_002	Chan2_V_002	Temperture_002	Field_002	Timestamp_002
-6.929080000E-7	-2.220290000E-6	9.001000000E+0	9.999551758E+3	3.400000000E-2
-7.897650000E-7	-2.130880000E-6	8.989700000E+0	9.999551758E+3	4.538900000E+1
-8.344690000E-7	-2.197940000E-6	8.976900000E+0	9.999551758E+3	4.730200000E+1
-8.195680000E-7	-2.130880000E-6	8.966700000E+0	9.999551758E+3	4.890800000E+1
-8.121170000E-7	-2.160680000E-6	8.955500000E+0	9.999551758E+3	5.104400000E+1
-8.270180000E-7	-2.220290000E-6	8.945400000E+0	9.999551758E+3	5.292400000E+1
-8.195680000E-7	-2.168130000E-6	8.933900000E+0	9.999551758E+3	5.535900000E+1
-8.046660000E-7	-2.212840000E-6	8.921600000E+0	9.999551758E+3	5.732200000E+1
-7.674130000E-7	-2.227740000E-6	8.910300000E+0	9.999551758E+3	5.971100000E+1
-6.854570000E-7	-2.294790000E-6	8.899600000E+0	9.999551758E+3	6.171400000E+1
-4.395860000E-7	-2.287340000E-6	8.889100000E+0	9.999551758E+3	6.386400000E+1
-6.482040000E-7	-2.235190000E-6	8.878700000E+0	9.999551758E+3	6.585000000E+1
-5.811490000E-7	-2.220290000E-6	8.868500000E+0	9.999551758E+3	6.831300000E+1
-5.587970000E-7	-2.309690000E-6	8.855800000E+0	9.999551758E+3	7.068800000E+1
-6.407540000E-7	-2.264990000E-6	8.845500000E+0	9.999551758E+3	7.265600000E+1
-6.631050000E-7	-2.160680000E-6	8.833800000E+0	9.999551758E+3	7.470300000E+1
-6.407540000E-7	-2.205390000E-6	8.823300000E+0	9.999551758E+3	7.664800000E+1
-7.376110000E-7	-2.250090000E-6	8.811400000E+0	9.999551758E+3	7.943700000E+1
-7.897650000E-7	-2.205390000E-6	8.799700000E+0	9.999551758E+3	8.189700000E+1
-7.301610000E-7	-2.197940000E-6	8.789600000E+0	9.999551758E+3	8.387100000E+1
-8.195680000E-7	-2.168130000E-6	8.779100000E+0	9.999551758E+3	8.587800000E+1
-7.376110000E-7	-2.190490000E-6	8.768000000E+0	9.999551758E+3	8.831000000E+1
-7.376110000E-7	-2.205390000E-6	8.756800000E+0	9.999551758E+3	8.992800000E+1
-8.121170000E-7	-2.168130000E-6	8.746700000E+0	9.999551758E+3	9.239500000E+1
-7.674130000E-7	-2.123430000E-6	8.734400000E+0	9.999551758E+3	9.438600000E+1
-7.897650000E-7	-2.264990000E-6	8.721900000E+0	9.999551758E+3	9.721500000E+1
-8.642710000E-7	-2.205390000E-6	8.709700000E+0	9.999551758E+3	9.962800000E+1
-7.376110000E-7	-2.235190000E-6	8.697700000E+0	9.999551758E+3	1.020510000E+2
-7.152590000E-7	-2.220290000E-6	8.687300000E+0	9.999551758E+3	1.040380000E+2
-7.748640000E-7	-2.317150000E-6	8.675300000E+0	9.999551758E+3	1.064480000E+2
-7.078090000E-7	-2.272440000E-6	8.665000000E+0	9.999551758E+3	1.084140000E+2
-7.674130000E-7	-2.168130000E-6	8.652600000E+0	9.999551758E+3	1.108510000E+2
-6.109510000E-7	-2.160680000E-6	8.641800000E+0	9.999551758E+3	1.131950000E+2
-5.215440000E-7	-2.294790000E-6	8.630700000E+0	9.999551758E+3	1.156780000E+2
-5.066430000E-7	-2.227740000E-6	8.619200000E+0	9.999551758E+3	1.179990000E+2
-5.811490000E-7	-2.220290000E-6	8.608800000E+0	9.999551758E+3	1.202520000E+2
-6.184020000E-7	-2.279890000E-6	8.598600000E+0	9.999551758E+3	1.221620000E+2
-5.736980000E-7	-2.183030000E-6	8.587100000E+0	9.999551758E+3	1.238130000E+2
-5.736980000E-7	-2.183030000E-6	8.575300000E+0	9.999551758E+3	1.264650000E+2
-5.140940000E-7	-2.235190000E-6	8.564500000E+0	9.999551758E+3	1.288110000E+2
-6.184020000E-7	-2.153230000E-6	8.551800000E+0	9.999551758E+3	1.309160000E+2
-4.768410000E-7	-2.123430000E-6	8.539500000E+0	9.999551758E+3	1.333770000E+2
-6.184020000E-7	-2.264990000E-6	8.529000000E+0	9.999551758E+3	1.358830000E+2
-5.438960000E-7	-2.346950000E-6	8.518800000E+0	9.999551758E+3	1.378840000E+2
-5.289950000E-7	-2.257540000E-6	8.504300000E+0	9.999551758E+3	1.407960000E+2
-4.917420000E-7	-2.175580000E-6	8.493300000E+0	9.999551758E+3	1.427880000E+2
-6.184020000E-7	-2.369300000E-6	8.482000000E+0	9.999551758E+3	1.449600000E+2
-5.662480000E-7	-2.197940000E-6	8.471900000E+0	9.999551758E+3	1.469860000E+2
-6.482040000E-7	-2.264990000E-6	8.461200000E+0	9.999551758E+3	1.495960000E+2
-6.407540000E-7	-2.235190000E-6	8.450300000E+0	9.999551758E+3	1.518980000E+2
-6.854570000E-7	-2.287340000E-6	8.438600000E+0	9.999551758E+3	1.539050000E+2
-7.525120000E-7	-2.287340000E-6	8.428200000E+0	9.999551758E+3	1.559890000E+2
-7.003580000E-7	-2.227740000E-6	8.418000000E+0	9.999551758E+3	1.584890000E+2
-6.482040000E-7	-2.227740000E-6	8.406200000E+0	9.999551758E+3	1.602340000E+2
-5.886000000E-7	-2.190490000E-6	8.395500000E+0	9.999551758E+3	1.622640000E+2
-7.078090000E-7	-2.220290000E-6	8.382200000E+0	9.999551758E+3	1.651100000E+2
-6.854570000E-7	-2.324600000E-6	8.371900000E+0	9.999551758E+3	1.671840000E+2
-7.078090000E-7	-2.257540000E-6	8.361100000E+0	9.999551758E+3	1.694720000E+2
-7.152590000E-7	-2.369300000E-6	8.349000000E+0	9.999551758E+3	1.717500000E+2
-7.450620000E-7	-2.406550000E-6	8.338300000E+0	9.999551758E+3	1.734890000E+2
-7.003580000E-7	-2.332050000E-6	8.327800000E+0	9.999551758E+3	1.760130000E+2
-5.960500000E-7	-2.220290000E-6	8.316900000E+0	9.999551758E+3	1.780690000E+2
-5.587970000E-7	-2.205390000E-6	8.305500000E+0	9.999551758E+3	1.807330000E+2
-5.140940000E-7	-2.227740000E-6	8.292100000E+0	9.999551758E+3	1.831350000E+2
-6.705560000E-7	-2.235190000E-6	8.281200000E+0	9.999551758E+3	1.848780000E+2
-7.525120000E-7	-2.279890000E-6	8.270900000E+0	9.999551758E+3	1.874190000E+2
-6.482040000E-7	-2.287340000E-6	8.259900000E+0	9.999551758E+3	1.894690000E+2
-6.035010000E-7	-2.279890000E-6	8.249600000E+0	9.999551758E+3	1.914790000E+2
-5.215440000E-7	-2.183030000E-6	8.239200000E+0	9.999551758E+3	1.943200000E+2
-5.289950000E-7	-2.264990000E-6	8.227000000E+0	9.999551758E+3	1.961470000E+2
-5.215440000E-7	-2.242640000E-6	8.215700000E+0	9.999551758E+3	1.984580000E+2
-6.631050000E-7	-2.220290000E-6	8.205000000E+0	9.999551758E+3	2.004180000E+2
-5.215440000E-7	-2.183030000E-6	8.194500000E+0	9.999551758E+3	2.024180000E+2
-5.811490000E-7	-2.175580000E-6	8.182800000E+0	9.999551758E+3	2.049980000E+2
-5.587970000E-7	-2.287340000E-6	8.170100000E+0	9.999551758E+3	2.078920000E+2
-5.364450000E-7	-2.227740000E-6	8.158900000E+0	9.999551758E+3	2.100340000E+2
-5.215440000E-7	-2.197940000E-6	8.146300000E+0	9.999551758E+3	2.120890000E+2
-6.407540000E-7	-2.197940000E-6	8.135200000E+0	9.999551758E+3	2.143570000E+2
-6.258520000E-7	-2.212840000E-6	8.124500000E+0	9.999551758E+3	2.167420000E+2
-6.109510000E-7	-2.205390000E-6	8.113000000E+0	9.999551758E+3	2.184240000E+2
-6.184020000E-7	-2.160680000E-6	8.102900000E+0	9.999551758E+3	2.213540000E+2
-7.003580000E-7	-2.250090000E-6	8.090900000E+0	9.999551758E+3	2.235100000E+2
-7.674130000E-7	-2.197940000E-6	8.080600000E+0	9.999551758E+3	2.251400000E+2
-6.556550000E-7	-2.302240000E-6	8.069900000E+0	9.999551758E+3	2.278000000E+2
-6.854570000E-7	-2.264990000E-6	8.059000000E+0	9.999551758E+3	2.297580000E+2
-6.407540000E-7	-2.220290000E-6	8.048300000E+0	9.999551758E+3	2.321400000E+2
-5.960500000E-7	-2.227740000E-6	8.038100000E+0	9.999551758E+3	2.336360000E+2
-7.152590000E-7	-2.220290000E-6	8.026200000E+0	9.999551758E+3	2.365070000E+2
-6.556550000E-7	-2.257540000E-6	8.015800000E+0	9.999551758E+3	2.386010000E+2
-7.450620000E-7	-2.287340000E-6	8.005100000E+0	9.999551758E+3	2.403610000E+2
-5.960500000E-7	-2.302240000E-6	7.991700000E+0	9.999551758E+3	2.428730000E+2
-6.705560000E-7	-2.376750000E-6	7.981500000E+0	9.999551758E+3	2.452700000E+2
-7.152590000E-7	-2.443800000E-6	7.971000000E+0	9.999551758E+3	2.472020000E+2
-6.035010000E-7	-2.443800000E-6	7.960400000E+0	9.999551758E+3	2.499140000E+2
-5.960500000E-7	-2.570460000E-6	7.947100000E+0	9.999551758E+3	2.521220000E+2
-7.003580000E-7	-2.726930000E-6	7.935500000E+0	9.999551758E+3	2.541890000E+2
-7.376110000E-7	-2.995150000E-6	7.924100000E+0	9.999551758E+3	2.567320000E+2
-7.376110000E-7	-3.285720000E-6	7.911600000E+0	9.999551758E+3	2.592350000E+2
-7.674130000E-7	-3.740210000E-6	7.899600000E+0	9.999551758E+3	2.617880000E+2
-8.866230000E-7	-4.321370000E-6	7.888900000E+0	9.999551758E+3	2.638050000E+2
-1.057990000E-6	-4.954670000E-6	7.876900000E+0	9.999551758E+3	2.660440000E+2
-1.281510000E-6	-5.714620000E-6	7.866800000E+0	9.999551758E+3	2.680880000E+2
-1.616780000E-6	-6.780060000E-6	7.855100000E+0	9.999551758E+3	2.707210000E+2
-2.026570000E-6	-7.949830000E-6	7.844500000E+0	9.999551758E+3	2.731060000E+2
-2.600270000E-6	-8.851350000E-6	7.833600000E+0	9.999551758E+3	2.751600000E+2
-3.255920000E-6	-1.023720000E-5	7.820300000E+0	9.999551758E+3	2.772420000E+2
-4.313920000E-6	-1.193590000E-5	7.808700000E+0	9.999551758E+3	2.794230000E+2
-5.751880000E-6	-1.369420000E-5	7.796700000E+0	9.999551758E+3	2.819590000E+2
-7.540020000E-6	-1.556440000E-5	7.785600000E+0	9.999551758E+3	2.849520000E+2
-8.679980000E-6	-1.653300000E-5	7.775300000E+0	9.999551758E+3	2.865660000E+2
-1.052030000E-5	-1.787410000E-5	7.764000000E+0	9.999551758E+3	2.886050000E+2
-1.298640000E-5	-1.937160000E-5	7.752100000E+0	9.999551758E+3	2.910900000E+2
-1.499060000E-5	-2.041470000E-5	7.742100000E+0	9.999551758E+3	2.928250000E+2
-1.877560000E-5	-2.170370000E-5	7.729700000E+0	9.999551758E+3	2.957780000E+2
-2.153230000E-5	-2.245620000E-5	7.717700000E+0	9.999551758E+3	2.978970000E+2
-2.463170000E-5	-2.291810000E-5	7.707100000E+0	9.999551758E+3	3.000690000E+2
-2.796960000E-5	-2.310440000E-5	7.696600000E+0	9.999551758E+3	3.024310000E+2
-3.111390000E-5	-2.288080000E-5	7.682800000E+0	9.999551758E+3	3.047490000E+2
-3.436980000E-5	-2.250090000E-5	7.672200000E+0	9.999551758E+3	3.067390000E+2
-3.757350000E-5	-2.181540000E-5	7.661700000E+0	9.999551758E+3	3.092500000E+2
-4.034510000E-5	-2.109270000E-5	7.651300000E+0	9.999551758E+3	3.113980000E+2
-4.285600000E-5	-2.034770000E-5	7.640500000E+0	9.999551758E+3	3.135650000E+2
-4.489740000E-5	-1.963980000E-5	7.630400000E+0	9.999551758E+3	3.155250000E+2
-4.755730000E-5	-1.873090000E-5	7.618900000E+0	9.999551758E+3	3.178960000E+2
-4.957640000E-5	-1.808270000E-5	7.608000000E+0	9.999551758E+3	3.197550000E+2
-5.210960000E-5	-1.694270000E-5	7.596900000E+0	9.999551758E+3	3.228940000E+2
-5.339850000E-5	-1.653300000E-5	7.584300000E+0	9.999551758E+3	3.244750000E+2
-5.590940000E-5	-1.557930000E-5	7.573900000E+0	9.999551758E+3	3.270190000E+2
-5.716850000E-5	-1.512470000E-5	7.562800000E+0	9.999551758E+3	3.289700000E+2
-5.876300000E-5	-1.450630000E-5	7.552000000E+0	9.999551758E+3	3.311690000E+2
-6.013390000E-5	-1.386560000E-5	7.540200000E+0	9.999551758E+3	3.336200000E+2
-6.175830000E-5	-1.330680000E-5	7.528400000E+0	9.999551758E+3	3.359190000E+2
-6.327080000E-5	-1.274800000E-5	7.517000000E+0	9.999551758E+3	3.383070000E+2
-6.408290000E-5	-1.228610000E-5	7.505500000E+0	9.999551758E+3	3.403470000E+2
-6.534210000E-5	-1.186880000E-5	7.494900000E+0	9.999551758E+3	3.424390000E+2
-6.654910000E-5	-1.131000000E-5	7.483600000E+0	9.999551758E+3	3.449980000E+2
-6.736120000E-5	-1.102690000E-5	7.473100000E+0	9.999551758E+3	3.471300000E+2
-6.828500000E-5	-1.064690000E-5	7.461300000E+0	9.999551758E+3	3.492910000E+2
-6.934300000E-5	-1.026700000E-5	7.448800000E+0	9.999551758E+3	3.517660000E+2
-7.022220000E-5	-9.797570000E-6	7.436500000E+0	9.999551758E+3	3.542160000E+2
-7.098210000E-5	-9.507000000E-6	7.426100000E+0	9.999551758E+3	3.560230000E+2
-7.177940000E-5	-9.186620000E-6	7.415200000E+0	9.999551758E+3	3.584190000E+2
-7.253930000E-5	-8.992910000E-6	7.405000000E+0	9.999551758E+3	3.601780000E+2
-7.344080000E-5	-8.679980000E-6	7.393500000E+0	9.999551758E+3	3.631150000E+2
-7.397730000E-5	-8.359610000E-6	7.381800000E+0	9.999551758E+3	3.652430000E+2
-7.461800000E-5	-8.165890000E-6	7.371400000E+0	9.999551758E+3	3.668300000E+2
-7.526620000E-5	-7.808270000E-6	7.360900000E+0	9.999551758E+3	3.695180000E+2
-7.573560000E-5	-7.569820000E-6	7.350200000E+0	9.999551758E+3	3.715090000E+2
-7.633170000E-5	-7.420810000E-6	7.338500000E+0	9.999551758E+3	3.736780000E+2
-7.690540000E-5	-7.219640000E-6	7.328400000E+0	9.999551758E+3	3.761690000E+2
-7.739710000E-5	-6.929070000E-6	7.315200000E+0	9.999551758E+3	3.783400000E+2
-7.811980000E-5	-6.921620000E-6	7.303600000E+0	9.999551758E+3	3.804190000E+2
-7.854450000E-5	-6.631050000E-6	7.292100000E+0	9.999551758E+3	3.833980000E+2
-7.906600000E-5	-6.474580000E-6	7.281800000E+0	9.999551758E+3	3.854150000E+2
-7.943860000E-5	-6.355370000E-6	7.271200000E+0	9.999551758E+3	3.872380000E+2
-7.987070000E-5	-6.191460000E-6	7.259200000E+0	9.999551758E+3	3.893050000E+2
-8.039220000E-5	-5.967940000E-6	7.247700000E+0	9.999551758E+3	3.921710000E+2
-8.074990000E-5	-5.893440000E-6	7.236400000E+0	9.999551758E+3	3.943620000E+2
-8.121180000E-5	-5.707170000E-6	7.223200000E+0	9.999551758E+3	3.968820000E+2
-8.151730000E-5	-5.587960000E-6	7.210700000E+0	9.999551758E+3	3.989950000E+2
-8.204630000E-5	-5.446400000E-6	7.197700000E+0	9.999551758E+3	4.019240000E+2
-8.235170000E-5	-5.245240000E-6	7.186400000E+0	9.999551758E+3	4.043600000E+2
-8.282860000E-5	-5.185630000E-6	7.172900000E+0	9.999551758E+3	4.070350000E+2
-8.317870000E-5	-5.073870000E-6	7.161600000E+0	9.999551758E+3	4.092760000E+2
-8.337250000E-5	-4.895060000E-6	7.148900000E+0	9.999551758E+3	4.116490000E+2
-8.367790000E-5	-4.887610000E-6	7.137400000E+0	9.999551758E+3	4.141740000E+2
-8.382690000E-5	-4.731150000E-6	7.127400000E+0	9.999551758E+3	4.161780000E+2
-8.419950000E-5	-4.611940000E-6	7.116400000E+0	9.999551758E+3	4.182440000E+2
-8.449750000E-5	-4.552330000E-6	7.105500000E+0	9.999551758E+3	4.205260000E+2
-8.469870000E-5	-4.626840000E-6	7.094500000E+0	9.999551758E+3	4.227150000E+2
-8.495940000E-5	-4.373520000E-6	7.084000000E+0	9.999551758E+3	4.247360000E+2
-8.526490000E-5	-4.380970000E-6	7.073400000E+0	9.999551758E+3	4.271700000E+2
-8.535430000E-5	-4.261760000E-6	7.061000000E+0	9.999551758E+3	4.292470000E+2
-8.563000000E-5	-4.157450000E-6	7.048400000E+0	9.999551758E+3	4.316540000E+2
-8.603230000E-5	-3.986090000E-6	7.037500000E+0	9.999551758E+3	4.343970000E+2
-8.629310000E-5	-3.904130000E-6	7.026500000E+0	9.999551758E+3	4.367390000E+2
-8.634520000E-5	-3.822180000E-6	7.013700000E+0	9.999551758E+3	4.382200000E+2
-8.664330000E-5	-3.807260000E-6	7.003300000E+0	9.999551758E+3	4.413140000E+2
-8.686680000E-5	-3.747660000E-6	6.993000000E+0	9.999551758E+3	4.428910000E+2
-8.700090000E-5	-3.792360000E-6	6.981800000E+0	9.999551758E+3	4.455300000E+2
-8.720210000E-5	-3.784910000E-6	6.970100000E+0	9.999551758E+3	4.474020000E+2
-8.741810000E-5	-3.680600000E-6	6.959200000E+0	9.999551758E+3	4.496790000E+2
-8.752990000E-5	-3.501790000E-6	6.948600000E+0	9.999551758E+3	4.520480000E+2
-8.790240000E-5	-3.613550000E-6	6.938500000E+0	9.999551758E+3	4.540640000E+2
-8.798440000E-5	-3.613550000E-6	6.927200000E+0	9.999551758E+3	4.555220000E+2
-8.839420000E-5	-3.427280000E-6	6.915400000E+0	9.999551758E+3	4.589840000E+2
-8.853570000E-5	-3.233570000E-6	6.903700000E+0	9.999551758E+3	4.606470000E+2
-8.878160000E-5	-3.308070000E-6	6.893100000E+0	9.999551758E+3	4.631840000E+2
-8.899770000E-5	-3.270820000E-6	6.879800000E+0	9.999551758E+3	4.659560000E+2
-8.908710000E-5	-3.144160000E-6	6.867500000E+0	9.999551758E+3	4.677960000E+2
-8.925100000E-5	-3.039850000E-6	6.856900000E+0	9.999551758E+3	4.698000000E+2
-8.955640000E-5	-3.077100000E-6	6.845600000E+0	9.999551758E+3	4.723690000E+2
-8.963100000E-5	-3.010050000E-6	6.835000000E+0	9.999551758E+3	4.744720000E+2
-8.987680000E-5	-3.062200000E-6	6.823700000E+0	9.999551758E+3	4.770290000E+2
-9.006310000E-5	-3.039850000E-6	6.812300000E+0	9.999551758E+3	4.792050000E+2
-9.016740000E-5	-2.913190000E-6	6.799800000E+0	9.999551758E+3	4.812690000E+2
-9.029410000E-5	-2.898290000E-6	6.789800000E+0	9.999551758E+3	4.832870000E+2
-9.042820000E-5	-2.861040000E-6	6.778800000E+0	9.999551758E+3	4.859420000E+2
-9.059210000E-5	-2.786530000E-6	6.768600000E+0	9.999551758E+3	4.883480000E+2
-9.074850000E-5	-2.749280000E-6	6.755800000E+0	9.999551758E+3	4.904730000E+2
-9.089750000E-5	-2.659870000E-6	6.741100000E+0	9.999551758E+3	4.930520000E+2
-9.109870000E-5	-2.615170000E-6	6.729600000E+0	9.999551758E+3	4.955810000E+2
-9.138930000E-5	-2.518310000E-6	6.718600000E+0	9.999551758E+3	4.981290000E+2
-9.146380000E-5	-2.473610000E-6	6.708000000E+0	9.999551758E+3	4.997760000E+2
-9.176930000E-5	-2.473610000E-6	6.696800000E+0	9.999551758E+3	5.017950000E+2
-9.190340000E-5	-2.481060000E-6	6.685900000E+0	9.999551758E+3	5.044720000E+2
-9.197040000E-5	-2.376750000E-6	6.674200000E+0	9.999551758E+3	5.069200000E+2
-9.213430000E-5	-2.324600000E-6	6.662200000E+0	9.999551758E+3	5.091610000E+2
-9.226100000E-5	-2.332050000E-6	6.651800000E+0	9.999551758E+3	5.111740000E+2
-9.237280000E-5	-2.294790000E-6	6.641200000E+0	9.999551758E+3	5.136880000E+2
-9.246960000E-5	-2.212840000E-6	6.629200000E+0	9.999551758E+3	5.154070000E+2
-9.258880000E-5	-2.160680000E-6	6.619000000E+0	9.999551758E+3	5.180010000E+2
-9.276760000E-5	-2.197940000E-6	6.608900000E+0	9.999551758E+3	5.195550000E+2
-9.273040000E-5	-2.153230000E-6	6.598800000E+0	9.999551758E+3	5.218170000E+2
-9.293160000E-5	-2.160680000E-6	6.588700000E+0	9.999551758E+3	5.237790000E+2
-9.299860000E-5	-2.130880000E-6	6.577500000E+0	9.999551758E+3	5.263790000E+2
-9.311040000E-5	-2.063830000E-6	6.565900000E+0	9.999551758E+3	5.281280000E+2
-9.322210000E-5	-2.048920000E-6	6.554700000E+0	9.999551758E+3	5.301960000E+2
-9.325190000E-5	-2.019120000E-6	6.542900000E+0	9.999551758E+3	5.331710000E+2
-9.329660000E-5	-2.019120000E-6	6.532500000E+0	9.999551758E+3	5.353520000E+2
-9.334880000E-5	-1.907360000E-6	6.520100000E+0	9.999551758E+3	5.375130000E+2
-9.341580000E-5	-1.840300000E-6	6.509100000E+0	9.999551758E+3	5.391190000E+2
-9.361700000E-5	-1.862650000E-6	6.497600000E+0	9.999551758E+3	5.422100000E+2
-9.365430000E-5	-1.840300000E-6	6.486500000E+0	9.999551758E+3	5.445050000E+2
-9.376600000E-5	-1.907360000E-6	6.476100000E+0	9.999551758E+3	5.464300000E+2
-9.385540000E-5	-1.795600000E-6	6.463400000E+0	9.999551758E+3	5.487340000E+2
-9.399700000E-5	-1.847750000E-6	6.453000000E+0	9.999551758E+3	5.509900000E+2
-9.407890000E-5	-1.810500000E-6	6.442800000E+0	9.999551758E+3	5.530600000E+2
-9.418330000E-5	-1.750890000E-6	6.429700000E+0	9.999551758E+3	5.559130000E+2
-9.414600000E-5	-1.676390000E-6	6.419300000E+0	9.999551758E+3	5.576440000E+2
-9.439930000E-5	-1.810500000E-6	6.408900000E+0	9.999551758E+3	5.597990000E+2
-9.434720000E-5	-1.713640000E-6	6.397700000E+0	9.999551758E+3	5.622650000E+2
-9.445150000E-5	-1.758340000E-6	6.386300000E+0	9.999551758E+3	5.641000000E+2
-9.451850000E-5	-1.750890000E-6	6.376300000E+0	9.999551758E+3	5.660430000E+2
-9.461540000E-5	-1.676390000E-6	6.363600000E+0	9.999551758E+3	5.685840000E+2
-9.463030000E-5	-1.646590000E-6	6.352300000E+0	9.999551758E+3	5.711670000E+2
-9.477190000E-5	-1.668940000E-6	6.341200000E+0	9.999551758E+3	5.737110000E+2
-9.475690000E-5	-1.676390000E-6	6.330900000E+0	9.999551758E+3	5.750390000E+2
-9.477190000E-5	-1.586980000E-6	6.320000000E+0	9.999551758E+3	5.775280000E+2
-9.491340000E-5	-1.624230000E-6	6.308800000E+0	9.999551758E+3	5.799120000E+2
-9.493580000E-5	-1.497570000E-6	6.297900000E+0	9.999551758E+3	5.822510000E+2
-9.501030000E-5	-1.601880000E-6	6.286000000E+0	9.999551758E+3	5.838160000E+2
-9.510710000E-5	-1.624230000E-6	6.275700000E+0	9.999551758E+3	5.864610000E+2
-9.516670000E-5	-1.557180000E-6	6.264700000E+0	9.999551758E+3	5.889240000E+2
-9.510710000E-5	-1.646590000E-6	6.254400000E+0	9.999551758E+3	5.901810000E+2
-9.529340000E-5	-1.624230000E-6	6.243500000E+0	9.999551758E+3	5.931170000E+2
-9.535300000E-5	-1.527380000E-6	6.231300000E+0	9.999551758E+3	5.949070000E+2
-9.539020000E-5	-1.460320000E-6	6.218800000E+0	9.999551758E+3	5.979120000E+2
-9.550200000E-5	-1.505020000E-6	6.208600000E+0	9.999551758E+3	5.999750000E+2
-9.556160000E-5	-1.527380000E-6	6.196000000E+0	9.999551758E+3	6.024750000E+2
-9.557650000E-5	-1.527380000E-6	6.184900000E+0	9.999551758E+3	6.042850000E+2
-9.559140000E-5	-1.616780000E-6	6.174800000E+0	9.999551758E+3	6.067530000E+2
-9.570320000E-5	-1.586980000E-6	6.163800000E+0	9.999551758E+3	6.087090000E+2
-9.570320000E-5	-1.512480000E-6	6.151900000E+0	9.999551758E+3	6.109770000E+2
-9.565100000E-5	-1.415620000E-6	6.141000000E+0	9.999551758E+3	6.129920000E+2
-9.570320000E-5	-1.423070000E-6	6.128300000E+0	9.999551758E+3	6.160870000E+2
-9.569570000E-5	-1.475220000E-6	6.118100000E+0	9.999551758E+3	6.180670000E+2
-9.571060000E-5	-1.408170000E-6	6.107300000E+0	9.999551758E+3	6.202470000E+2
-9.577020000E-5	-1.423070000E-6	6.096900000E+0	9.999551758E+3	6.219570000E+2
-9.592670000E-5	-1.452870000E-6	6.085100000E+0	9.999551758E+3	6.240390000E+2
-9.582240000E-5	-1.370910000E-6	6.072700000E+0	9.999551758E+3	6.276390000E+2
-9.582980000E-5	-1.311310000E-6	6.060500000E+0	9.999551758E+3	6.291420000E+2
-9.591920000E-5	-1.288960000E-6	6.049800000E+0	9.999551758E+3	6.318200000E+2
-9.591920000E-5	-1.370910000E-6	6.038800000E+0	9.999551758E+3	6.338500000E+2
-9.599370000E-5	-1.221900000E-6	6.026200000E+0	9.999551758E+3	6.367140000E+2
-9.603100000E-5	-1.311310000E-6	6.013700000E+0	9.999551758E+3	6.388950000E+2
-9.598630000E-5	-1.251700000E-6	6.001900000E+0	9.999551758E+3	6.406370000E+2
-9.607570000E-5	-1.080340000E-6	5.991700000E+0	9.999551758E+3	6.433800000E+2
-9.606080000E-5	-1.199550000E-6	5.979500000E+0	9.999551758E+3	6.456950000E+2
-9.606080000E-5	-1.117590000E-6	5.967500000E+0	9.999551758E+3	6.482110000E+2
-9.612040000E-5	-1.132500000E-6	5.956700000E+0	9.999551758E+3	6.503770000E+2
-9.620240000E-5	-1.199550000E-6	5.945500000E+0	9.999551758E+3	6.524240000E+2
-9.622470000E-5	-1.169750000E-6	5.934100000E+0	9.999551758E+3	6.552430000E+2
-9.611300000E-5	-1.028190000E-6	5.921700000E+0	9.999551758E+3	6.571570000E+2
-9.615770000E-5	-1.035640000E-6	5.911000000E+0	9.999551758E+3	6.591350000E+2
-9.620240000E-5	-1.013290000E-6	5.900300000E+0	9.999551758E+3	6.612330000E+2
-9.638120000E-5	-1.110140000E-6	5.889500000E+0	9.999551758E+3	6.637980000E+2
-9.632900000E-5	-9.834840000E-7	5.876600000E+0	9.999551758E+3	6.663060000E+2
-9.638860000E-5	-1.005840000E-6	5.866000000E+0	9.999551758E+3	6.686920000E+2
-9.639610000E-5	-1.065440000E-6	5.854400000E+0	9.999551758E+3	6.705520000E+2
-9.648550000E-5	-9.983850000E-7	5.842400000E+0	9.999551758E+3	6.732430000E+2
-9.644080000E-5	-1.005840000E-6	5.832000000E+0	9.999551758E+3	6.748260000E+2
-9.642590000E-5	-9.685830000E-7	5.820500000E+0	9.999551758E+3	6.777580000E+2
-9.649290000E-5	-9.685830000E-7	5.810100000E+0	9.999551758E+3	6.798920000E+2
-9.644080000E-5	-9.387770000E-7	5.798200000E+0	9.999551758E+3	6.816940000E+2
-9.661210000E-5	-9.536820000E-7	5.785000000E+0	9.999551758E+3	6.846260000E+2
-9.653760000E-5	-1.020740000E-6	5.774800000E+0	9.999551758E+3	6.862850000E+2
-9.670160000E-5	-9.983850000E-7	5.762700000E+0	9.999551758E+3	6.888310000E+2
-9.679840000E-5	-9.015240000E-7	5.751600000E+0	9.999551758E+3	6.915020000E+2
-9.665680000E-5	-9.164250000E-7	5.739900000E+0	9.999551758E+3	6.935070000E+2
-9.678350000E-5	-9.536820000E-7	5.727300000E+0	9.999551758E+3	6.959210000E+2
-9.682820000E-5	-9.387770000E-7	5.716300000E+0	9.999551758E+3	6.987180000E+2
-9.678350000E-5	-9.164250000E-7	5.704300000E+0	9.999551758E+3	7.008280000E+2
-9.691020000E-5	-9.760330000E-7	5.692400000E+0	9.999551758E+3	7.026300000E+2
-9.690270000E-5	-8.642710000E-7	5.680300000E+0	9.999551758E+3	7.054800000E+2
-9.684310000E-5	-9.462270000E-7	5.668800000E+0	9.999551758E+3	7.078860000E+2
-9.675370000E-5	-9.536820000E-7	5.656100000E+0	9.999551758E+3	7.103140000E+2
-9.676120000E-5	-8.866230000E-7	5.644200000E+0	9.999551758E+3	7.129960000E+2
-9.691020000E-5	-8.791720000E-7	5.631800000E+0	9.999551758E+3	7.151940000E+2
-9.685800000E-5	-9.387770000E-7	5.618900000E+0	9.999551758E+3	7.176090000E+2
-9.691020000E-5	-9.536820000E-7	5.608500000E+0	9.999551758E+3	7.195150000E+2
-9.702940000E-5	-1.028190000E-6	5.596900000E+0	9.999551758E+3	7.224840000E+2
-9.694000000E-5	-9.536820000E-7	5.586600000E+0	9.999551758E+3	7.242960000E+2
-9.691020000E-5	-9.089740000E-7	5.574600000E+0	9.999551758E+3	7.263090000E+2
-9.684310000E-5	-8.940730000E-7	5.562400000E+0	9.999551758E+3	7.292270000E+2
-9.671650000E-5	-8.642710000E-7	5.552100000E+0	9.999551758E+3	7.311600000E+2
-9.669410000E-5	-9.164250000E-7	5.539800000E+0	9.999551758E+3	7.335140000E+2
-9.673880000E-5	-9.238760000E-7	5.529700000E+0	9.999551758E+3	7.359000000E+2
-9.678350000E-5	-9.015240000E-7	5.517500000E+0	9.999551758E+3	7.378720000E+2
-9.675370000E-5	-8.791720000E-7	5.504000000E+0	9.999551758E+3	7.409510000E+2
-9.680590000E-5	-9.387770000E-7	5.493900000E+0	9.999551758E+3	7.430820000E+2
-9.678350000E-5	-9.536820000E-7	5.481300000E+0	9.999551758E+3	7.450740000E+2
-9.678350000E-5	-8.493700000E-7	5.470100000E+0	9.999551758E+3	7.469800000E+2
-9.679100000E-5	-9.909340000E-7	5.459800000E+0	9.999551758E+3	7.497310000E+2
-9.696980000E-5	-9.313260000E-7	5.449600000E+0	9.999551758E+3	7.516440000E+2
-9.692510000E-5	-9.313260000E-7	5.438500000E+0	9.999551758E+3	7.536160000E+2
-9.709640000E-5	-8.791720000E-7	5.428000000E+0	9.999551758E+3	7.560090000E+2
-9.711880000E-5	-9.462270000E-7	5.416600000E+0	9.999551758E+3	7.580670000E+2
-9.717840000E-5	-8.866230000E-7	5.405900000E+0	9.999551758E+3	7.604270000E+2
-9.723050000E-5	-9.313260000E-7	5.394600000E+0	9.999551758E+3	7.628230000E+2
-9.734230000E-5	-9.536820000E-7	5.380900000E+0	9.999551758E+3	7.652360000E+2
-9.717840000E-5	-8.791720000E-7	5.369300000E+0	9.999551758E+3	7.676160000E+2
-9.726780000E-5	-9.834840000E-7	5.358700000E+0	9.999551758E+3	7.696640000E+2
-9.724540000E-5	-8.940730000E-7	5.348200000E+0	9.999551758E+3	7.719020000E+2
-9.725290000E-5	-8.866230000E-7	5.335900000E+0	9.999551758E+3	7.744080000E+2
-9.731250000E-5	-9.313260000E-7	5.324900000E+0	9.999551758E+3	7.762840000E+2
-9.722310000E-5	-8.866230000E-7	5.312800000E+0	9.999551758E+3	7.790840000E+2
-9.727520000E-5	-8.493700000E-7	5.301700000E+0	9.999551758E+3	7.810730000E+2
-9.726030000E-5	-8.940730000E-7	5.291200000E+0	9.999551758E+3	7.829610000E+2
-9.723800000E-5	-1.020740000E-6	5.280400000E+0	9.999551758E+3	7.854680000E+2
-9.722310000E-5	-8.270180000E-7	5.269400000E+0	9.999551758E+3	7.876040000E+2
-9.733490000E-5	-9.089740000E-7	5.257300000E+0	9.999551758E+3	7.902700000E+2
-9.730500000E-5	-9.313260000E-7	5.246200000E+0	9.999551758E+3	7.923870000E+2
-9.740940000E-5	-9.164250000E-7	5.235200000E+0	9.999551758E+3	7.942070000E+2
-9.737960000E-5	-9.089740000E-7	5.224900000E+0	9.999551758E+3	7.965650000E+2
-9.734230000E-5	-9.387770000E-7	5.213400000E+0	9.999551758E+3	7.990100000E+2
-9.733490000E-5	-9.462270000E-7	5.203200000E+0	9.999551758E+3	8.008010000E+2
-9.723800000E-5	-1.013290000E-6	5.191200000E+0	9.999551758E+3	8.036040000E+2
-9.715600000E-5	-1.005840000E-6	5.179800000E+0	9.999551758E+3	8.056000000E+2
-9.714110000E-5	-9.536820000E-7	5.165900000E+0	9.999551758E+3	8.081370000E+2
-9.716350000E-5	-8.270180000E-7	5.155700000E+0	9.999551758E+3	8.109270000E+2
-9.705170000E-5	-9.238760000E-7	5.144600000E+0	9.999551758E+3	8.124300000E+2
-9.710390000E-5	-8.866230000E-7	5.133700000E+0	9.999551758E+3	8.148140000E+2
-9.715600000E-5	-9.089740000E-7	5.122900000E+0	9.999551758E+3	8.168000000E+2
-9.709640000E-5	-8.568200000E-7	5.110100000E+0	9.999551758E+3	8.193300000E+2
-9.719330000E-5	-8.493700000E-7	5.099100000E+0	9.999551758E+3	8.216110000E+2
-9.718580000E-5	-8.940730000E-7	5.088100000E+0	9.999551758E+3	8.241200000E+2
-9.708150000E-5	-7.897650000E-7	5.076800000E+0	9.999551758E+3	8.262800000E+2
-9.707410000E-5	-8.493700000E-7	5.065400000E+0	9.999551758E+3	8.282700000E+2
-9.709640000E-5	-7.450620000E-7	5.053900000E+0	9.999551758E+3	8.309600000E+2
-9.709640000E-5	-8.046660000E-7	5.041800000E+0	9.999551758E+3	8.336400000E+2
-9.712620000E-5	-8.270180000E-7	5.028900000E+0	9.999551758E+3	8.356600000E+2
-9.711880000E-5	-8.270180000E-7	5.015700000E+0	9.999551758E+3	8.384790000E+2
-9.714110000E-5	-8.866230000E-7	5.005500000E+0	9.999551758E+3	8.404610000E+2
-9.712620000E-5	-8.419190000E-7	4.995400000E+0	9.999551758E+3	8.425300000E+2
-9.732740000E-5	-7.897650000E-7	4.985300000E+0	9.999551758E+3	8.447270000E+2
-9.716350000E-5	-7.674130000E-7	4.972500000E+0	9.999551758E+3	8.472100000E+2
-9.719330000E-5	-8.121170000E-7	4.961100000E+0	9.999551758E+3	8.490920000E+2
-9.714860000E-5	-8.344690000E-7	4.947600000E+0	9.999551758E+3	8.520580000E+2
-9.714860000E-5	-8.717220000E-7	4.936100000E+0	9.999551758E+3	8.541830000E+2
-9.729760000E-5	-8.568200000E-7	4.922900000E+0	9.999551758E+3	8.572390000E+2
-9.729760000E-5	-7.450620000E-7	4.911400000E+0	9.999551758E+3	8.592130000E+2
-9.729010000E-5	-8.642710000E-7	4.900700000E+0	9.999551758E+3	8.613440000E+2
-9.735720000E-5	-9.238760000E-7	4.888600000E+0	9.999551758E+3	8.640120000E+2
-9.746900000E-5	-9.089740000E-7	4.877400000E+0	9.999551758E+3	8.661850000E+2
-9.746150000E-5	-9.387770000E-7	4.866900000E+0	9.999551758E+3	8.679870000E+2
-9.755090000E-5	-9.387770000E-7	4.856700000E+0	9.999551758E+3	8.704780000E+2
-9.754350000E-5	-9.015240000E-7	4.844400000E+0	9.999551758E+3	8.723470000E+2
-9.750620000E-5	-8.717220000E-7	4.832500000E+0	9.999551758E+3	8.750850000E+2
-9.746900000E-5	-8.791720000E-7	4.820300000E+0	9.999551758E+3	8.776500000E+2
-9.747640000E-5	-9.909340000E-7	4.807800000E+0	9.999551758E+3	8.794920000E+2
-9.740940000E-5	-9.983850000E-7	4.796300000E+0	9.999551758E+3	8.824300000E+2
-9.752110000E-5	-9.536820000E-7	4.785800000E+0	9.999551758E+3	8.845740000E+2
-9.732740000E-5	-8.419190000E-7	4.774700000E+0	9.999551758E+3	8.863240000E+2
-9.732740000E-5	-8.717220000E-7	4.763700000E+0	9.999551758E+3	8.893460000E+2
-9.725290000E-5	-8.642710000E-7	4.752800000E+0	9.999551758E+3	8.911260000E+2
-9.732740000E-5	-8.270180000E-7	4.740900000E+0	9.999551758E+3	8.931660000E+2
-9.728270000E-5	-8.493700000E-7	4.728800000E+0	9.999551758E+3	8.960290000E+2
-9.733490000E-5	-8.717220000E-7	4.717500000E+0	9.999551758E+3	8.979350000E+2
-9.723800000E-5	-7.599630000E-7	4.707400000E+0	9.999551758E+3	9.003270000E+2
-9.728270000E-5	-7.972160000E-7	4.692200000E+0	9.999551758E+3	9.029480000E+2
-9.722310000E-5	-8.493700000E-7	4.679800000E+0	9.999551758E+3	9.056780000E+2
-9.733490000E-5	-7.972160000E-7	4.667800000E+0	9.999551758E+3	9.080090000E+2
-9.731250000E-5	-7.972160000E-7	4.654600000E+0	9.999551758E+3	9.106790000E+2
-9.726780000E-5	-8.642710000E-7	4.642800000E+0	9.999551758E+3	9.132030000E+2
-9.736470000E-5	-8.046660000E-7	4.632000000E+0	9.999551758E+3	9.152670000E+2
-9.729010000E-5	-7.748640000E-7	4.617700000E+0	9.999551758E+3	9.178730000E+2
-9.742430000E-5	-7.674130000E-7	4.606800000E+0	9.999551758E+3	9.200980000E+2
-9.740190000E-5	-8.270180000E-7	4.596700000E+0	9.999551758E+3	9.220280000E+2
-9.758070000E-5	-9.089740000E-7	4.585600000E+0	9.999551758E+3	9.251180000E+2
-9.754350000E-5	-8.791720000E-7	4.574300000E+0	9.999551758E+3	9.268580000E+2
-9.755840000E-5	-9.164250000E-7	4.562800000E+0	9.999551758E+3	9.292720000E+2
-9.764780000E-5	-9.834840000E-7	4.551800000E+0	9.999551758E+3	9.306690000E+2
-9.761800000E-5	-9.760330000E-7	4.540200000E+0	9.999551758E+3	9.336950000E+2
-9.765520000E-5	-9.909340000E-7	4.528300000E+0	9.999551758E+3	9.360020000E+2
-9.756580000E-5	-9.238760000E-7	4.516900000E+0	9.999551758E+3	9.378970000E+2
-9.757330000E-5	-8.717220000E-7	4.505600000E+0	9.999551758E+3	9.405020000E+2
-9.756580000E-5	-8.270180000E-7	4.494200000E+0	9.999551758E+3	9.428590000E+2
-9.754350000E-5	-8.940730000E-7	4.482600000E+0	9.999551758E+3	9.452130000E+2
-9.746150000E-5	-8.940730000E-7	4.472200000E+0	9.999551758E+3	9.466690000E+2
-9.754350000E-5	-8.642710000E-7	4.459000000E+0	9.999551758E+3	9.497870000E+2
-9.761800000E-5	-9.164250000E-7	4.448400000E+0	9.999551758E+3	9.520690000E+2
-9.765520000E-5	-9.089740000E-7	4.437700000E+0	9.999551758E+3	9.542370000E+2
-9.766270000E-5	-8.791720000E-7	4.426500000E+0	9.999551758E+3	9.559180000E+2
-9.768500000E-5	-9.089740000E-7	4.414100000E+0	9.999551758E+3	9.588140000E+2
-9.778190000E-5	-8.344690000E-7	4.401400000E+0	9.999551758E+3	9.614260000E+2
-9.775950000E-5	-8.046660000E-7	4.389100000E+0	9.999551758E+3	9.636680000E+2
-9.768500000E-5	-7.823150000E-7	4.378400000E+0	9.999551758E+3	9.661060000E+2
-9.766270000E-5	-8.717220000E-7	4.365400000E+0	9.999551758E+3	9.686060000E+2
-9.760310000E-5	-8.046660000E-7	4.353500000E+0	9.999551758E+3	9.704470000E+2
-9.760310000E-5	-9.164250000E-7	4.342000000E+0	9.999551758E+3	9.738610000E+2
-9.754350000E-5	-8.940730000E-7	4.331700000E+0	9.999551758E+3	9.755310000E+2
-9.763290000E-5	-7.748640000E-7	4.320100000E+0	9.999551758E+3	9.772810000E+2
-9.764780000E-5	-7.972160000E-7	4.309500000E+0	9.999551758E+3	9.796270000E+2
-9.759560000E-5	-8.121170000E-7	4.298200000E+0	9.999551758E+3	9.820890000E+2
-9.757330000E-5	-8.195680000E-7	4.286500000E+0	9.999551758E+3	9.840550000E+2
-9.768500000E-5	-8.568200000E-7	4.276100000E+0	9.999551758E+3	9.860460000E+2
-9.778190000E-5	-8.493700000E-7	4.265600000E+0	9.999551758E+3	9.891210000E+2
-9.767760000E-5	-9.164250000E-7	4.254000000E+0	9.999551758E+3	9.908410000E+2
-9.776700000E-5	-8.940730000E-7	4.240900000E+0	9.999551758E+3	9.932710000E+2
-9.775950000E-5	-7.674130000E-7	4.230100000E+0	9.999551758E+3	9.959080000E+2
-9.767760000E-5	-6.333030000E-7	4.219700000E+0	9.999551758E+3	9.976730000E+2
-9.766270000E-5	-6.407540000E-7	4.206600000E+0	9.999551758E+3	9.997960000E+2
-9.764780000E-5	-6.705560000E-7	4.195000000E+0	9.999551758E+3	1.002468000E+3
-9.750620000E-5	-7.301610000E-7	4.184300000E+0	9.999551758E+3	1.004844000E+3
-9.758070000E-5	-6.556550000E-7	4.172100000E+0	9.999551758E+3	1.007429000E+3
-9.761800000E-5	-5.960500000E-7	4.161700000E+0	9.999551758E+3	1.008761000E+3
-9.761800000E-5	-8.195680000E-7	4.149800000E+0	9.999551758E+3	1.011638000E+3
-9.760310000E-5	-7.376110000E-7	4.137500000E+0	9.999551758E+3	1.013786000E+3
-9.760310000E-5	-7.525120000E-7	4.125700000E+0	9.999551758E+3	1.016485000E+3
-9.761050000E-5	-8.568200000E-7	4.115600000E+0	9.999551758E+3	1.018063000E+3
-9.757330000E-5	-8.940730000E-7	4.104700000E+0	9.999551758E+3	1.021000000E+3
-9.768500000E-5	-7.972160000E-7	4.092300000E+0	9.999551758E+3	1.022894000E+3
-9.776700000E-5	-8.642710000E-7	4.081600000E+0	9.999551758E+3	1.024857000E+3
-9.767010000E-5	-7.525120000E-7	4.070500000E+0	9.999551758E+3	1.027802000E+3
-9.753600000E-5	-8.046660000E-7	4.060100000E+0	9.999551758E+3	1.029643000E+3
-9.762540000E-5	-8.642710000E-7	4.049400000E+0	9.999551758E+3	1.031716000E+3
-9.771480000E-5	-8.270180000E-7	4.039100000E+0	9.999551758E+3	1.034259000E+3
-9.771480000E-5	-8.791720000E-7	4.027400000E+0	9.999551758E+3	1.035512000E+3
-9.768500000E-5	-8.121170000E-7	4.014600000E+0	9.999551758E+3	1.038898000E+3
-9.767760000E-5	-8.493700000E-7	4.003400000E+0	9.999551758E+3	1.040322000E+3
-9.769250000E-5	-8.568200000E-7	3.990800000E+0	9.999551758E+3	1.043282000E+3
-9.761800000E-5	-8.568200000E-7	3.980000000E+0	9.999551758E+3	1.045701000E+3
-9.768500000E-5	-8.270180000E-7	3.968000000E+0	9.999551758E+3	1.047843000E+3
-9.771480000E-5	-7.674130000E-7	3.956600000E+0	9.999551758E+3	1.050191000E+3
-9.771480000E-5	-6.929080000E-7	3.946200000E+0	9.999551758E+3	1.052139000E+3
-1.013430000E-4	1.244250000E-6	3.933500000E+0	9.999551758E+3	1.055016000E+3
-9.920490000E-5	1.043090000E-7	3.923400000E+0	9.999551758E+3	1.056988000E+3
-9.772230000E-5	-7.301610000E-7	3.912600000E+0	9.999551758E+3	1.058870000E+3
-9.766270000E-5	-7.078090000E-7	3.898300000E+0	9.999551758E+3	1.062027000E+3
-9.773720000E-5	-7.078090000E-7	3.887400000E+0	9.999551758E+3	1.063742000E+3
-9.761050000E-5	-6.556550000E-7	3.874300000E+0	9.999551758E+3	1.066606000E+3
-9.767010000E-5	-6.705560000E-7	3.863000000E+0	9.999551758E+3	1.068627000E+3
-9.775210000E-5	-7.748640000E-7	3.851300000E+0	9.999551758E+3	1.071480000E+3
-9.763290000E-5	-7.674130000E-7	3.839400000E+0	9.999551758E+3	1.073443000E+3
-9.780420000E-5	-8.270180000E-7	3.826000000E+0	9.999551758E+3	1.075800000E+3
-9.776700000E-5	-7.897650000E-7	3.815400000E+0	9.999551758E+3	1.078889000E+3
-9.772230000E-5	-7.599630000E-7	3.803300000E+0	9.999551758E+3	1.080607000E+3
-9.778190000E-5	-8.270180000E-7	3.792700000E+0	9.999551758E+3	1.083189000E+3
-9.778190000E-5	-8.344690000E-7	3.782300000E+0	9.999551758E+3	1.085654000E+3
-9.772230000E-5	-8.866230000E-7	3.770000000E+0	9.999551758E+3	1.087090000E+3
-9.770740000E-5	-8.493700000E-7	3.758300000E+0	9.999551758E+3	1.090002000E+3
-9.784150000E-5	-8.419190000E-7	3.747900000E+0	9.999551758E+3	1.092071000E+3
-9.781910000E-5	-8.568200000E-7	3.736600000E+0	9.999551758E+3	1.094244000E+3
-9.779680000E-5	-8.642710000E-7	3.725400000E+0	9.999551758E+3	1.096258000E+3
-9.787130000E-5	-8.493700000E-7	3.714000000E+0	9.999551758E+3	1.099235000E+3
-9.783400000E-5	-8.717220000E-7	3.702200000E+0	9.999551758E+3	1.101091000E+3
-9.775950000E-5	-7.748640000E-7	3.691400000E+0	9.999551758E+3	1.103533000E+3
-9.776700000E-5	-7.972160000E-7	3.679000000E+0	9.999551758E+3	1.105591000E+3
-9.761050000E-5	-7.525120000E-7	3.667400000E+0	9.999551758E+3	1.107795000E+3
-9.748390000E-5	-7.227100000E-7	3.655300000E+0	9.999551758E+3	1.110734000E+3
-9.750620000E-5	-6.854570000E-7	3.645100000E+0	9.999551758E+3	1.112352000E+3
-9.751370000E-5	-6.780060000E-7	3.632500000E+0	9.999551758E+3	1.115181000E+3
-9.752110000E-5	-7.152590000E-7	3.620400000E+0	9.999551758E+3	1.117527000E+3
-9.757330000E-5	-7.525120000E-7	3.609600000E+0	9.999551758E+3	1.119188000E+3
-9.746900000E-5	-6.407540000E-7	3.597400000E+0	9.999551758E+3	1.122332000E+3
-9.755090000E-5	-6.705560000E-7	3.586300000E+0	9.999551758E+3	1.124493000E+3
-9.750620000E-5	-7.003580000E-7	3.570500000E+0	9.999551758E+3	1.127674000E+3
-9.758070000E-5	-6.258520000E-7	3.558200000E+0	9.999551758E+3	1.130207000E+3
-9.757330000E-5	-7.003580000E-7	3.546300000E+0	9.999551758E+3	1.133418000E+3
-9.760310000E-5	-6.407540000E-7	3.531800000E+0	9.999551758E+3	1.135576000E+3
-9.760310000E-5	-6.035010000E-7	3.521800000E+0	9.999551758E+3	1.138759000E+3
-9.752860000E-5	-6.780060000E-7	3.506600000E+0	9.999551758E+3	1.140967000E+3
-9.761800000E-5	-6.705560000E-7	3.492000000E+0	9.999551758E+3	1.144645000E+3
-9.761050000E-5	-7.003580000E-7	3.480300000E+0	9.999551758E+3	1.146759000E+3
-9.765520000E-5	-6.407540000E-7	3.470300000E+0	9.999551758E+3	1.149807000E+3
-9.774460000E-5	-7.227100000E-7	3.453700000E+0	9.999551758E+3	1.151958000E+3
-9.769990000E-5	-5.736980000E-7	3.437400000E+0	9.999551758E+3	1.156201000E+3
-9.771480000E-5	-5.587970000E-7	3.427300000E+0	9.999551758E+3	1.157283000E+3
-9.767010000E-5	-6.556550000E-7	3.410100000E+0	9.999551758E+3	1.161952000E+3
-9.765520000E-5	-7.152590000E-7	3.397000000E+0	9.999551758E+3	1.164123000E+3
-9.770740000E-5	-6.705560000E-7	3.386400000E+0	9.999551758E+3	1.167277000E+3
-9.772970000E-5	-7.301610000E-7	3.376000000E+0	9.999551758E+3	1.169449000E+3
-9.764030000E-5	-6.556550000E-7	3.362300000E+0	9.999551758E+3	1.171596000E+3
-9.760310000E-5	-5.662480000E-7	3.351400000E+0	9.999551758E+3	1.174728000E+3
-9.742430000E-5	-5.587970000E-7	3.336900000E+0	9.999551758E+3	1.176880000E+3
-9.735720000E-5	-5.140940000E-7	3.322500000E+0	9.999551758E+3	1.180603000E+3
-9.731990000E-5	-5.811490000E-7	3.308100000E+0	9.999551758E+3	1.182794000E+3
-9.732740000E-5	-6.109510000E-7	3.296000000E+0	9.999551758E+3	1.185959000E+3
-9.731990000E-5	-5.587970000E-7	3.282900000E+0	9.999551758E+3	1.188088000E+3
-9.725290000E-5	-5.587970000E-7	3.272200000E+0	9.999551758E+3	1.190648000E+3
-9.731250000E-5	-5.736980000E-7	3.261400000E+0	9.999551758E+3	1.192798000E+3
-9.729010000E-5	-5.140940000E-7	3.250600000E+0	9.999551758E+3	1.195400000E+3
-9.741680000E-5	-5.364450000E-7	3.237400000E+0	9.999551758E+3	1.197509000E+3
-9.734980000E-5	-5.587970000E-7	3.224400000E+0	9.999551758E+3	1.201244000E+3
-9.747640000E-5	-6.035010000E-7	3.209500000E+0	9.999551758E+3	1.203310000E+3
-9.750620000E-5	-6.333030000E-7	3.195400000E+0	9.999551758E+3	1.207049000E+3
-9.753600000E-5	-5.736980000E-7	3.182500000E+0	9.999551758E+3	1.209126000E+3
-9.764780000E-5	-7.078090000E-7	3.168400000E+0	9.999551758E+3	1.212727000E+3
-9.749880000E-5	-6.929080000E-7	3.156500000E+0	9.999551758E+3	1.214884000E+3
-9.750620000E-5	-6.035010000E-7	3.144900000E+0	9.999551758E+3	1.217578000E+3
-9.760310000E-5	-5.960500000E-7	3.133800000E+0	9.999551758E+3	1.219662000E+3
-9.756580000E-5	-5.960500000E-7	3.123200000E+0	9.999551758E+3	1.222216000E+3
-9.743920000E-5	-5.811490000E-7	3.112500000E+0	9.999551758E+3	1.224326000E+3
-9.746150000E-5	-6.035010000E-7	3.101900000E+0	9.999551758E+3	1.226470000E+3
-9.747640000E-5	-5.960500000E-7	3.087200000E+0	9.999551758E+3	1.229669000E+3
-9.743170000E-5	-6.109510000E-7	3.076600000E+0	9.999551758E+3	1.231870000E+3
-9.751370000E-5	-5.960500000E-7	3.066500000E+0	9.999551758E+3	1.234350000E+3
-9.750620000E-5	-5.886000000E-7	3.053600000E+0	9.999551758E+3	1.236451000E+3
-9.760310000E-5	-6.258520000E-7	3.037300000E+0	9.999551758E+3	1.240725000E+3
-9.755840000E-5	-5.736980000E-7	3.023100000E+0	9.999551758E+3	1.242893000E+3
-9.757330000E-5	-4.768410000E-7	3.005400000E+0	9.999551758E+3	1.246580000E+3
-9.760310000E-5	-5.811490000E-7	2.993400000E+0	9.999551758E+3	1.249867000E+3
-9.764030000E-5	-5.513470000E-7	2.981700000E+0	9.999551758E+3	1.251968000E+3
-9.754350000E-5	-6.184020000E-7	2.967400000E+0	9.999551758E+3	1.255188000E+3
-9.758070000E-5	-5.662480000E-7	2.956700000E+0	9.999551758E+3	1.257242000E+3
-9.743170000E-5	-6.258520000E-7	2.942800000E+0	9.999551758E+3	1.260462000E+3
-9.757330000E-5	-5.886000000E-7	2.930100000E+0	9.999551758E+3	1.262618000E+3
-9.747640000E-5	-5.736980000E-7	2.915900000E+0	9.999551758E+3	1.265814000E+3
-9.749880000E-5	-6.258520000E-7	2.905300000E+0	9.999551758E+3	1.267951000E+3
-9.761800000E-5	-5.513470000E-7	2.889400000E+0	9.999551758E+3	1.271609000E+3
-9.754350000E-5	-5.364450000E-7	2.879300000E+0	9.999551758E+3	1.273682000E+3
-9.742430000E-5	-5.736980000E-7	2.867900000E+0	9.999551758E+3	1.276352000E+3
-9.754350000E-5	-5.960500000E-7	2.855200000E+0	9.999551758E+3	1.278476000E+3
-9.754350000E-5	-5.886000000E-7	2.838800000E+0	9.999551758E+3	1.281672000E+3
-9.764780000E-5	-4.842910000E-7	2.822000000E+0	9.999551758E+3	1.285974000E+3
-9.760310000E-5	-5.662480000E-7	2.808000000E+0	9.999551758E+3	1.288084000E+3
-9.746900000E-5	-5.140940000E-7	2.794500000E+0	9.999551758E+3	1.291186000E+3
-9.740190000E-5	-4.693880000E-7	2.783100000E+0	9.999551758E+3	1.294266000E+3
-9.754350000E-5	-4.693880000E-7	2.768800000E+0	9.999551758E+3	1.296406000E+3
-9.756580000E-5	-4.768410000E-7	2.755400000E+0	9.999551758E+3	1.299982000E+3
-9.756580000E-5	-4.693880000E-7	2.742800000E+0	9.999551758E+3	1.302184000E+3
-9.760310000E-5	-5.215440000E-7	2.729900000E+0	9.999551758E+3	1.304771000E+3
-9.763290000E-5	-5.140940000E-7	2.714400000E+0	9.999551758E+3	1.308337000E+3
-9.773720000E-5	-5.289950000E-7	2.703400000E+0	9.999551758E+3	1.310519000E+3
-9.772970000E-5	-6.556550000E-7	2.692500000E+0	9.999551758E+3	1.313681000E+3
-9.768500000E-5	-6.035010000E-7	2.679400000E+0	9.999551758E+3	1.315292000E+3
-9.775950000E-5	-6.333030000E-7	2.666900000E+0	9.999551758E+3	1.318514000E+3
-9.777440000E-5	-6.035010000E-7	2.655500000E+0	9.999551758E+3	1.320619000E+3
-9.772230000E-5	-5.960500000E-7	2.644900000E+0	9.999551758E+3	1.322756000E+3
-9.776700000E-5	-5.736980000E-7	2.630300000E+0	9.999551758E+3	1.325967000E+3
-9.780420000E-5	-6.556550000E-7	2.619400000E+0	9.999551758E+3	1.328844000E+3
-9.779680000E-5	-6.109510000E-7	2.609400000E+0	9.999551758E+3	1.330212000E+3
-9.778190000E-5	-5.587970000E-7	2.598900000E+0	9.999551758E+3	1.332362000E+3
-9.770740000E-5	-4.917420000E-7	2.582400000E+0	9.999551758E+3	1.335564000E+3
-9.761800000E-5	-5.587970000E-7	2.571100000E+0	9.999551758E+3	1.338750000E+3
-9.773720000E-5	-5.662480000E-7	2.557200000E+0	9.999551758E+3	1.340895000E+3
-9.760310000E-5	-4.991930000E-7	2.544500000E+0	9.999551758E+3	1.344162000E+3
-9.749880000E-5	-4.246850000E-7	2.533100000E+0	9.999551758E+3	1.346232000E+3
-9.746900000E-5	-4.917420000E-7	2.523000000E+0	9.999551758E+3	1.348369000E+3
-9.762540000E-5	-5.140940000E-7	2.507300000E+0	9.999551758E+3	1.351427000E+3
-9.772970000E-5	-5.513470000E-7	2.495400000E+0	9.999551758E+3	1.354619000E+3
-9.782660000E-5	-6.407540000E-7	2.482300000E+0	9.999551758E+3	1.356805000E+3
-9.772230000E-5	-5.587970000E-7	2.469100000E+0	9.999551758E+3	1.360015000E+3
-9.776700000E-5	-5.662480000E-7	2.458800000E+0	9.999551758E+3	1.362184000E+3
-9.767010000E-5	-5.066430000E-7	2.447700000E+0	9.999551758E+3	1.364236000E+3
-9.767760000E-5	-5.513470000E-7	2.431200000E+0	9.999551758E+3	1.367426000E+3
-9.769990000E-5	-5.513470000E-7	2.419500000E+0	9.999551758E+3	1.370695000E+3
-9.767760000E-5	-5.140940000E-7	2.406300000E+0	9.999551758E+3	1.372768000E+3
-9.779680000E-5	-5.736980000E-7	2.393700000E+0	9.999551758E+3	1.376027000E+3
-9.766270000E-5	-4.768410000E-7	2.381200000E+0	9.999551758E+3	1.378096000E+3
-9.762540000E-5	-5.513470000E-7	2.368700000E+0	9.999551758E+3	1.381309000E+3
-9.772970000E-5	-6.109510000E-7	2.356200000E+0	9.999551758E+3	1.383421000E+3
-9.793090000E-5	-1.445420000E-6	2.340400000E+0	9.999551758E+3	1.386636000E+3
-9.775210000E-5	-5.662480000E-7	2.328600000E+0	9.999551758E+3	1.389906000E+3
-9.779680000E-5	-5.364450000E-7	2.313400000E+0	9.999551758E+3	1.391998000E+3
-9.776700000E-5	-5.587970000E-7	2.301000000E+0	9.999551758E+3	1.395215000E+3
-9.772970000E-5	-5.662480000E-7	2.289600000E+0	9.999551758E+3	1.397360000E+3
-9.767010000E-5	-6.035010000E-7	2.275100000E+0	9.999551758E+3	1.400578000E+3
-9.789360000E-5	-5.513470000E-7	2.260200000E+0	9.999551758E+3	1.403704000E+3
-9.776700000E-5	-5.289950000E-7	2.247400000E+0	9.999551758E+3	1.406927000E+3
-9.786380000E-5	-5.886000000E-7	2.233900000E+0	9.999551758E+3	1.409065000E+3
-9.788620000E-5	-6.333030000E-7	2.220200000E+0	9.999551758E+3	1.412265000E+3
-9.784890000E-5	-6.482040000E-7	2.210000000E+0	9.999551758E+3	1.414392000E+3
-9.779680000E-5	-5.513470000E-7	2.194700000E+0	9.999551758E+3	1.417639000E+3
-9.785640000E-5	-5.438960000E-7	2.182700000E+0	9.999551758E+3	1.420813000E+3
-9.784890000E-5	-5.587970000E-7	2.166700000E+0	9.999551758E+3	1.422957000E+3
-9.775950000E-5	-5.215440000E-7	2.155300000E+0	9.999551758E+3	1.425994000E+3
-9.779680000E-5	-5.513470000E-7	2.144100000E+0	9.999551758E+3	1.428112000E+3
-9.790850000E-5	-6.854570000E-7	2.127900000E+0	9.999551758E+3	1.431375000E+3
-9.787130000E-5	-5.811490000E-7	2.117200000E+0	9.999551758E+3	1.434524000E+3
-9.773720000E-5	-6.035010000E-7	2.102900000E+0	9.999551758E+3	1.436676000E+3
-9.784150000E-5	-6.705560000E-7	2.090900000E+0	9.999551758E+3	1.439929000E+3
-9.792340000E-5	-6.407540000E-7	2.078400000E+0	9.999551758E+3	1.442052000E+3
-9.785640000E-5	-5.587970000E-7	2.065900000E+0	9.999551758E+3	1.445240000E+3
-9.796070000E-5	-6.333030000E-7	2.053100000E+0	9.999551758E+3	1.447354000E+3
-9.793090000E-5	-6.109510000E-7	2.040800000E+0	9.999551758E+3	1.450539000E+3
-9.785640000E-5	-5.960500000E-7	2.028800000E+0	9.999551758E+3	1.452669000E+3
-9.794580000E-5	-5.736980000E-7	2.013500000E+0	9.999551758E+3	1.455851000E+3
-9.796810000E-5	-5.736980000E-7	2.001700000E+0	9.999551758E+3	1.459106000E+3
-9.818420000E-5	-8.270180000E-7	2.012700000E+0	9.999551758E+3	1.587648000E+3
-9.801290000E-5	-7.003580000E-7	2.023800000E+0	9.999551758E+3	1.590036000E+3
-9.802780000E-5	-7.078090000E-7	2.034700000E+0	9.999551758E+3	1.592040000E+3
-9.802030000E-5	-6.482040000E-7	2.044800000E+0	9.999551758E+3	1.594018000E+3
-9.801290000E-5	-5.736980000E-7	2.056100000E+0	9.999551758E+3	1.596442000E+3
-9.798310000E-5	-6.705560000E-7	2.068200000E+0	9.999551758E+3	1.598825000E+3
-9.802780000E-5	-6.035010000E-7	2.078900000E+0	9.999551758E+3	1.600810000E+3
-9.792340000E-5	-6.407540000E-7	2.090400000E+0	9.999551758E+3	1.603419000E+3
-9.799800000E-5	-6.929080000E-7	2.101300000E+0	9.999551758E+3	1.605561000E+3
-9.785640000E-5	-5.289950000E-7	2.112600000E+0	9.999551758E+3	1.608022000E+3
-9.783400000E-5	-4.991930000E-7	2.123800000E+0	9.999551758E+3	1.609766000E+3
-9.781910000E-5	-4.842910000E-7	2.133900000E+0	9.999551758E+3	1.612202000E+3
-9.772970000E-5	-4.395860000E-7	2.145600000E+0	9.999551758E+3	1.614195000E+3
-9.790850000E-5	-5.215440000E-7	2.156700000E+0	9.999551758E+3	1.616808000E+3
-9.779680000E-5	-5.289950000E-7	2.169000000E+0	9.999551758E+3	1.618827000E+3
-9.775950000E-5	-5.364450000E-7	2.180000000E+0	9.999551758E+3	1.621364000E+3
-9.783400000E-5	-5.662480000E-7	2.191100000E+0	9.999551758E+3	1.623507000E+3
-9.776700000E-5	-4.768410000E-7	2.202400000E+0	9.999551758E+3	1.625917000E+3
-9.790850000E-5	-5.289950000E-7	2.214000000E+0	9.999551758E+3	1.627896000E+3
-9.788620000E-5	-5.811490000E-7	2.224900000E+0	9.999551758E+3	1.630480000E+3
-9.784150000E-5	-5.662480000E-7	2.237700000E+0	9.999551758E+3	1.632546000E+3
-9.792340000E-5	-6.482040000E-7	2.248400000E+0	9.999551758E+3	1.635084000E+3
-9.793090000E-5	-6.407540000E-7	2.258600000E+0	9.999551758E+3	1.636725000E+3
-9.787870000E-5	-5.811490000E-7	2.269500000E+0	9.999551758E+3	1.639282000E+3
-9.781170000E-5	-5.811490000E-7	2.280500000E+0	9.999551758E+3	1.641207000E+3
-9.794580000E-5	-5.587970000E-7	2.292400000E+0	9.999551758E+3	1.643812000E+3
-9.787870000E-5	-5.960500000E-7	2.302900000E+0	9.999551758E+3	1.645733000E+3
-9.785640000E-5	-6.184020000E-7	2.313700000E+0	9.999551758E+3	1.648190000E+3
-9.790110000E-5	-5.587970000E-7	2.323900000E+0	9.999551758E+3	1.650012000E+3
-9.785640000E-5	-5.140940000E-7	2.336800000E+0	9.999551758E+3	1.652409000E+3
-9.772970000E-5	-5.364450000E-7	2.349300000E+0	9.999551758E+3	1.655352000E+3
-9.772970000E-5	-5.066430000E-7	2.359700000E+0	9.999551758E+3	1.656948000E+3
-9.778190000E-5	-4.991930000E-7	2.370300000E+0	9.999551758E+3	1.659478000E+3
-9.779680000E-5	-5.215440000E-7	2.381700000E+0	9.999551758E+3	1.661457000E+3
-9.782660000E-5	-5.513470000E-7	2.392700000E+0	9.999551758E+3	1.663688000E+3
-9.777440000E-5	-6.109510000E-7	2.404400000E+0	9.999551758E+3	1.666200000E+3
-9.791600000E-5	-5.886000000E-7	2.415700000E+0	9.999551758E+3	1.668198000E+3
-9.778930000E-5	-4.842910000E-7	2.426300000E+0	9.999551758E+3	1.670557000E+3
-9.770740000E-5	-5.289950000E-7	2.436400000E+0	9.999551758E+3	1.672408000E+3
-9.781910000E-5	-4.917420000E-7	2.447600000E+0	9.999551758E+3	1.674840000E+3
-9.775210000E-5	-5.140940000E-7	2.458800000E+0	9.999551758E+3	1.676935000E+3
-9.776700000E-5	-5.438960000E-7	2.469100000E+0	9.999551758E+3	1.679370000E+3
-9.772230000E-5	-5.662480000E-7	2.479400000E+0	9.999551758E+3	1.680921000E+3
-9.757330000E-5	-5.140940000E-7	2.492600000E+0	9.999551758E+3	1.683927000E+3
-9.767010000E-5	-4.842910000E-7	2.503100000E+0	9.999551758E+3	1.685877000E+3
-9.762540000E-5	-5.736980000E-7	2.514600000E+0	9.999551758E+3	1.688094000E+3
-9.781910000E-5	-5.886000000E-7	2.525800000E+0	9.999551758E+3	1.690532000E+3
-9.774460000E-5	-5.215440000E-7	2.536800000E+0	9.999551758E+3	1.692737000E+3
-9.778190000E-5	-5.736980000E-7	2.547700000E+0	9.999551758E+3	1.694279000E+3
-9.777440000E-5	-6.184020000E-7	2.557700000E+0	9.999551758E+3	1.696673000E+3
-9.784890000E-5	-5.736980000E-7	2.568100000E+0	9.999551758E+3	1.699134000E+3
-9.777440000E-5	-5.811490000E-7	2.579200000E+0	9.999551758E+3	1.701157000E+3
-9.781910000E-5	-5.215440000E-7	2.590300000E+0	9.999551758E+3	1.703256000E+3
-9.784150000E-5	-6.407540000E-7	2.601300000E+0	9.999551758E+3	1.705774000E+3
-9.789360000E-5	-6.631050000E-7	2.614100000E+0	9.999551758E+3	1.707775000E+3
-9.779680000E-5	-5.289950000E-7	2.628700000E+0	9.999551758E+3	1.710794000E+3
-9.778190000E-5	-5.140940000E-7	2.638700000E+0	9.999551758E+3	1.713288000E+3
-9.769990000E-5	-5.215440000E-7	2.651000000E+0	9.999551758E+3	1.715209000E+3
-9.764780000E-5	-5.140940000E-7	2.661500000E+0	9.999551758E+3	1.717598000E+3
-9.767760000E-5	-5.140940000E-7	2.674100000E+0	9.999551758E+3	1.720041000E+3
-9.760310000E-5	-5.066430000E-7	2.685200000E+0	9.999551758E+3	1.722530000E+3
-9.772970000E-5	-4.842910000E-7	2.696400000E+0	9.999551758E+3	1.724315000E+3
-9.770740000E-5	-5.364450000E-7	2.707300000E+0	9.999551758E+3	1.726847000E+3
-9.775210000E-5	-5.066430000E-7	2.719500000E+0	9.999551758E+3	1.728795000E+3
-9.767760000E-5	-4.470370000E-7	2.730700000E+0	9.999551758E+3	1.731786000E+3
-9.771480000E-5	-4.619380000E-7	2.741600000E+0	9.999551758E+3	1.733355000E+3
-9.762540000E-5	-3.874320000E-7	2.753400000E+0	9.999551758E+3	1.736162000E+3
-9.768500000E-5	-4.470370000E-7	2.765200000E+0	9.999551758E+3	1.738181000E+3
-9.772970000E-5	-4.395860000E-7	2.777000000E+0	9.999551758E+3	1.740644000E+3
-9.771480000E-5	-4.619380000E-7	2.788700000E+0	9.999551758E+3	1.743100000E+3
-9.765520000E-5	-3.650800000E-7	2.799100000E+0	9.999551758E+3	1.745497000E+3
-9.773720000E-5	-4.470370000E-7	2.809900000E+0	9.999551758E+3	1.747343000E+3
-9.769250000E-5	-4.768410000E-7	2.821400000E+0	9.999551758E+3	1.749754000E+3
-9.763290000E-5	-4.470370000E-7	2.832100000E+0	9.999551758E+3	1.752127000E+3
-9.767010000E-5	-4.023330000E-7	2.842500000E+0	9.999551758E+3	1.753865000E+3
-9.764030000E-5	-3.725310000E-7	2.854300000E+0	9.999551758E+3	1.755848000E+3
-9.763290000E-5	-3.203770000E-7	2.865100000E+0	9.999551758E+3	1.758440000E+3
-9.755090000E-5	-3.427290000E-7	2.875700000E+0	9.999551758E+3	1.760002000E+3
-9.762540000E-5	-4.097840000E-7	2.885800000E+0	9.999551758E+3	1.762391000E+3
-9.772970000E-5	-5.736980000E-7	2.897500000E+0	9.999551758E+3	1.764610000E+3
-9.765520000E-5	-4.693880000E-7	2.907600000E+0	9.999551758E+3	1.766941000E+3
-9.767760000E-5	-4.991930000E-7	2.918500000E+0	9.999551758E+3	1.768717000E+3
-9.784890000E-5	-5.960500000E-7	2.929300000E+0	9.999551758E+3	1.771078000E+3
-9.769250000E-5	-4.023330000E-7	2.940300000E+0	9.999551758E+3	1.773460000E+3
-9.764030000E-5	-4.842910000E-7	2.952300000E+0	9.999551758E+3	1.775457000E+3
-9.771480000E-5	-4.246850000E-7	2.963100000E+0	9.999551758E+3	1.778588000E+3
-9.767010000E-5	-4.544870000E-7	2.974500000E+0	9.999551758E+3	1.780175000E+3
-9.768500000E-5	-4.097840000E-7	2.984500000E+0	9.999551758E+3	1.782117000E+3
-9.762540000E-5	-4.321350000E-7	2.997800000E+0	9.999551758E+3	1.784654000E+3
-9.764030000E-5	-3.352780000E-7	3.010400000E+0	9.999551758E+3	1.787454000E+3
-9.764780000E-5	-2.756730000E-7	3.021800000E+0	9.999551758E+3	1.789493000E+3
-9.767010000E-5	-4.544870000E-7	3.033500000E+0	9.999551758E+3	1.792273000E+3
-9.761050000E-5	-3.427290000E-7	3.044600000E+0	9.999551758E+3	1.794001000E+3
-9.757330000E-5	-2.533220000E-7	3.056100000E+0	9.999551758E+3	1.796795000E+3
-9.761050000E-5	-3.650800000E-7	3.068300000E+0	9.999551758E+3	1.798519000E+3
-9.763290000E-5	-2.980250000E-7	3.079600000E+0	9.999551758E+3	1.801304000E+3
-9.762540000E-5	-3.427290000E-7	3.092800000E+0	9.999551758E+3	1.803857000E+3
-9.769250000E-5	-4.172340000E-7	3.103500000E+0	9.999551758E+3	1.806390000E+3
-9.765520000E-5	-4.470370000E-7	3.114400000E+0	9.999551758E+3	1.808375000E+3
-9.767010000E-5	-4.470370000E-7	3.125200000E+0	9.999551758E+3	1.810399000E+3
-9.775950000E-5	-5.364450000E-7	3.136700000E+0	9.999551758E+3	1.812789000E+3
-9.784890000E-5	-5.140940000E-7	3.148500000E+0	9.999551758E+3	1.814812000E+3
-9.788620000E-5	-6.407540000E-7	3.158900000E+0	9.999551758E+3	1.817229000E+3
-9.803520000E-5	-7.003580000E-7	3.169000000E+0	9.999551758E+3	1.819195000E+3
-9.796810000E-5	-6.407540000E-7	3.179300000E+0	9.999551758E+3	1.821070000E+3
-9.792340000E-5	-6.407540000E-7	3.189900000E+0	9.999551758E+3	1.823484000E+3
-9.792340000E-5	-7.078090000E-7	3.200700000E+0	9.999551758E+3	1.825520000E+3
-9.793830000E-5	-7.599630000E-7	3.212300000E+0	9.999551758E+3	1.827882000E+3
-9.792340000E-5	-6.631050000E-7	3.227500000E+0	9.999551758E+3	1.830564000E+3
-9.793090000E-5	-6.258520000E-7	3.239500000E+0	9.999551758E+3	1.833313000E+3
-9.800540000E-5	-6.109510000E-7	3.250400000E+0	9.999551758E+3	1.835309000E+3
-9.792340000E-5	-5.811490000E-7	3.260900000E+0	9.999551758E+3	1.837706000E+3
-9.787870000E-5	-5.886000000E-7	3.272700000E+0	9.999551758E+3	1.840197000E+3
-9.793830000E-5	-5.587970000E-7	3.283200000E+0	9.999551758E+3	1.841794000E+3
-9.787870000E-5	-5.066430000E-7	3.294800000E+0	9.999551758E+3	1.844261000E+3
-9.786380000E-5	-4.693880000E-7	3.307600000E+0	9.999551758E+3	1.846645000E+3
-9.795320000E-5	-4.768410000E-7	3.319800000E+0	9.999551758E+3	1.849633000E+3
-9.786380000E-5	-4.321350000E-7	3.330100000E+0	9.999551758E+3	1.851187000E+3
-9.782660000E-5	-4.842910000E-7	3.341000000E+0	9.999551758E+3	1.853774000E+3
-9.771480000E-5	-4.693880000E-7	3.351800000E+0	9.999551758E+3	1.855762000E+3
-9.770740000E-5	-3.650800000E-7	3.363000000E+0	9.999551758E+3	1.857730000E+3
-9.770740000E-5	-4.023330000E-7	3.374700000E+0	9.999551758E+3	1.860264000E+3
-9.774460000E-5	-4.470370000E-7	3.387200000E+0	9.999551758E+3	1.862652000E+3
-9.778190000E-5	-5.364450000E-7	3.398600000E+0	9.999551758E+3	1.865514000E+3
-9.775210000E-5	-5.140940000E-7	3.408900000E+0	9.999551758E+3	1.867117000E+3
-9.768500000E-5	-4.395860000E-7	3.419600000E+0	9.999551758E+3	1.869614000E+3
-9.769250000E-5	-4.991930000E-7	3.431000000E+0	9.999551758E+3	1.871617000E+3
-9.767010000E-5	-4.842910000E-7	3.441100000E+0	9.999551758E+3	1.873670000E+3
-9.772970000E-5	-4.842910000E-7	3.452600000E+0	9.999551758E+3	1.875598000E+3
-9.772970000E-5	-5.811490000E-7	3.463500000E+0	9.999551758E+3	1.878151000E+3
-9.772970000E-5	-6.482040000E-7	3.475500000E+0	9.999551758E+3	1.880332000E+3
-9.766270000E-5	-5.140940000E-7	3.486000000E+0	9.999551758E+3	1.882643000E+3
-9.772970000E-5	-6.556550000E-7	3.499900000E+0	9.999551758E+3	1.885056000E+3
-9.777440000E-5	-6.333030000E-7	3.510700000E+0	9.999551758E+3	1.887515000E+3
-9.770740000E-5	-5.960500000E-7	3.522100000E+0	9.999551758E+3	1.889611000E+3
-9.774460000E-5	-5.736980000E-7	3.535700000E+0	9.999551758E+3	1.892842000E+3
-9.772230000E-5	-4.917420000E-7	3.546100000E+0	9.999551758E+3	1.894815000E+3
-9.778190000E-5	-5.811490000E-7	3.556200000E+0	9.999551758E+3	1.896190000E+3
-9.766270000E-5	-5.736980000E-7	3.568300000E+0	9.999551758E+3	1.898924000E+3
-9.772230000E-5	-5.513470000E-7	3.578300000E+0	9.999551758E+3	1.900926000E+3
-9.764780000E-5	-5.513470000E-7	3.589900000E+0	9.999551758E+3	1.903316000E+3
-9.761800000E-5	-4.917420000E-7	3.601100000E+0	9.999551758E+3	1.905346000E+3
-9.761050000E-5	-4.768410000E-7	3.612600000E+0	9.999551758E+3	1.908284000E+3
-9.763290000E-5	-5.364450000E-7	3.623900000E+0	9.999551758E+3	1.910023000E+3
-9.759560000E-5	-4.842910000E-7	3.635500000E+0	9.999551758E+3	1.912391000E+3
-9.769990000E-5	-5.289950000E-7	3.646200000E+0	9.999551758E+3	1.914809000E+3
-9.780420000E-5	-5.587970000E-7	3.657000000E+0	9.999551758E+3	1.916372000E+3
-9.772970000E-5	-6.556550000E-7	3.667300000E+0	9.999551758E+3	1.918810000E+3
-9.769990000E-5	-6.854570000E-7	3.678000000E+0	9.999551758E+3	1.921245000E+3
-9.770740000E-5	-6.854570000E-7	3.688600000E+0	9.999551758E+3	1.922905000E+3
-9.764030000E-5	-6.482040000E-7	3.699000000E+0	9.999551758E+3	1.925463000E+3
-9.758070000E-5	-5.960500000E-7	3.709500000E+0	9.999551758E+3	1.927101000E+3
-9.769990000E-5	-7.003580000E-7	3.720400000E+0	9.999551758E+3	1.929889000E+3
-9.777440000E-5	-7.674130000E-7	3.731900000E+0	9.999551758E+3	1.931835000E+3
-9.780420000E-5	-7.376110000E-7	3.744900000E+0	9.999551758E+3	1.934378000E+3
-9.769250000E-5	-7.674130000E-7	3.755700000E+0	9.999551758E+3	1.936403000E+3
-9.767010000E-5	-7.748640000E-7	3.767700000E+0	9.999551758E+3	1.938796000E+3
-9.769250000E-5	-7.152590000E-7	3.777900000E+0	9.999551758E+3	1.941230000E+3
-9.761050000E-5	-7.078090000E-7	3.789900000E+0	9.999551758E+3	1.943310000E+3
-9.765520000E-5	-5.960500000E-7	3.802300000E+0	9.999551758E+3	1.945736000E+3
-9.765520000E-5	-7.227100000E-7	3.813700000E+0	9.999551758E+3	1.948182000E+3
-9.770740000E-5	-7.078090000E-7	3.823700000E+0	9.999551758E+3	1.950114000E+3
-9.761800000E-5	-6.854570000E-7	3.834200000E+0	9.999551758E+3	1.952122000E+3
-9.767010000E-5	-6.854570000E-7	3.845900000E+0	9.999551758E+3	1.954649000E+3
-9.764030000E-5	-7.301610000E-7	3.857900000E+0	9.999551758E+3	1.957189000E+3
-9.764030000E-5	-6.184020000E-7	3.868600000E+0	9.999551758E+3	1.958789000E+3
-9.767010000E-5	-6.482040000E-7	3.879400000E+0	9.999551758E+3	1.961223000E+3
-9.761800000E-5	-7.152590000E-7	3.891200000E+0	9.999551758E+3	1.963639000E+3
-9.768500000E-5	-8.195680000E-7	3.901300000E+0	9.999551758E+3	1.965728000E+3
-9.761800000E-5	-7.748640000E-7	3.911700000E+0	9.999551758E+3	1.967373000E+3
-9.763290000E-5	-7.674130000E-7	3.922700000E+0	9.999551758E+3	1.969715000E+3
-9.775210000E-5	-8.419190000E-7	3.934700000E+0	9.999551758E+3	1.972508000E+3
-9.772230000E-5	-7.748640000E-7	3.945900000E+0	9.999551758E+3	1.974523000E+3
-9.772970000E-5	-8.195680000E-7	3.958400000E+0	9.999551758E+3	1.977069000E+3
-9.780420000E-5	-9.164250000E-7	3.969900000E+0	9.999551758E+3	1.979305000E+3
-9.785640000E-5	-9.015240000E-7	3.980900000E+0	9.999551758E+3	1.981472000E+3
-9.769990000E-5	-9.238760000E-7	3.991100000E+0	9.999551758E+3	1.983872000E+3
-9.778930000E-5	-9.164250000E-7	4.001500000E+0	9.999551758E+3	1.985225000E+3
-9.772970000E-5	-8.940730000E-7	4.013600000E+0	9.999551758E+3	1.988475000E+3
-9.780420000E-5	-9.089740000E-7	4.023800000E+0	9.999551758E+3	1.989596000E+3
-9.781170000E-5	-9.536820000E-7	4.033800000E+0	9.999551758E+3	1.992009000E+3
-9.780420000E-5	-9.462270000E-7	4.045600000E+0	9.999551758E+3	1.994182000E+3
-9.783400000E-5	-7.748640000E-7	4.058600000E+0	9.999551758E+3	1.997078000E+3
-9.787870000E-5	-9.238760000E-7	4.068800000E+0	9.999551758E+3	1.998652000E+3
-9.779680000E-5	-8.940730000E-7	4.080500000E+0	9.999551758E+3	2.001479000E+3
-9.781910000E-5	-8.940730000E-7	4.091300000E+0	9.999551758E+3	2.003489000E+3
-9.781170000E-5	-9.462270000E-7	4.102100000E+0	9.999551758E+3	2.005909000E+3
-9.782660000E-5	-8.791720000E-7	4.113200000E+0	9.999551758E+3	2.007865000E+3
-9.781910000E-5	-9.611320000E-7	4.124600000E+0	9.999551758E+3	2.010668000E+3
-9.787870000E-5	-9.536820000E-7	4.135800000E+0	9.999551758E+3	2.012320000E+3
-9.780420000E-5	-9.313260000E-7	4.147100000E+0	9.999551758E+3	2.015116000E+3
-9.784150000E-5	-9.015240000E-7	4.157400000E+0	9.999551758E+3	2.016677000E+3
-9.778190000E-5	-9.164250000E-7	4.167700000E+0	9.999551758E+3	2.018591000E+3
-9.778930000E-5	-9.536820000E-7	4.178700000E+0	9.999551758E+3	2.020972000E+3
-9.775950000E-5	-9.536820000E-7	4.189400000E+0	9.999551758E+3	2.023338000E+3
-9.781910000E-5	-9.536820000E-7	4.200300000E+0	9.999551758E+3	2.025403000E+3
-9.780420000E-5	-9.536820000E-7	4.210800000E+0	9.999551758E+3	2.027389000E+3
-9.775210000E-5	-9.015240000E-7	4.222600000E+0	9.999551758E+3	2.030137000E+3
-9.785640000E-5	-9.462270000E-7	4.234100000E+0	9.999551758E+3	2.031990000E+3
-9.787870000E-5	-1.035640000E-6	4.245500000E+0	9.999551758E+3	2.034865000E+3
-9.787870000E-5	-9.462270000E-7	4.257200000E+0	9.999551758E+3	2.036474000E+3
-9.767010000E-5	-7.972160000E-7	4.270100000E+0	9.999551758E+3	2.039213000E+3
-9.765520000E-5	-7.152590000E-7	4.282000000E+0	9.999551758E+3	2.041599000E+3
-9.763290000E-5	-8.270180000E-7	4.292200000E+0	9.999551758E+3	2.044011000E+3
-9.773720000E-5	-8.717220000E-7	4.304500000E+0	9.999551758E+3	2.046386000E+3
-9.767010000E-5	-8.344690000E-7	4.316300000E+0	9.999551758E+3	2.048416000E+3
-9.769250000E-5	-9.536820000E-7	4.326400000E+0	9.999551758E+3	2.050801000E+3
-9.775950000E-5	-9.536820000E-7	4.336800000E+0	9.999551758E+3	2.052801000E+3
-9.767010000E-5	-9.685830000E-7	4.347900000E+0	9.999551758E+3	2.054984000E+3
-9.775950000E-5	-9.611320000E-7	4.359000000E+0	9.999551758E+3	2.057324000E+3
-9.775950000E-5	-9.536820000E-7	4.369700000E+0	9.999551758E+3	2.059514000E+3
-9.789360000E-5	-9.611320000E-7	4.381600000E+0	9.999551758E+3	2.061488000E+3
-9.772970000E-5	-9.685830000E-7	4.391600000E+0	9.999551758E+3	2.063928000E+3
-9.774460000E-5	-9.387770000E-7	4.403900000E+0	9.999551758E+3	2.066299000E+3
-9.772970000E-5	-9.760330000E-7	4.414600000E+0	9.999551758E+3	2.067996000E+3
-9.775950000E-5	-9.685830000E-7	4.425300000E+0	9.999551758E+3	2.070864000E+3
-9.785640000E-5	-9.909340000E-7	4.439400000E+0	9.999551758E+3	2.073337000E+3
-9.772230000E-5	-1.020740000E-6	4.451300000E+0	9.999551758E+3	2.075341000E+3
-9.783400000E-5	-1.020740000E-6	4.462800000E+0	9.999551758E+3	2.078129000E+3
-9.787130000E-5	-1.043090000E-6	4.474900000E+0	9.999551758E+3	2.080609000E+3
-9.778190000E-5	-1.080340000E-6	4.486200000E+0	9.999551758E+3	2.082589000E+3
-9.793090000E-5	-1.072890000E-6	4.497000000E+0	9.999551758E+3	2.085004000E+3
-9.788620000E-5	-1.110140000E-6	4.508300000E+0	9.999551758E+3	2.086969000E+3
-9.792340000E-5	-1.139950000E-6	4.519600000E+0	9.999551758E+3	2.089713000E+3
-9.797560000E-5	-1.117590000E-6	4.531600000E+0	9.999551758E+3	2.091912000E+3
-9.796810000E-5	-1.139950000E-6	4.542500000E+0	9.999551758E+3	2.094320000E+3
-9.799800000E-5	-1.072890000E-6	4.554100000E+0	9.999551758E+3	2.095881000E+3
-9.800540000E-5	-1.117590000E-6	4.565000000E+0	9.999551758E+3	2.098656000E+3
-9.798310000E-5	-1.184650000E-6	4.576300000E+0	9.999551758E+3	2.100394000E+3
-9.792340000E-5	-1.117590000E-6	4.587700000E+0	9.999551758E+3	2.103232000E+3
-9.798310000E-5	-1.169750000E-6	4.598900000E+0	9.999551758E+3	2.105196000E+3
-9.790110000E-5	-1.214450000E-6	4.609300000E+0	9.999551758E+3	2.107394000E+3
-9.779680000E-5	-1.072890000E-6	4.619500000E+0	9.999551758E+3	2.109323000E+3
-9.784890000E-5	-1.072890000E-6	4.630500000E+0	9.999551758E+3	2.111328000E+3
-9.798310000E-5	-1.087790000E-6	4.641400000E+0	9.999551758E+3	2.113741000E+3
-9.792340000E-5	-1.095240000E-6	4.655900000E+0	9.999551758E+3	2.116285000E+3
-9.785640000E-5	-1.072890000E-6	4.668600000E+0	9.999551758E+3	2.119073000E+3
-9.793830000E-5	-1.192100000E-6	4.679800000E+0	9.999551758E+3	2.121495000E+3
-9.797560000E-5	-1.132500000E-6	4.690600000E+0	9.999551758E+3	2.123512000E+3
-9.791600000E-5	-1.169750000E-6	4.701100000E+0	9.999551758E+3	2.125077000E+3
-9.777440000E-5	-1.028190000E-6	4.711300000E+0	9.999551758E+3	2.128312000E+3
-9.787130000E-5	-1.139950000E-6	4.722000000E+0	9.999551758E+3	2.129511000E+3
-9.783400000E-5	-1.147400000E-6	4.732300000E+0	9.999551758E+3	2.132073000E+3
-9.796070000E-5	-1.125040000E-6	4.743200000E+0	9.999551758E+3	2.134114000E+3
-9.787130000E-5	-1.125040000E-6	4.754900000E+0	9.999551758E+3	2.136415000E+3
-9.790850000E-5	-1.147400000E-6	4.765600000E+0	9.999551758E+3	2.138414000E+3
-9.798310000E-5	-1.139950000E-6	4.776700000E+0	9.999551758E+3	2.140397000E+3
-9.799800000E-5	-1.169750000E-6	4.787200000E+0	9.999551758E+3	2.142785000E+3
-9.801290000E-5	-1.147400000E-6	4.797500000E+0	9.999551758E+3	2.145264000E+3
-9.800540000E-5	-1.095240000E-6	4.808200000E+0	9.999551758E+3	2.146915000E+3
-9.807990000E-5	-1.147400000E-6	4.818300000E+0	9.999551758E+3	2.149146000E+3
-9.802780000E-5	-1.110140000E-6	4.829000000E+0	9.999551758E+3	2.151463000E+3
-9.813210000E-5	-1.199550000E-6	4.840800000E+0	9.999551758E+3	2.153495000E+3
-9.815440000E-5	-1.110140000E-6	4.851100000E+0	9.999551758E+3	2.155899000E+3
-9.820660000E-5	-1.043090000E-6	4.861600000E+0	9.999551758E+3	2.157873000E+3
-9.816190000E-5	-1.095240000E-6	4.872700000E+0	9.999551758E+3	2.159894000E+3
-9.813950000E-5	-1.087790000E-6	4.883100000E+0	9.999551758E+3	2.162260000E+3
-9.812460000E-5	-1.147400000E-6	4.895400000E+0	9.999551758E+3	2.164382000E+3
-9.810970000E-5	-1.072890000E-6	4.907700000E+0	9.999551758E+3	2.166833000E+3
-9.795320000E-5	-1.095240000E-6	4.918100000E+0	9.999551758E+3	2.169209000E+3
-9.799050000E-5	-1.102690000E-6	4.930300000E+0	9.999551758E+3	2.171235000E+3
-9.783400000E-5	-1.087790000E-6	4.942600000E+0	9.999551758E+3	2.173640000E+3
-9.783400000E-5	-1.020740000E-6	4.953600000E+0	9.999551758E+3	2.176601000E+3
-9.784890000E-5	-1.013290000E-6	4.965600000E+0	9.999551758E+3	2.178141000E+3
-9.778190000E-5	-9.536820000E-7	4.977800000E+0	9.999551758E+3	2.180973000E+3
-9.769250000E-5	-1.080340000E-6	4.990000000E+0	9.999551758E+3	2.183362000E+3
-9.769250000E-5	-1.102690000E-6	5.000500000E+0	9.999551758E+3	2.185329000E+3
-9.771480000E-5	-1.125040000E-6	5.013300000E+0	9.999551758E+3	2.188150000E+3
-9.772230000E-5	-1.147400000E-6	5.024700000E+0	9.999551758E+3	2.190545000E+3
-9.779680000E-5	-1.110140000E-6	5.036000000E+0	9.999551758E+3	2.192756000E+3
-9.767010000E-5	-1.043090000E-6	5.046500000E+0	9.999551758E+3	2.195241000E+3
-9.767760000E-5	-1.177200000E-6	5.057000000E+0	9.999551758E+3	2.196806000E+3
-9.760310000E-5	-1.199550000E-6	5.068600000E+0	9.999551758E+3	2.199192000E+3
-9.773720000E-5	-1.132500000E-6	5.080700000E+0	9.999551758E+3	2.201221000E+3
-9.767760000E-5	-1.207000000E-6	5.093200000E+0	9.999551758E+3	2.204024000E+3
-9.758070000E-5	-1.199550000E-6	5.103400000E+0	9.999551758E+3	2.206016000E+3
-9.763290000E-5	-1.125040000E-6	5.115200000E+0	9.999551758E+3	2.208839000E+3
-9.767010000E-5	-1.169750000E-6	5.125200000E+0	9.999551758E+3	2.210467000E+3
-9.750620000E-5	-1.236800000E-6	5.137400000E+0	9.999551758E+3	2.212408000E+3
-9.736470000E-5	-1.162300000E-6	5.149800000E+0	9.999551758E+3	2.215388000E+3
-9.743170000E-5	-1.207000000E-6	5.162800000E+0	9.999551758E+3	2.218191000E+3
-9.739450000E-5	-1.199550000E-6	5.174500000E+0	9.999551758E+3	2.220181000E+3
-9.729010000E-5	-1.095240000E-6	5.184700000E+0	9.999551758E+3	2.222272000E+3
-9.742430000E-5	-1.192100000E-6	5.194800000E+0	9.999551758E+3	2.224676000E+3
-9.731990000E-5	-1.207000000E-6	5.207200000E+0	9.999551758E+3	2.226679000E+3
-9.736470000E-5	-1.154850000E-6	5.219400000E+0	9.999551758E+3	2.229559000E+3
-9.729010000E-5	-1.095240000E-6	5.230600000E+0	9.999551758E+3	2.231521000E+3
-9.720820000E-5	-1.095240000E-6	5.240800000E+0	9.999551758E+3	2.233885000E+3
-9.722310000E-5	-1.050540000E-6	5.251900000E+0	9.999551758E+3	2.235504000E+3
-9.723050000E-5	-1.192100000E-6	5.264000000E+0	9.999551758E+3	2.238324000E+3
-9.724540000E-5	-1.132500000E-6	5.275000000E+0	9.999551758E+3	2.240808000E+3
-9.728270000E-5	-1.147400000E-6	5.285900000E+0	9.999551758E+3	2.242472000E+3
-9.725290000E-5	-1.139950000E-6	5.297900000E+0	9.999551758E+3	2.244467000E+3
-9.723800000E-5	-1.154850000E-6	5.309200000E+0	9.999551758E+3	2.247278000E+3
-9.716350000E-5	-1.251700000E-6	5.319600000E+0	9.999551758E+3	2.249766000E+3
-9.716350000E-5	-1.087790000E-6	5.331500000E+0	9.999551758E+3	2.251374000E+3
-9.719330000E-5	-1.139950000E-6	5.344700000E+0	9.999551758E+3	2.254282000E+3
-9.712620000E-5	-1.102690000E-6	5.354800000E+0	9.999551758E+3	2.256135000E+3
-9.715600000E-5	-1.147400000E-6	5.364900000E+0	9.999551758E+3	2.258607000E+3
-9.708150000E-5	-1.139950000E-6	5.377500000E+0	9.999551758E+3	2.261010000E+3
-9.713370000E-5	-1.177200000E-6	5.387900000E+0	9.999551758E+3	2.262958000E+3
-9.721560000E-5	-1.169750000E-6	5.399100000E+0	9.999551758E+3	2.265429000E+3
-9.732740000E-5	-1.125040000E-6	5.409900000E+0	9.999551758E+3	2.266951000E+3
-9.722310000E-5	-1.177200000E-6	5.422800000E+0	9.999551758E+3	2.269899000E+3
-9.726030000E-5	-1.117590000E-6	5.433700000E+0	9.999551758E+3	2.272011000E+3
-9.731990000E-5	-1.251700000E-6	5.445700000E+0	9.999551758E+3	2.274819000E+3
-9.726780000E-5	-1.303860000E-6	5.456100000E+0	9.999551758E+3	2.276507000E+3
-9.734980000E-5	-1.259160000E-6	5.468100000E+0	9.999551758E+3	2.278860000E+3
-9.739450000E-5	-1.281510000E-6	5.478900000E+0	9.999551758E+3	2.281226000E+3
-9.729010000E-5	-1.266610000E-6	5.489500000E+0	9.999551758E+3	2.283616000E+3
-9.742430000E-5	-1.221900000E-6	5.500700000E+0	9.999551758E+3	2.285608000E+3
-9.734980000E-5	-1.288960000E-6	5.511900000E+0	9.999551758E+3	2.287619000E+3
-9.719330000E-5	-1.177200000E-6	5.522000000E+0	9.999551758E+3	2.289706000E+3
-9.711130000E-5	-1.207000000E-6	5.533800000E+0	9.999551758E+3	2.292610000E+3
-9.715600000E-5	-1.229350000E-6	5.544500000E+0	9.999551758E+3	2.294224000E+3
-9.719330000E-5	-1.274060000E-6	5.555000000E+0	9.999551758E+3	2.296587000E+3
-9.720820000E-5	-1.311310000E-6	5.565400000E+0	9.999551758E+3	2.298556000E+3
-9.717840000E-5	-1.318760000E-6	5.577700000E+0	9.999551758E+3	2.300943000E+3
-9.717090000E-5	-1.296410000E-6	5.588400000E+0	9.999551758E+3	2.302596000E+3
-9.719330000E-5	-1.326210000E-6	5.598800000E+0	9.999551758E+3	2.305356000E+3
-9.731990000E-5	-1.259160000E-6	5.611700000E+0	9.999551758E+3	2.307875000E+3
-9.734980000E-5	-1.326210000E-6	5.622800000E+0	9.999551758E+3	2.309551000E+3
-9.731250000E-5	-1.333660000E-6	5.634300000E+0	9.999551758E+3	2.312317000E+3
-9.722310000E-5	-1.318760000E-6	5.645900000E+0	9.999551758E+3	2.314682000E+3
-9.714860000E-5	-1.266610000E-6	5.656100000E+0	9.999551758E+3	2.316702000E+3
-9.709640000E-5	-1.288960000E-6	5.668000000E+0	9.999551758E+3	2.318695000E+3
-9.700700000E-5	-1.333660000E-6	5.679500000E+0	9.999551758E+3	2.321522000E+3
-9.699210000E-5	-1.221900000E-6	5.690600000E+0	9.999551758E+3	2.323646000E+3
-9.696230000E-5	-1.274060000E-6	5.701400000E+0	9.999551758E+3	2.326033000E+3
-9.700700000E-5	-1.199550000E-6	5.711700000E+0	9.999551758E+3	2.327638000E+3
-9.699210000E-5	-1.236800000E-6	5.722700000E+0	9.999551758E+3	2.329776000E+3
-9.691020000E-5	-1.169750000E-6	5.732900000E+0	9.999551758E+3	2.331811000E+3
-9.696980000E-5	-1.274060000E-6	5.744300000E+0	9.999551758E+3	2.334584000E+3
-9.689530000E-5	-1.207000000E-6	5.756100000E+0	9.999551758E+3	2.336558000E+3
-9.690270000E-5	-1.184650000E-6	5.767400000E+0	9.999551758E+3	2.338633000E+3
-9.696980000E-5	-1.244250000E-6	5.778300000E+0	9.999551758E+3	2.341034000E+3
-9.690270000E-5	-1.236800000E-6	5.789800000E+0	9.999551758E+3	2.343349000E+3
-9.690270000E-5	-1.281510000E-6	5.800400000E+0	9.999551758E+3	2.345867000E+3
-9.698470000E-5	-1.356010000E-6	5.813100000E+0	9.999551758E+3	2.347911000E+3
-9.703680000E-5	-1.296410000E-6	5.823400000E+0	9.999551758E+3	2.350291000E+3
-9.702940000E-5	-1.326210000E-6	5.834300000E+0	9.999551758E+3	2.351874000E+3
-9.699960000E-5	-1.356010000E-6	5.845500000E+0	9.999551758E+3	2.354678000E+3
-9.699960000E-5	-1.348560000E-6	5.857100000E+0	9.999551758E+3	2.356725000E+3
-9.685800000E-5	-1.363460000E-6	5.867300000E+0	9.999551758E+3	2.359188000E+3
-9.678350000E-5	-1.370910000E-6	5.879000000E+0	9.999551758E+3	2.360697000E+3
-9.684310000E-5	-1.400720000E-6	5.889800000E+0	9.999551758E+3	2.363061000E+3
-9.679100000E-5	-1.288960000E-6	5.900800000E+0	9.999551758E+3	2.365523000E+3
-9.665680000E-5	-1.281510000E-6	5.912100000E+0	9.999551758E+3	2.368044000E+3
-9.670900000E-5	-1.281510000E-6	5.924300000E+0	9.999551758E+3	2.370065000E+3
-9.667170000E-5	-1.296410000E-6	5.934900000E+0	9.999551758E+3	2.372426000E+3
-9.655250000E-5	-1.318760000E-6	5.947100000E+0	9.999551758E+3	2.374854000E+3
-9.651530000E-5	-1.363460000E-6	5.957600000E+0	9.999551758E+3	2.377210000E+3
-9.664940000E-5	-1.363460000E-6	5.969800000E+0	9.999551758E+3	2.379242000E+3
-9.665680000E-5	-1.341110000E-6	5.980000000E+0	9.999551758E+3	2.380987000E+3
-9.673880000E-5	-1.370910000E-6	5.992000000E+0	9.999551758E+3	2.383753000E+3
-9.672390000E-5	-1.326210000E-6	6.002600000E+0	9.999551758E+3	2.386140000E+3
-9.665680000E-5	-1.341110000E-6	6.014000000E+0	9.999551758E+3	2.388157000E+3
-9.667170000E-5	-1.370910000E-6	6.027800000E+0	9.999551758E+3	2.390755000E+3
-9.668670000E-5	-1.430520000E-6	6.038800000E+0	9.999551758E+3	2.393082000E+3
-9.658980000E-5	-1.423070000E-6	6.049800000E+0	9.999551758E+3	2.395888000E+3
-9.649290000E-5	-1.505020000E-6	6.061100000E+0	9.999551758E+3	2.397490000E+3
-9.651530000E-5	-1.445420000E-6	6.072200000E+0	9.999551758E+3	2.399544000E+3
-9.632160000E-5	-1.534830000E-6	6.083800000E+0	9.999551758E+3	2.402325000E+3
-9.628430000E-5	-1.482670000E-6	6.095200000E+0	9.999551758E+3	2.404466000E+3
-9.612040000E-5	-1.564630000E-6	6.106900000E+0	9.999551758E+3	2.406818000E+3
-9.618750000E-5	-1.527380000E-6	6.117500000E+0	9.999551758E+3	2.408817000E+3
-9.600860000E-5	-1.542280000E-6	6.128200000E+0	9.999551758E+3	2.410864000E+3
-9.614280000E-5	-1.467770000E-6	6.138500000E+0	9.999551758E+3	2.413236000E+3
-9.608320000E-5	-1.400720000E-6	6.149000000E+0	9.999551758E+3	2.415631000E+3
-9.609810000E-5	-1.482670000E-6	6.159100000E+0	9.999551758E+3	2.417302000E+3
-9.609810000E-5	-1.557180000E-6	6.170100000E+0	9.999551758E+3	2.419279000E+3
-9.620980000E-5	-1.460320000E-6	6.181400000E+0	9.999551758E+3	2.421687000E+3
-9.603840000E-5	-1.482670000E-6	6.191800000E+0	9.999551758E+3	2.424411000E+3
-9.603100000E-5	-1.527380000E-6	6.203300000E+0	9.999551758E+3	2.426029000E+3
-9.599370000E-5	-1.490120000E-6	6.213500000E+0	9.999551758E+3	2.428042000E+3
-9.595650000E-5	-1.400720000E-6	6.224100000E+0	9.999551758E+3	2.430028000E+3
-9.580750000E-5	-1.408170000E-6	6.234200000E+0	9.999551758E+3	2.432752000E+3
-9.590430000E-5	-1.445420000E-6	6.244900000E+0	9.999551758E+3	2.434552000E+3
-9.605340000E-5	-1.452870000E-6	6.256300000E+0	9.999551758E+3	2.436589000E+3
-9.595650000E-5	-1.475220000E-6	6.266500000E+0	9.999551758E+3	2.438594000E+3
-9.594160000E-5	-1.437970000E-6	6.277900000E+0	9.999551758E+3	2.440942000E+3
-9.582980000E-5	-1.437970000E-6	6.289400000E+0	9.999551758E+3	2.443519000E+3
-9.589690000E-5	-1.437970000E-6	6.301500000E+0	9.999551758E+3	2.445464000E+3
-9.577020000E-5	-1.467770000E-6	6.312900000E+0	9.999551758E+3	2.448286000E+3
-9.576280000E-5	-1.437970000E-6	6.324200000E+0	9.999551758E+3	2.450665000E+3
-9.564360000E-5	-1.415620000E-6	6.334500000E+0	9.999551758E+3	2.451877000E+3
-9.554670000E-5	-1.467770000E-6	6.345600000E+0	9.999551758E+3	2.454296000E+3
-9.534550000E-5	-1.646590000E-6	6.357900000E+0	9.999551758E+3	2.457164000E+3
-9.559140000E-5	-1.564630000E-6	6.368200000E+0	9.999551758E+3	2.459232000E+3
-9.543500000E-5	-1.527380000E-6	6.378700000E+0	9.999551758E+3	2.461214000E+3
-9.532320000E-5	-1.586980000E-6	6.390500000E+0	9.999551758E+3	2.463207000E+3
-9.528590000E-5	-1.616780000E-6	6.400700000E+0	9.999551758E+3	2.465419000E+3
-9.531570000E-5	-1.505020000E-6	6.412300000E+0	9.999551758E+3	2.467771000E+3
-9.524870000E-5	-1.639140000E-6	6.423200000E+0	9.999551758E+3	2.470590000E+3
-9.524870000E-5	-1.713640000E-6	6.433800000E+0	9.999551758E+3	2.472216000E+3
-9.521140000E-5	-1.735990000E-6	6.444500000E+0	9.999551758E+3	2.474148000E+3
-9.504010000E-5	-1.706190000E-6	6.454900000E+0	9.999551758E+3	2.476132000E+3
-9.501030000E-5	-1.713640000E-6	6.465000000E+0	9.999551758E+3	2.478569000E+3
-9.477930000E-5	-1.840300000E-6	6.476100000E+0	9.999551758E+3	2.480572000E+3
-9.458560000E-5	-1.862650000E-6	6.487100000E+0	9.999551758E+3	2.482950000E+3
-9.445890000E-5	-1.855200000E-6	6.498700000E+0	9.999551758E+3	2.485002000E+3
-9.431740000E-5	-1.870100000E-6	6.509100000E+0	9.999551758E+3	2.487341000E+3
-9.425030000E-5	-1.952070000E-6	6.521100000E+0	9.999551758E+3	2.489784000E+3
-9.410130000E-5	-1.937170000E-6	6.531500000E+0	9.999551758E+3	2.491380000E+3
-9.418330000E-5	-1.870100000E-6	6.541800000E+0	9.999551758E+3	2.493762000E+3
-9.413110000E-5	-2.019120000E-6	6.552400000E+0	9.999551758E+3	2.495753000E+3
-9.405660000E-5	-1.952070000E-6	6.562400000E+0	9.999551758E+3	2.498178000E+3
-9.392250000E-5	-1.899910000E-6	6.575300000E+0	9.999551758E+3	2.500165000E+3
-9.377350000E-5	-2.048920000E-6	6.588900000E+0	9.999551758E+3	2.503016000E+3
-9.348290000E-5	-2.048920000E-6	6.601000000E+0	9.999551758E+3	2.505484000E+3
-9.355740000E-5	-2.093630000E-6	6.612000000E+0	9.999551758E+3	2.508072000E+3
-9.354250000E-5	-2.041470000E-6	6.624000000E+0	9.999551758E+3	2.510043000E+3
-9.335620000E-5	-2.078730000E-6	6.634200000E+0	9.999551758E+3	2.512447000E+3
-9.327430000E-5	-2.153230000E-6	6.645300000E+0	9.999551758E+3	2.514447000E+3
-9.299120000E-5	-2.168130000E-6	6.655400000E+0	9.999551758E+3	2.516902000E+3
-9.300610000E-5	-2.227740000E-6	6.667000000E+0	9.999551758E+3	2.518859000E+3
-9.279740000E-5	-2.264990000E-6	6.678800000E+0	9.999551758E+3	2.520867000E+3
-9.266330000E-5	-2.406550000E-6	6.691100000E+0	9.999551758E+3	2.523679000E+3
-9.227590000E-5	-2.346950000E-6	6.701200000E+0	9.999551758E+3	2.525760000E+3
-9.207470000E-5	-2.525760000E-6	6.712100000E+0	9.999551758E+3	2.528032000E+3
-9.169480000E-5	-2.272440000E-6	6.724700000E+0	9.999551758E+3	2.530259000E+3
-9.129990000E-5	-2.279890000E-6	6.735500000E+0	9.999551758E+3	2.532570000E+3
-9.116580000E-5	-2.205390000E-6	6.745800000E+0	9.999551758E+3	2.534706000E+3
-9.090500000E-5	-2.414000000E-6	6.756500000E+0	9.999551758E+3	2.537092000E+3
-9.089010000E-5	-2.495960000E-6	6.766700000E+0	9.999551758E+3	2.538707000E+3
-9.062190000E-5	-2.540660000E-6	6.778000000E+0	9.999551758E+3	2.540765000E+3
-9.038350000E-5	-2.510860000E-6	6.788800000E+0	9.999551758E+3	2.543135000E+3
-9.027170000E-5	-2.533210000E-6	6.800200000E+0	9.999551758E+3	2.545551000E+3
-9.010030000E-5	-2.615170000E-6	6.813500000E+0	9.999551758E+3	2.547983000E+3
-8.988430000E-5	-2.637520000E-6	6.824100000E+0	9.999551758E+3	2.549904000E+3
-8.962350000E-5	-2.689670000E-6	6.834400000E+0	9.999551758E+3	2.552399000E+3
-8.960860000E-5	-2.816330000E-6	6.845800000E+0	9.999551758E+3	2.554710000E+3
-8.942230000E-5	-2.890840000E-6	6.857000000E+0	9.999551758E+3	2.556686000E+3
-8.919880000E-5	-2.920640000E-6	6.867700000E+0	9.999551758E+3	2.559152000E+3
-8.906470000E-5	-2.928090000E-6	6.879900000E+0	9.999551758E+3	2.561124000E+3
-8.884860000E-5	-3.024950000E-6	6.891100000E+0	9.999551758E+3	2.563577000E+3
-8.869960000E-5	-3.114360000E-6	6.902100000E+0	9.999551758E+3	2.565922000E+3
-8.851340000E-5	-3.218670000E-6	6.912700000E+0	9.999551758E+3	2.567938000E+3
-8.833450000E-5	-3.218670000E-6	6.923300000E+0	9.999551758E+3	2.569906000E+3
-8.802160000E-5	-3.300620000E-6	6.933800000E+0	9.999551758E+3	2.572088000E+3
-8.785030000E-5	-3.300620000E-6	6.945600000E+0	9.999551758E+3	2.574483000E+3
-8.753730000E-5	-3.382580000E-6	6.955900000E+0	9.999551758E+3	2.576865000E+3
-8.743300000E-5	-3.501790000E-6	6.966800000E+0	9.999551758E+3	2.579264000E+3
-8.727660000E-5	-3.583740000E-6	6.978600000E+0	9.999551758E+3	2.581299000E+3
-8.703070000E-5	-3.561390000E-6	6.989300000E+0	9.999551758E+3	2.583378000E+3
-8.679970000E-5	-3.613550000E-6	7.000200000E+0	9.999551758E+3	2.585380000E+3
-8.650170000E-5	-3.673150000E-6	7.010800000E+0	9.999551758E+3	2.587411000E+3
-8.634520000E-5	-3.740210000E-6	7.020800000E+0	9.999551758E+3	2.589382000E+3
-8.616640000E-5	-3.770010000E-6	7.031200000E+0	9.999551758E+3	2.591435000E+3
-8.576410000E-5	-3.814730000E-6	7.041800000E+0	9.999551758E+3	2.593874000E+3
-8.557040000E-5	-3.889230000E-6	7.053100000E+0	9.999551758E+3	2.596398000E+3
-8.531710000E-5	-3.904130000E-6	7.063300000E+0	9.999551758E+3	2.597963000E+3
-8.509350000E-5	-4.023340000E-6	7.074300000E+0	9.999551758E+3	2.599971000E+3
-8.481040000E-5	-4.120200000E-6	7.085500000E+0	9.999551758E+3	2.602349000E+3
-8.456460000E-5	-4.135100000E-6	7.096300000E+0	9.999551758E+3	2.604768000E+3
-8.428140000E-5	-4.284110000E-6	7.106500000E+0	9.999551758E+3	2.607196000E+3
-8.415480000E-5	-4.254310000E-6	7.117800000E+0	9.999551758E+3	2.608749000E+3
-8.376730000E-5	-4.373520000E-6	7.129400000E+0	9.999551758E+3	2.611117000E+3
-8.346930000E-5	-4.619390000E-6	7.140500000E+0	9.999551758E+3	2.613565000E+3
-8.325330000E-5	-4.611940000E-6	7.150700000E+0	9.999551758E+3	2.615653000E+3
-8.295520000E-5	-4.828010000E-6	7.161300000E+0	9.999551758E+3	2.617718000E+3
-8.271680000E-5	-4.813100000E-6	7.172600000E+0	9.999551758E+3	2.619695000E+3
-8.236660000E-5	-5.051520000E-6	7.184800000E+0	9.999551758E+3	2.622442000E+3
-8.191210000E-5	-5.126030000E-6	7.195700000E+0	9.999551758E+3	2.624856000E+3
-8.177060000E-5	-5.207980000E-6	7.205800000E+0	9.999551758E+3	2.626471000E+3
-8.131610000E-5	-5.394250000E-6	7.216700000E+0	9.999551758E+3	2.628874000E+3
-8.103300000E-5	-5.453850000E-6	7.228000000E+0	9.999551758E+3	2.630910000E+3
-8.062320000E-5	-5.543260000E-6	7.238100000E+0	9.999551758E+3	2.632920000E+3
-8.025810000E-5	-5.766780000E-6	7.250100000E+0	9.999551758E+3	2.635300000E+3
-7.996750000E-5	-5.982850000E-6	7.261800000E+0	9.999551758E+3	2.638076000E+3
-7.947580000E-5	-6.027550000E-6	7.273200000E+0	9.999551758E+3	2.640120000E+3
-7.907350000E-5	-6.251070000E-6	7.284000000E+0	9.999551758E+3	2.642071000E+3
-7.864880000E-5	-6.400080000E-6	7.294300000E+0	9.999551758E+3	2.644311000E+3
-7.817940000E-5	-6.474580000E-6	7.304600000E+0	9.999551758E+3	2.646645000E+3
-7.777710000E-5	-6.638500000E-6	7.317800000E+0	9.999551758E+3	2.648623000E+3
-7.713630000E-5	-6.854560000E-6	7.330000000E+0	9.999551758E+3	2.651011000E+3
-7.657750000E-5	-7.130230000E-6	7.341800000E+0	9.999551758E+3	2.653798000E+3
-7.601870000E-5	-7.391010000E-6	7.352900000E+0	9.999551758E+3	2.656233000E+3
-7.563130000E-5	-7.525120000E-6	7.364300000E+0	9.999551758E+3	2.657799000E+3
-7.490120000E-5	-7.920030000E-6	7.375900000E+0	9.999551758E+3	2.660657000E+3
-7.423810000E-5	-8.061590000E-6	7.387200000E+0	9.999551758E+3	2.663035000E+3
-7.360480000E-5	-8.262750000E-6	7.398400000E+0	9.999551758E+3	2.665444000E+3
-7.309070000E-5	-8.523520000E-6	7.410300000E+0	9.999551758E+3	2.667191000E+3
-7.219660000E-5	-8.992910000E-6	7.422600000E+0	9.999551758E+3	2.670000000E+3
-7.155580000E-5	-9.156820000E-6	7.432800000E+0	9.999551758E+3	2.671702000E+3
-7.073630000E-5	-9.507000000E-6	7.444600000E+0	9.999551758E+3	2.674126000E+3
-6.979750000E-5	-9.894430000E-6	7.454900000E+0	9.999551758E+3	2.676490000E+3
-6.900770000E-5	-1.027440000E-5	7.466100000E+0	9.999551758E+3	2.678910000E+3
-6.809880000E-5	-1.066930000E-5	7.478800000E+0	9.999551758E+3	2.681333000E+3
-6.739100000E-5	-1.100460000E-5	7.488900000E+0	9.999551758E+3	2.683263000E+3
-6.616910000E-5	-1.119830000E-5	7.500500000E+0	9.999551758E+3	2.685271000E+3
-6.502910000E-5	-1.178690000E-5	7.511200000E+0	9.999551758E+3	2.687683000E+3
-6.397120000E-5	-1.216690000E-5	7.522100000E+0	9.999551758E+3	2.689730000E+3
-6.295790000E-5	-1.266600000E-5	7.533200000E+0	9.999551758E+3	2.691699000E+3
-6.155720000E-5	-1.316520000E-5	7.544300000E+0	9.999551758E+3	2.694105000E+3
-6.015620000E-5	-1.373150000E-5	7.555300000E+0	9.999551758E+3	2.696462000E+3
-5.876300000E-5	-1.429770000E-5	7.565500000E+0	9.999551758E+3	2.698905000E+3
-5.760070000E-5	-1.470010000E-5	7.576700000E+0	9.999551758E+3	2.700646000E+3
-5.567840000E-5	-1.550480000E-5	7.587400000E+0	9.999551758E+3	2.703035000E+3
-5.415110000E-5	-1.615300000E-5	7.597700000E+0	9.999551758E+3	2.705168000E+3
-5.236290000E-5	-1.688310000E-5	7.608000000E+0	9.999551758E+3	2.707461000E+3
-5.084300000E-5	-1.737490000E-5	7.618700000E+0	9.999551758E+3	2.709035000E+3
-4.879410000E-5	-1.823910000E-5	7.629400000E+0	9.999551758E+3	2.711045000E+3
-4.643230000E-5	-1.900650000E-5	7.640200000E+0	9.999551758E+3	2.713441000E+3
-4.440570000E-5	-1.975160000E-5	7.650800000E+0	9.999551758E+3	2.715433000E+3
-4.153720000E-5	-2.077230000E-5	7.662700000E+0	9.999551758E+3	2.718013000E+3
-3.883270000E-5	-2.153970000E-5	7.673000000E+0	9.999551758E+3	2.720389000E+3
-3.639630000E-5	-2.213580000E-5	7.684800000E+0	9.999551758E+3	2.722354000E+3
-3.287220000E-5	-2.280630000E-5	7.696600000E+0	9.999551758E+3	2.724747000E+3
-2.958640000E-5	-2.319380000E-5	7.707400000E+0	9.999551758E+3	2.727138000E+3
-2.685200000E-5	-2.327570000E-5	7.718500000E+0	9.999551758E+3	2.729138000E+3
-2.414000000E-5	-2.308200000E-5	7.728700000E+0	9.999551758E+3	2.730813000E+3
-2.084680000E-5	-2.250830000E-5	7.739600000E+0	9.999551758E+3	2.733158000E+3
-1.812740000E-5	-2.185270000E-5	7.749700000E+0	9.999551758E+3	2.735162000E+3
-1.516940000E-5	-2.070530000E-5	7.760000000E+0	9.999551758E+3	2.737571000E+3
-1.288210000E-5	-1.960260000E-5	7.771000000E+0	9.999551758E+3	2.739979000E+3
-1.138450000E-5	-1.869360000E-5	7.781100000E+0	9.999551758E+3	2.741617000E+3
-9.320730000E-6	-1.729290000E-5	7.791200000E+0	9.999551758E+3	2.743564000E+3
-7.569820000E-6	-1.572080000E-5	7.801600000E+0	9.999551758E+3	2.745610000E+3
-6.116960000E-6	-1.417110000E-5	7.812600000E+0	9.999551758E+3	2.747701000E+3
-4.865260000E-6	-1.254680000E-5	7.823300000E+0	9.999551758E+3	2.750179000E+3
-3.740210000E-6	-1.100460000E-5	7.835600000E+0	9.999551758E+3	2.752911000E+3
-3.084550000E-6	-9.775220000E-6	7.847800000E+0	9.999551758E+3	2.755021000E+3
-2.615170000E-6	-8.530970000E-6	7.858200000E+0	9.999551758E+3	2.757061000E+3
-2.041470000E-6	-7.346300000E-6	7.869700000E+0	9.999551758E+3	2.759440000E+3
-1.758340000E-6	-6.362820000E-6	7.880200000E+0	9.999551758E+3	2.761477000E+3
-1.586980000E-6	-5.692270000E-6	7.891000000E+0	9.999551758E+3	2.763409000E+3
-1.266610000E-6	-4.895060000E-6	7.901200000E+0	9.999551758E+3	2.765836000E+3
-1.072890000E-6	-4.321370000E-6	7.912600000E+0	9.999551758E+3	2.767817000E+3
-9.462270000E-7	-3.807260000E-6	7.923800000E+0	9.999551758E+3	2.770243000E+3
-9.313260000E-7	-3.464530000E-6	7.934300000E+0	9.999551758E+3	2.772683000E+3
-8.270180000E-7	-3.263370000E-6	7.944600000E+0	9.999551758E+3	2.774236000E+3
-9.015240000E-7	-3.010050000E-6	7.956000000E+0	9.999551758E+3	2.776287000E+3
-9.387770000E-7	-2.853590000E-6	7.967100000E+0	9.999551758E+3	2.779048000E+3
-8.940730000E-7	-2.771630000E-6	7.978700000E+0	9.999551758E+3	2.781440000E+3
-8.940730000E-7	-2.704580000E-6	7.989000000E+0	9.999551758E+3	2.783013000E+3
-8.940730000E-7	-2.689670000E-6	7.999500000E+0	9.999551758E+3	2.785025000E+3
-8.940730000E-7	-2.600270000E-6	8.011000000E+0	9.999551758E+3	2.787471000E+3
-8.717220000E-7	-2.667320000E-6	8.022300000E+0	9.999551758E+3	2.789464000E+3
-6.407540000E-7	-2.592820000E-6	8.033300000E+0	9.999551758E+3	2.792392000E+3
-7.227100000E-7	-2.644970000E-6	8.045000000E+0	9.999551758E+3	2.794351000E+3
-6.631050000E-7	-2.577920000E-6	8.055400000E+0	9.999551758E+3	2.796367000E+3
-6.929080000E-7	-2.495960000E-6	8.065900000E+0	9.999551758E+3	2.798409000E+3
-7.003580000E-7	-2.466160000E-6	8.076300000E+0	9.999551758E+3	2.800497000E+3
-7.301610000E-7	-2.518310000E-6	8.087200000E+0	9.999551758E+3	2.802988000E+3
-7.152590000E-7	-2.622620000E-6	8.098900000E+0	9.999551758E+3	2.805761000E+3
-7.897650000E-7	-2.667320000E-6	8.109700000E+0	9.999551758E+3	2.807377000E+3
-6.556550000E-7	-2.592820000E-6	8.119800000E+0	9.999551758E+3	2.809293000E+3
-6.482040000E-7	-2.510860000E-6	8.129900000E+0	9.999551758E+3	2.811328000E+3
-6.705560000E-7	-2.495960000E-6	8.139900000E+0	9.999551758E+3	2.813305000E+3
-6.705560000E-7	-2.481060000E-6	8.150800000E+0	9.999551758E+3	2.815767000E+3
-7.897650000E-7	-2.503410000E-6	8.161800000E+0	9.999551758E+3	2.817734000E+3
-8.270180000E-7	-2.615170000E-6	8.173700000E+0	9.999551758E+3	2.820147000E+3
-7.674130000E-7	-2.592820000E-6	8.185500000E+0	9.999551758E+3	2.822111000E+3
-7.972160000E-7	-2.481060000E-6	8.195700000E+0	9.999551758E+3	2.824523000E+3
-7.003580000E-7	-2.577920000E-6	8.205900000E+0	9.999551758E+3	2.826947000E+3
-8.270180000E-7	-2.548110000E-6	8.217700000E+0	9.999551758E+3	2.828919000E+3
-7.599630000E-7	-2.615170000E-6	8.230200000E+0	9.999551758E+3	2.831327000E+3
-7.897650000E-7	-2.503410000E-6	8.240400000E+0	9.999551758E+3	2.833439000E+3
-7.450620000E-7	-2.503410000E-6	8.251100000E+0	9.999551758E+3	2.835853000E+3
-7.674130000E-7	-2.533210000E-6	8.262000000E+0	9.999551758E+3	2.837457000E+3
-7.674130000E-7	-2.518310000E-6	8.273100000E+0	9.999551758E+3	2.839857000E+3
-7.674130000E-7	-2.540660000E-6	8.283800000E+0	9.999551758E+3	2.842312000E+3
-7.823150000E-7	-2.533210000E-6	8.294600000E+0	9.999551758E+3	2.844337000E+3
-7.748640000E-7	-2.555560000E-6	8.305600000E+0	9.999551758E+3	2.846655000E+3
-8.717220000E-7	-2.555560000E-6	8.316000000E+0	9.999551758E+3	2.849040000E+3
-8.791720000E-7	-2.607720000E-6	8.327300000E+0	9.999551758E+3	2.850899000E+3
-8.344690000E-7	-2.563010000E-6	8.338000000E+0	9.999551758E+3	2.852812000E+3
-9.462270000E-7	-2.540660000E-6	8.348300000E+0	9.999551758E+3	2.855179000E+3
-9.536820000E-7	-2.570460000E-6	8.359000000E+0	9.999551758E+3	2.857162000E+3
-8.717220000E-7	-2.600270000E-6	8.369800000E+0	9.999551758E+3	2.859602000E+3
-7.823150000E-7	-2.607720000E-6	8.380200000E+0	9.999551758E+3	2.861583000E+3
-8.195680000E-7	-2.607720000E-6	8.391400000E+0	9.999551758E+3	2.863645000E+3
-7.748640000E-7	-2.600270000E-6	8.401500000E+0	9.999551758E+3	2.865606000E+3
-7.152590000E-7	-2.592820000E-6	8.412200000E+0	9.999551758E+3	2.867574000E+3
-6.258520000E-7	-2.600270000E-6	8.423000000E+0	9.999551758E+3	2.870381000E+3
-7.003580000E-7	-2.503410000E-6	8.433200000E+0	9.999551758E+3	2.872422000E+3
-7.301610000E-7	-2.503410000E-6	8.444400000E+0	9.999551758E+3	2.874367000E+3
-8.046660000E-7	-2.607720000E-6	8.454900000E+0	9.999551758E+3	2.876364000E+3
-8.940730000E-7	-2.674770000E-6	8.466300000E+0	9.999551758E+3	2.878790000E+3
-8.270180000E-7	-2.674770000E-6	8.477300000E+0	9.999551758E+3	2.880383000E+3
-8.121170000E-7	-2.607720000E-6	8.489400000E+0	9.999551758E+3	2.883179000E+3
-8.866230000E-7	-2.600270000E-6	8.499700000E+0	9.999551758E+3	2.885223000E+3
-7.599630000E-7	-2.622620000E-6	8.511800000E+0	9.999551758E+3	2.887608000E+3
-8.419190000E-7	-2.644970000E-6	8.523100000E+0	9.999551758E+3	2.889963000E+3
-7.897650000E-7	-2.570460000E-6	8.534300000E+0	9.999551758E+3	2.892647000E+3
-7.003580000E-7	-2.622620000E-6	8.544800000E+0	9.999551758E+3	2.894285000E+3
-6.929080000E-7	-2.726930000E-6	8.556200000E+0	9.999551758E+3	2.896237000E+3
-7.748640000E-7	-2.667320000E-6	8.566300000E+0	9.999551758E+3	2.898646000E+3
-7.674130000E-7	-2.600270000E-6	8.577800000E+0	9.999551758E+3	2.901017000E+3
-7.823150000E-7	-2.600270000E-6	8.588200000E+0	9.999551758E+3	2.903008000E+3
-7.674130000E-7	-2.622620000E-6	8.600600000E+0	9.999551758E+3	2.905453000E+3
-6.184020000E-7	-2.525760000E-6	8.611800000E+0	9.999551758E+3	2.907425000E+3
-6.929080000E-7	-2.540660000E-6	8.622500000E+0	9.999551758E+3	2.909859000E+3
-7.003580000E-7	-2.592820000E-6	8.633000000E+0	9.999551758E+3	2.911822000E+3
-8.121170000E-7	-2.615170000E-6	8.643100000E+0	9.999551758E+3	2.913817000E+3
-7.152590000E-7	-2.674770000E-6	8.653500000E+0	9.999551758E+3	2.916214000E+3
-6.929080000E-7	-2.592820000E-6	8.664600000E+0	9.999551758E+3	2.918673000E+3
-8.344690000E-7	-2.682220000E-6	8.675000000E+0	9.999551758E+3	2.920679000E+3
-8.046660000E-7	-2.637520000E-6	8.685100000E+0	9.999551758E+3	2.922652000E+3
-8.121170000E-7	-2.689670000E-6	8.697100000E+0	9.999551758E+3	2.924672000E+3
-8.270180000E-7	-2.667320000E-6	8.708300000E+0	9.999551758E+3	2.927227000E+3
-7.748640000E-7	-2.719480000E-6	8.718900000E+0	9.999551758E+3	2.928753000E+3
-6.705560000E-7	-2.682220000E-6	8.730700000E+0	9.999551758E+3	2.931161000E+3
-6.482040000E-7	-2.630070000E-6	8.741300000E+0	9.999551758E+3	2.933612000E+3
-8.270180000E-7	-2.667320000E-6	8.751600000E+0	9.999551758E+3	2.935977000E+3
-8.940730000E-7	-2.726930000E-6	8.762500000E+0	9.999551758E+3	2.938417000E+3
-8.493700000E-7	-2.697120000E-6	8.772900000E+0	9.999551758E+3	2.939954000E+3
-7.450620000E-7	-2.644970000E-6	8.783600000E+0	9.999551758E+3	2.941961000E+3
-6.929080000E-7	-2.600270000E-6	8.794200000E+0	9.999551758E+3	2.943968000E+3
-6.407540000E-7	-2.630070000E-6	8.804900000E+0	9.999551758E+3	2.946406000E+3
-8.121170000E-7	-2.712030000E-6	8.815600000E+0	9.999551758E+3	2.948787000E+3
-6.854570000E-7	-2.622620000E-6	8.827600000E+0	9.999551758E+3	2.951370000E+3
-7.003580000E-7	-2.607720000E-6	8.837800000E+0	9.999551758E+3	2.952938000E+3
-6.035010000E-7	-2.644970000E-6	8.850100000E+0	9.999551758E+3	2.955567000E+3
-6.109510000E-7	-2.600270000E-6	8.860500000E+0	9.999551758E+3	2.957493000E+3
-6.556550000E-7	-2.555560000E-6	8.871600000E+0	9.999551758E+3	2.959845000E+3
-5.736980000E-7	-2.615170000E-6	8.881700000E+0	9.999551758E+3	2.961826000E+3
-6.184020000E-7	-2.540660000E-6	8.892300000E+0	9.999551758E+3	2.963897000E+3
-6.556550000E-7	-2.659870000E-6	8.902700000E+0	9.999551758E+3	2.965849000E+3
-6.929080000E-7	-2.503410000E-6	8.913400000E+0	9.999551758E+3	2.968247000E+3
-6.333030000E-7	-2.563010000E-6	8.925100000E+0	9.999551758E+3	2.970685000E+3
-6.407540000E-7	-2.592820000E-6	8.935600000E+0	9.999551758E+3	2.972290000E+3
-7.003580000E-7	-2.622620000E-6	8.945900000E+0	9.999551758E+3	2.974666000E+3
-8.121170000E-7	-2.659870000E-6	8.957000000E+0	9.999551758E+3	2.976675000E+3
-7.748640000E-7	-2.697120000E-6	8.967200000E+0	9.999551758E+3	2.978634000E+3
-7.301610000E-7	-2.615170000E-6	8.978600000E+0	9.999551758E+3	2.981077000E+3
-7.450620000E-7	-2.644970000E-6	8.988900000E+0	9.999551758E+3	2.983476000E+3
-7.376110000E-7	-2.607720000E-6	9.001000000E+0	9.999551758E+3	2.985869000E+3
