20240423_HM455NbTa2Zr_chiAC_vs_T_B_3T.002.txt Wed, Apr 23, 2025 4:52:25 PM Juan Gabe
Magnet: None
Trigger spacing of 0.010000 on column #3
Offsets:	0.000000000E+0	0.000000000E+0	0.000000000E+0	0.000000000E+0	0.000000000E+0

Scale Factors:	1.000000000E+0	1.000000000E+0	1.000000000E+0	1.000000000E+0	1.000000000E+0

3T
Lockin_V_002	Chan2_V_002	Temperture_002	Field_002	Timestamp_002
2.086170000E-7	-1.600400000E-5	9.000100000E+0	2.999954297E+4	2.800000000E-2
2.086170000E-7	-1.651060000E-5	8.988500000E+0	2.999954297E+4	5.450200000E+1
-1.609330000E-6	-1.573570000E-5	8.978400000E+0	2.999954297E+4	5.618400000E+1
1.668940000E-6	-1.698740000E-5	8.965800000E+0	2.999954297E+4	5.815600000E+1
1.072890000E-6	-1.662980000E-5	8.955200000E+0	2.999954297E+4	5.973300000E+1
-3.874320000E-7	-1.639140000E-5	8.943300000E+0	2.999954297E+4	6.173900000E+1
2.592820000E-6	-1.728550000E-5	8.932600000E+0	2.999954297E+4	6.458500000E+1
1.311310000E-6	-1.698740000E-5	8.920500000E+0	2.999954297E+4	6.656400000E+1
2.324600000E-6	-1.722590000E-5	8.909100000E+0	2.999954297E+4	6.893200000E+1
2.563010000E-6	-1.710660000E-5	8.897800000E+0	2.999954297E+4	7.136300000E+1
4.112750000E-6	-1.764310000E-5	8.885800000E+0	2.999954297E+4	7.375900000E+1
1.996770000E-6	-1.713650000E-5	8.874200000E+0	2.999954297E+4	7.571300000E+1
3.457080000E-6	-1.743450000E-5	8.861900000E+0	2.999954297E+4	7.816000000E+1
5.960500000E-7	-1.683840000E-5	8.851300000E+0	2.999954297E+4	8.024000000E+1
4.828010000E-6	-1.800070000E-5	8.839600000E+0	2.999954297E+4	8.299200000E+1
4.142550000E-6	-1.794110000E-5	8.828500000E+0	2.999954297E+4	8.517900000E+1
4.351170000E-6	-1.797090000E-5	8.817200000E+0	2.999954297E+4	8.724700000E+1
2.622620000E-6	-1.737490000E-5	8.805400000E+0	2.999954297E+4	8.920300000E+1
2.563010000E-6	-1.716630000E-5	8.794000000E+0	2.999954297E+4	9.203000000E+1
3.427280000E-6	-1.761330000E-5	8.783800000E+0	2.999954297E+4	9.398800000E+1
2.861040000E-6	-1.752390000E-5	8.772600000E+0	2.999954297E+4	9.559300000E+1
2.712030000E-6	-1.758350000E-5	8.761700000E+0	2.999954297E+4	9.797600000E+1
1.907360000E-6	-1.722590000E-5	8.751100000E+0	2.999954297E+4	1.003950000E+2
1.490130000E-7	-1.642120000E-5	8.740000000E+0	2.999954297E+4	1.023860000E+2
3.278270000E-7	-1.671920000E-5	8.729700000E+0	2.999954297E+4	1.048790000E+2
2.890840000E-6	-1.740470000E-5	8.717000000E+0	2.999954297E+4	1.072280000E+2
2.771630000E-6	-1.761330000E-5	8.705400000E+0	2.999954297E+4	1.091870000E+2
5.155830000E-6	-1.859680000E-5	8.694200000E+0	2.999954297E+4	1.116240000E+2
5.722080000E-6	-1.856700000E-5	8.683200000E+0	2.999954297E+4	1.136340000E+2
5.334640000E-6	-1.823910000E-5	8.670800000E+0	2.999954297E+4	1.163960000E+2
6.824760000E-6	-1.946100000E-5	8.660000000E+0	2.999954297E+4	1.188340000E+2
2.861040000E-6	-1.803050000E-5	8.648000000E+0	2.999954297E+4	1.208530000E+2
3.963740000E-6	-1.806030000E-5	8.636400000E+0	2.999954297E+4	1.228010000E+2
4.261760000E-6	-1.806030000E-5	8.624600000E+0	2.999954297E+4	1.256440000E+2
6.020100000E-6	-1.850740000E-5	8.613600000E+0	2.999954297E+4	1.280030000E+2
6.496940000E-6	-1.853720000E-5	8.603100000E+0	2.999954297E+4	1.299940000E+2
6.705550000E-6	-1.847760000E-5	8.590600000E+0	2.999954297E+4	1.319830000E+2
7.033380000E-6	-1.847760000E-5	8.578900000E+0	2.999954297E+4	1.349070000E+2
6.943970000E-6	-1.856700000E-5	8.568100000E+0	2.999954297E+4	1.367920000E+2
5.006820000E-6	-1.835830000E-5	8.556500000E+0	2.999954297E+4	1.392280000E+2
6.347920000E-6	-1.874580000E-5	8.545000000E+0	2.999954297E+4	1.417500000E+2
6.616140000E-6	-1.859680000E-5	8.534800000E+0	2.999954297E+4	1.436160000E+2
6.258520000E-6	-1.835830000E-5	8.523100000E+0	2.999954297E+4	1.459170000E+2
2.056370000E-6	-1.734510000E-5	8.512000000E+0	2.999954297E+4	1.482790000E+2
3.188860000E-6	-1.767290000E-5	8.501900000E+0	2.999954297E+4	1.503330000E+2
1.668940000E-6	-1.704700000E-5	8.491700000E+0	2.999954297E+4	1.523000000E+2
3.904130000E-6	-1.800070000E-5	8.480200000E+0	2.999954297E+4	1.542490000E+2
4.142550000E-6	-1.826890000E-5	8.470000000E+0	2.999954297E+4	1.566620000E+2
5.424050000E-6	-1.856700000E-5	8.458100000E+0	2.999954297E+4	1.586720000E+2
4.977020000E-6	-1.862660000E-5	8.447600000E+0	2.999954297E+4	1.607420000E+2
3.397480000E-6	-1.814970000E-5	8.437100000E+0	2.999954297E+4	1.630660000E+2
2.980250000E-6	-1.809010000E-5	8.426700000E+0	2.999954297E+4	1.655170000E+2
4.351170000E-6	-1.841800000E-5	8.415000000E+0	2.999954297E+4	1.674900000E+2
5.543260000E-6	-1.880540000E-5	8.403500000E+0	2.999954297E+4	1.695220000E+2
5.871090000E-6	-1.877560000E-5	8.392400000E+0	2.999954297E+4	1.718980000E+2
5.096230000E-6	-1.877560000E-5	8.382200000E+0	2.999954297E+4	1.738580000E+2
4.023340000E-6	-1.841800000E-5	8.371000000E+0	2.999954297E+4	1.762880000E+2
4.023340000E-6	-1.850740000E-5	8.357800000E+0	2.999954297E+4	1.790770000E+2
3.844530000E-6	-1.874580000E-5	8.346800000E+0	2.999954297E+4	1.810770000E+2
3.963740000E-6	-1.874580000E-5	8.334000000E+0	2.999954297E+4	1.834570000E+2
4.828010000E-6	-1.862660000E-5	8.323300000E+0	2.999954297E+4	1.859420000E+2
5.155830000E-6	-1.895440000E-5	8.312400000E+0	2.999954297E+4	1.882760000E+2
6.139310000E-6	-1.922260000E-5	8.301800000E+0	2.999954297E+4	1.899240000E+2
4.589590000E-6	-1.898420000E-5	8.291500000E+0	2.999954297E+4	1.923280000E+2
4.619390000E-6	-1.886500000E-5	8.280800000E+0	2.999954297E+4	1.942710000E+2
5.006820000E-6	-1.901400000E-5	8.270500000E+0	2.999954297E+4	1.964220000E+2
1.490120000E-6	-1.791130000E-5	8.258800000E+0	2.999954297E+4	1.992100000E+2
3.308070000E-6	-1.835830000E-5	8.247800000E+0	2.999954297E+4	2.007960000E+2
2.235190000E-6	-1.850740000E-5	8.237000000E+0	2.999954297E+4	2.025360000E+2
2.861040000E-6	-1.835830000E-5	8.225100000E+0	2.999954297E+4	2.054770000E+2
3.993540000E-6	-1.859680000E-5	8.213600000E+0	2.999954297E+4	2.076020000E+2
2.384200000E-6	-1.838810000E-5	8.203200000E+0	2.999954297E+4	2.097430000E+2
2.294790000E-6	-1.814970000E-5	8.192600000E+0	2.999954297E+4	2.128820000E+2
2.890840000E-6	-1.832850000E-5	8.181200000E+0	2.999954297E+4	2.143380000E+2
3.993540000E-6	-1.844780000E-5	8.169800000E+0	2.999954297E+4	2.164150000E+2
3.695500000E-6	-1.892460000E-5	8.159300000E+0	2.999954297E+4	2.185370000E+2
1.847750000E-6	-1.832850000E-5	8.148400000E+0	2.999954297E+4	2.210220000E+2
2.652420000E-6	-1.844780000E-5	8.138200000E+0	2.999954297E+4	2.228330000E+2
3.248470000E-6	-1.889480000E-5	8.126800000E+0	2.999954297E+4	2.248870000E+2
3.278270000E-6	-1.883520000E-5	8.116500000E+0	2.999954297E+4	2.274310000E+2
7.152590000E-7	-1.823910000E-5	8.106400000E+0	2.999954297E+4	2.291470000E+2
2.086180000E-6	-1.853720000E-5	8.094000000E+0	2.999954297E+4	2.317740000E+2
1.430520000E-6	-1.814970000E-5	8.083200000E+0	2.999954297E+4	2.340510000E+2
1.341110000E-6	-1.856700000E-5	8.071400000E+0	2.999954297E+4	2.368610000E+2
2.026570000E-6	-1.844780000E-5	8.060100000E+0	2.999954297E+4	2.382680000E+2
2.682220000E-6	-1.877560000E-5	8.049300000E+0	2.999954297E+4	2.402690000E+2
1.549730000E-6	-1.856700000E-5	8.038400000E+0	2.999954297E+4	2.430230000E+2
2.443800000E-6	-1.871600000E-5	8.027200000E+0	2.999954297E+4	2.453640000E+2
2.056370000E-6	-1.838810000E-5	8.016500000E+0	2.999954297E+4	2.471470000E+2
3.188860000E-6	-1.874580000E-5	8.005900000E+0	2.999954297E+4	2.493120000E+2
1.758340000E-6	-1.853720000E-5	7.993700000E+0	2.999954297E+4	2.514020000E+2
1.162300000E-6	-1.814970000E-5	7.983200000E+0	2.999954297E+4	2.537660000E+2
1.996770000E-6	-1.826890000E-5	7.970900000E+0	2.999954297E+4	2.560250000E+2
5.960500000E-7	-1.809010000E-5	7.959900000E+0	2.999954297E+4	2.588390000E+2
8.940730000E-7	-1.817950000E-5	7.946800000E+0	2.999954297E+4	2.609900000E+2
8.344690000E-7	-1.838810000E-5	7.935600000E+0	2.999954297E+4	2.630870000E+2
1.877550000E-6	-1.847760000E-5	7.924000000E+0	2.999954297E+4	2.656630000E+2
1.311310000E-6	-1.856700000E-5	7.911800000E+0	2.999954297E+4	2.682590000E+2
9.834840000E-7	-1.838810000E-5	7.900300000E+0	2.999954297E+4	2.704370000E+2
2.771630000E-6	-1.877560000E-5	7.889600000E+0	2.999954297E+4	2.723480000E+2
2.354400000E-6	-1.847760000E-5	7.878700000E+0	2.999954297E+4	2.750950000E+2
1.937170000E-6	-1.853720000E-5	7.868100000E+0	2.999954297E+4	2.770170000E+2
3.397480000E-6	-1.889480000E-5	7.857400000E+0	2.999954297E+4	2.789580000E+2
2.175580000E-6	-1.868620000E-5	7.847000000E+0	2.999954297E+4	2.812230000E+2
2.890840000E-6	-1.883520000E-5	7.834700000E+0	2.999954297E+4	2.832330000E+2
3.874320000E-7	-1.820930000E-5	7.823700000E+0	2.999954297E+4	2.854200000E+2
4.917410000E-6	-1.907360000E-5	7.812300000E+0	2.999954297E+4	2.884180000E+2
4.649190000E-6	-1.880540000E-5	7.800000000E+0	2.999954297E+4	2.904660000E+2
4.619390000E-6	-1.877560000E-5	7.789200000E+0	2.999954297E+4	2.924840000E+2
4.529980000E-6	-1.904380000E-5	7.778100000E+0	2.999954297E+4	2.947240000E+2
3.814730000E-6	-1.874580000E-5	7.766900000E+0	2.999954297E+4	2.967120000E+2
3.695500000E-6	-1.916300000E-5	7.756600000E+0	2.999954297E+4	2.992580000E+2
1.221900000E-6	-1.883520000E-5	7.745800000E+0	2.999954297E+4	3.013760000E+2
1.430520000E-6	-1.853720000E-5	7.733000000E+0	2.999954297E+4	3.039230000E+2
4.768410000E-7	-1.820930000E-5	7.721500000E+0	2.999954297E+4	3.058960000E+2
-7.748640000E-7	-1.862660000E-5	7.709800000E+0	2.999954297E+4	3.086080000E+2
-5.364450000E-7	-1.838810000E-5	7.699500000E+0	2.999954297E+4	3.105680000E+2
8.940730000E-7	-1.850740000E-5	7.687300000E+0	2.999954297E+4	3.132010000E+2
1.043090000E-6	-1.856700000E-5	7.675600000E+0	2.999954297E+4	3.152450000E+2
2.056370000E-6	-1.856700000E-5	7.665200000E+0	2.999954297E+4	3.178480000E+2
1.728540000E-6	-1.826890000E-5	7.655000000E+0	2.999954297E+4	3.193780000E+2
2.026570000E-6	-1.856700000E-5	7.643500000E+0	2.999954297E+4	3.221690000E+2
3.308070000E-6	-1.889480000E-5	7.632300000E+0	2.999954297E+4	3.240250000E+2
2.145780000E-6	-1.880540000E-5	7.621400000E+0	2.999954297E+4	3.261800000E+2
3.248470000E-6	-1.865640000E-5	7.610500000E+0	2.999954297E+4	3.283710000E+2
2.384200000E-6	-1.871600000E-5	7.600400000E+0	2.999954297E+4	3.303090000E+2
1.162300000E-6	-1.856700000E-5	7.588900000E+0	2.999954297E+4	3.325710000E+2
4.112750000E-6	-1.910340000E-5	7.574700000E+0	2.999954297E+4	3.353750000E+2
3.814730000E-6	-1.868620000E-5	7.563800000E+0	2.999954297E+4	3.375520000E+2
1.877550000E-6	-1.883520000E-5	7.551900000E+0	2.999954297E+4	3.401180000E+2
2.324600000E-6	-1.901400000E-5	7.540900000E+0	2.999954297E+4	3.421870000E+2
1.639140000E-6	-1.886500000E-5	7.530700000E+0	2.999954297E+4	3.446450000E+2
2.682230000E-7	-1.841800000E-5	7.517300000E+0	2.999954297E+4	3.464850000E+2
1.877550000E-6	-1.850740000E-5	7.506300000E+0	2.999954297E+4	3.492980000E+2
8.940730000E-7	-1.853720000E-5	7.496000000E+0	2.999954297E+4	3.509710000E+2
1.251700000E-6	-1.841800000E-5	7.485800000E+0	2.999954297E+4	3.530930000E+2
3.874330000E-6	-1.877560000E-5	7.474000000E+0	2.999954297E+4	3.556640000E+2
1.430520000E-6	-1.835830000E-5	7.463500000E+0	2.999954297E+4	3.582290000E+2
1.609330000E-6	-1.847760000E-5	7.453000000E+0	2.999954297E+4	3.600020000E+2
1.490120000E-6	-1.844780000E-5	7.443000000E+0	2.999954297E+4	3.615400000E+2
0.000000000E+0	-1.809010000E-5	7.432400000E+0	2.999954297E+4	3.641660000E+2
7.152590000E-7	-1.826890000E-5	7.422100000E+0	2.999954297E+4	3.662500000E+2
9.238760000E-7	-1.814970000E-5	7.410100000E+0	2.999954297E+4	3.688090000E+2
2.324600000E-6	-1.850740000E-5	7.398800000E+0	2.999954297E+4	3.704500000E+2
1.907360000E-6	-1.823910000E-5	7.387800000E+0	2.999954297E+4	3.725730000E+2
1.788150000E-6	-1.823910000E-5	7.376900000E+0	2.999954297E+4	3.750190000E+2
2.771630000E-6	-1.850740000E-5	7.364300000E+0	2.999954297E+4	3.776270000E+2
1.698740000E-6	-1.832850000E-5	7.353000000E+0	2.999954297E+4	3.800220000E+2
1.221900000E-6	-1.811990000E-5	7.342800000E+0	2.999954297E+4	3.819330000E+2
2.235190000E-6	-1.847760000E-5	7.331200000E+0	2.999954297E+4	3.843520000E+2
8.940730000E-7	-1.820930000E-5	7.318800000E+0	2.999954297E+4	3.868520000E+2
9.238760000E-7	-1.794110000E-5	7.306300000E+0	2.999954297E+4	3.894040000E+2
5.960510000E-8	-1.773250000E-5	7.295500000E+0	2.999954297E+4	3.911050000E+2
2.890840000E-6	-1.737490000E-5	7.282500000E+0	2.999954297E+4	3.939280000E+2
3.665700000E-6	-1.782190000E-5	7.272300000E+0	2.999954297E+4	3.957640000E+2
3.248470000E-6	-1.716630000E-5	7.260900000E+0	2.999954297E+4	3.986030000E+2
3.308070000E-6	-1.764310000E-5	7.248900000E+0	2.999954297E+4	4.007360000E+2
1.341110000E-6	-1.725570000E-5	7.237100000E+0	2.999954297E+4	4.024340000E+2
7.748640000E-7	-1.722590000E-5	7.225700000E+0	2.999954297E+4	4.055070000E+2
1.132500000E-6	-1.707680000E-5	7.213600000E+0	2.999954297E+4	4.074210000E+2
2.443800000E-6	-1.752390000E-5	7.203000000E+0	2.999954297E+4	4.096380000E+2
1.847750000E-6	-1.716630000E-5	7.191600000E+0	2.999954297E+4	4.120880000E+2
2.682220000E-6	-1.764310000E-5	7.180400000E+0	2.999954297E+4	4.147270000E+2
2.503410000E-6	-1.764310000E-5	7.169100000E+0	2.999954297E+4	4.167140000E+2
2.712030000E-6	-1.770270000E-5	7.158300000E+0	2.999954297E+4	4.188470000E+2
2.741830000E-6	-1.767290000E-5	7.147500000E+0	2.999954297E+4	4.209780000E+2
2.026570000E-6	-1.755370000E-5	7.136700000E+0	2.999954297E+4	4.232960000E+2
2.890840000E-6	-1.737490000E-5	7.125500000E+0	2.999954297E+4	4.255330000E+2
1.937170000E-6	-1.692780000E-5	7.112700000E+0	2.999954297E+4	4.274370000E+2
1.668940000E-6	-1.725570000E-5	7.100400000E+0	2.999954297E+4	4.305700000E+2
2.682220000E-6	-1.722590000E-5	7.090100000E+0	2.999954297E+4	4.324070000E+2
1.370910000E-6	-1.716630000E-5	7.079500000E+0	2.999954297E+4	4.344940000E+2
1.430520000E-6	-1.734510000E-5	7.067100000E+0	2.999954297E+4	4.369700000E+2
1.579530000E-6	-1.755370000E-5	7.056000000E+0	2.999954297E+4	4.391780000E+2
1.430520000E-6	-1.716630000E-5	7.044100000E+0	2.999954297E+4	4.416670000E+2
1.996770000E-6	-1.707680000E-5	7.031700000E+0	2.999954297E+4	4.440510000E+2
8.940730000E-7	-1.707680000E-5	7.020700000E+0	2.999954297E+4	4.463190000E+2
1.311310000E-6	-1.710660000E-5	7.009100000E+0	2.999954297E+4	4.487120000E+2
1.579530000E-6	-1.677880000E-5	6.998400000E+0	2.999954297E+4	4.509840000E+2
2.384200000E-6	-1.713650000E-5	6.987600000E+0	2.999954297E+4	4.530500000E+2
-1.192100000E-7	-1.698740000E-5	6.975300000E+0	2.999954297E+4	4.551460000E+2
1.370910000E-6	-1.710660000E-5	6.963500000E+0	2.999954297E+4	4.576440000E+2
2.294790000E-6	-1.734510000E-5	6.951700000E+0	2.999954297E+4	4.598000000E+2
3.159060000E-6	-1.758350000E-5	6.941000000E+0	2.999954297E+4	4.626190000E+2
2.235190000E-6	-1.764310000E-5	6.930100000E+0	2.999954297E+4	4.649180000E+2
2.414000000E-6	-1.797090000E-5	6.918700000E+0	2.999954297E+4	4.664490000E+2
5.662480000E-7	-1.752390000E-5	6.907900000E+0	2.999954297E+4	4.686420000E+2
8.046660000E-7	-1.791130000E-5	6.897200000E+0	2.999954297E+4	4.711910000E+2
4.470370000E-7	-1.785170000E-5	6.886200000E+0	2.999954297E+4	4.732520000E+2
1.937170000E-6	-1.809010000E-5	6.873300000E+0	2.999954297E+4	4.758550000E+2
1.490130000E-7	-1.773250000E-5	6.862400000E+0	2.999954297E+4	4.775180000E+2
-7.450620000E-7	-1.734510000E-5	6.850700000E+0	2.999954297E+4	4.803300000E+2
1.281510000E-6	-1.773250000E-5	6.839300000E+0	2.999954297E+4	4.826010000E+2
8.940730000E-7	-1.779210000E-5	6.827200000E+0	2.999954297E+4	4.853960000E+2
-1.162300000E-6	-1.683840000E-5	6.815700000E+0	2.999954297E+4	4.871160000E+2
-1.311310000E-6	-1.704700000E-5	6.804900000E+0	2.999954297E+4	4.895820000E+2
-1.490130000E-7	-1.746430000E-5	6.793700000E+0	2.999954297E+4	4.917820000E+2
-6.854570000E-7	-1.728550000E-5	6.783400000E+0	2.999954297E+4	4.939970000E+2
-9.834840000E-7	-1.728550000E-5	6.771000000E+0	2.999954297E+4	4.960870000E+2
-1.609330000E-6	-1.722590000E-5	6.759900000E+0	2.999954297E+4	4.985790000E+2
5.662480000E-7	-1.740470000E-5	6.748400000E+0	2.999954297E+4	5.007590000E+2
5.066430000E-7	-1.686820000E-5	6.736500000E+0	2.999954297E+4	5.032960000E+2
-2.384200000E-7	-1.692780000E-5	6.723600000E+0	2.999954297E+4	5.056410000E+2
-2.384200000E-7	-1.692780000E-5	6.712100000E+0	2.999954297E+4	5.075590000E+2
-1.460320000E-6	-1.668940000E-5	6.700100000E+0	2.999954297E+4	5.103140000E+2
-1.668940000E-6	-1.710660000E-5	6.689100000E+0	2.999954297E+4	5.122550000E+2
-1.370910000E-6	-1.689800000E-5	6.677100000E+0	2.999954297E+4	5.154420000E+2
-1.013290000E-6	-1.707680000E-5	6.664700000E+0	2.999954297E+4	5.175200000E+2
-4.768410000E-7	-1.716630000E-5	6.654500000E+0	2.999954297E+4	5.192880000E+2
-5.960500000E-7	-1.737490000E-5	6.642100000E+0	2.999954297E+4	5.217870000E+2
-1.430520000E-6	-1.740470000E-5	6.631200000E+0	2.999954297E+4	5.244570000E+2
-8.046660000E-7	-1.734510000E-5	6.619000000E+0	2.999954297E+4	5.268600000E+2
-6.258520000E-7	-1.725570000E-5	6.608000000E+0	2.999954297E+4	5.291550000E+2
-1.639140000E-6	-1.743450000E-5	6.597500000E+0	2.999954297E+4	5.307410000E+2
-3.874320000E-7	-1.752390000E-5	6.586500000E+0	2.999954297E+4	5.333950000E+2
4.470370000E-7	-1.770270000E-5	6.575200000E+0	2.999954297E+4	5.356590000E+2
-5.364450000E-7	-1.743450000E-5	6.562100000E+0	2.999954297E+4	5.380550000E+2
-3.576300000E-7	-1.755370000E-5	6.551200000E+0	2.999954297E+4	5.403510000E+2
1.877550000E-6	-1.782190000E-5	6.538100000E+0	2.999954297E+4	5.427800000E+2
5.960500000E-7	-1.797090000E-5	6.527500000E+0	2.999954297E+4	5.450020000E+2
-1.490130000E-7	-1.770270000E-5	6.514600000E+0	2.999954297E+4	5.475260000E+2
-8.642710000E-7	-1.809010000E-5	6.502900000E+0	2.999954297E+4	5.496800000E+2
5.960510000E-8	-1.811990000E-5	6.492000000E+0	2.999954297E+4	5.522530000E+2
8.940740000E-8	-1.838810000E-5	6.481800000E+0	2.999954297E+4	5.544180000E+2
1.847750000E-6	-1.889480000E-5	6.470900000E+0	2.999954297E+4	5.565160000E+2
2.682230000E-7	-1.862660000E-5	6.460500000E+0	2.999954297E+4	5.580790000E+2
-6.854570000E-7	-1.883520000E-5	6.448500000E+0	2.999954297E+4	5.607640000E+2
7.450620000E-7	-1.904380000E-5	6.436500000E+0	2.999954297E+4	5.631610000E+2
1.132500000E-6	-1.925240000E-5	6.424500000E+0	2.999954297E+4	5.657980000E+2
2.354400000E-6	-1.990810000E-5	6.412400000E+0	2.999954297E+4	5.677090000E+2
7.152590000E-7	-2.005710000E-5	6.400800000E+0	2.999954297E+4	5.703700000E+2
1.490120000E-6	-2.071270000E-5	6.390300000E+0	2.999954297E+4	5.727330000E+2
0.000000000E+0	-2.065310000E-5	6.379300000E+0	2.999954297E+4	5.746150000E+2
1.251700000E-6	-2.133860000E-5	6.367400000E+0	2.999954297E+4	5.768660000E+2
6.556550000E-7	-2.199420000E-5	6.357200000E+0	2.999954297E+4	5.792760000E+2
0.000000000E+0	-2.256050000E-5	6.345200000E+0	2.999954297E+4	5.814420000E+2
1.311310000E-6	-2.390160000E-5	6.333700000E+0	2.999954297E+4	5.839310000E+2
1.609330000E-6	-2.458700000E-5	6.322000000E+0	2.999954297E+4	5.856710000E+2
-1.430520000E-6	-2.473600000E-5	6.311700000E+0	2.999954297E+4	5.880920000E+2
-1.430520000E-6	-2.598770000E-5	6.300700000E+0	2.999954297E+4	5.903280000E+2
-2.503410000E-6	-2.697120000E-5	6.290500000E+0	2.999954297E+4	5.923350000E+2
-2.294790000E-6	-2.744810000E-5	6.279400000E+0	2.999954297E+4	5.949240000E+2
-3.665700000E-6	-2.768650000E-5	6.268700000E+0	2.999954297E+4	5.962970000E+2
-4.589590000E-6	-2.938520000E-5	6.258400000E+0	2.999954297E+4	5.987810000E+2
-5.900890000E-6	-3.013030000E-5	6.246300000E+0	2.999954297E+4	6.013300000E+2
-6.884370000E-6	-3.135230000E-5	6.234800000E+0	2.999954297E+4	6.033810000E+2
-8.970560000E-6	-3.260400000E-5	6.222200000E+0	2.999954297E+4	6.058010000E+2
-1.174220000E-5	-3.358750000E-5	6.210700000E+0	2.999954297E+4	6.084890000E+2
-1.287470000E-5	-3.403450000E-5	6.200400000E+0	2.999954297E+4	6.101160000E+2
-1.585500000E-5	-3.585240000E-5	6.187700000E+0	2.999954297E+4	6.127280000E+2
-1.785170000E-5	-3.722330000E-5	6.175700000E+0	2.999954297E+4	6.157460000E+2
-1.898420000E-5	-3.781940000E-5	6.164100000E+0	2.999954297E+4	6.172640000E+2
-2.136840000E-5	-3.865380000E-5	6.153900000E+0	2.999954297E+4	6.195260000E+2
-2.351410000E-5	-3.936910000E-5	6.142600000E+0	2.999954297E+4	6.223200000E+2
-2.393140000E-5	-3.972670000E-5	6.131200000E+0	2.999954297E+4	6.241080000E+2
-2.613680000E-5	-4.023340000E-5	6.120200000E+0	2.999954297E+4	6.266240000E+2
-2.881900000E-5	-4.038240000E-5	6.108600000E+0	2.999954297E+4	6.287360000E+2
-2.768650000E-5	-4.088900000E-5	6.097200000E+0	2.999954297E+4	6.313570000E+2
-2.917660000E-5	-4.079960000E-5	6.085500000E+0	2.999954297E+4	6.330000000E+2
-2.974280000E-5	-4.100820000E-5	6.074500000E+0	2.999954297E+4	6.354030000E+2
-3.427290000E-5	-4.041220000E-5	6.062200000E+0	2.999954297E+4	6.380580000E+2
-3.635910000E-5	-4.014400000E-5	6.050700000E+0	2.999954297E+4	6.402100000E+2
-3.775980000E-5	-3.960750000E-5	6.039500000E+0	2.999954297E+4	6.432060000E+2
-4.065060000E-5	-3.859420000E-5	6.027000000E+0	2.999954297E+4	6.449080000E+2
-4.428650000E-5	-3.719350000E-5	6.015000000E+0	2.999954297E+4	6.472500000E+2
-4.577660000E-5	-3.680610000E-5	6.003800000E+0	2.999954297E+4	6.495270000E+2
-4.592560000E-5	-3.638890000E-5	5.991600000E+0	2.999954297E+4	6.523870000E+2
-4.902510000E-5	-3.540540000E-5	5.979000000E+0	2.999954297E+4	6.546910000E+2
-5.003830000E-5	-3.483910000E-5	5.967100000E+0	2.999954297E+4	6.571310000E+2
-5.278010000E-5	-3.361730000E-5	5.955800000E+0	2.999954297E+4	6.592700000E+2
-5.388280000E-5	-3.328940000E-5	5.943600000E+0	2.999954297E+4	6.614010000E+2
-5.489610000E-5	-3.284240000E-5	5.930500000E+0	2.999954297E+4	6.641870000E+2
-5.903860000E-5	-3.144170000E-5	5.918500000E+0	2.999954297E+4	6.665290000E+2
-6.014130000E-5	-3.129270000E-5	5.907300000E+0	2.999954297E+4	6.695340000E+2
-6.008170000E-5	-3.087540000E-5	5.895200000E+0	2.999954297E+4	6.715360000E+2
-6.049890000E-5	-3.105430000E-5	5.883600000E+0	2.999954297E+4	6.732490000E+2
-6.282380000E-5	-3.021970000E-5	5.871300000E+0	2.999954297E+4	6.762110000E+2
-6.431390000E-5	-2.920640000E-5	5.859200000E+0	2.999954297E+4	6.787760000E+2
-6.547620000E-5	-2.881900000E-5	5.849100000E+0	2.999954297E+4	6.804150000E+2
-6.622120000E-5	-2.840170000E-5	5.838600000E+0	2.999954297E+4	6.826350000E+2
-6.818820000E-5	-2.819310000E-5	5.827600000E+0	2.999954297E+4	6.845910000E+2
-6.687690000E-5	-2.816330000E-5	5.816900000E+0	2.999954297E+4	6.871220000E+2
-6.917170000E-5	-2.747790000E-5	5.805000000E+0	2.999954297E+4	6.899340000E+2
-7.018490000E-5	-2.709040000E-5	5.794800000E+0	2.999954297E+4	6.914170000E+2
-7.176450000E-5	-2.694140000E-5	5.784100000E+0	2.999954297E+4	6.937910000E+2
-7.242010000E-5	-2.682220000E-5	5.773500000E+0	2.999954297E+4	6.956750000E+2
-7.352280000E-5	-2.634540000E-5	5.760700000E+0	2.999954297E+4	6.981930000E+2
-7.343340000E-5	-2.613680000E-5	5.749900000E+0	2.999954297E+4	7.000720000E+2
-7.382080000E-5	-2.580890000E-5	5.739400000E+0	2.999954297E+4	7.026540000E+2
-7.516190000E-5	-2.571950000E-5	5.729000000E+0	2.999954297E+4	7.048670000E+2
-7.534070000E-5	-2.571950000E-5	5.718700000E+0	2.999954297E+4	7.068650000E+2
-7.635400000E-5	-2.554070000E-5	5.707500000E+0	2.999954297E+4	7.087310000E+2
-7.581760000E-5	-2.509370000E-5	5.696400000E+0	2.999954297E+4	7.107340000E+2
-7.668180000E-5	-2.473600000E-5	5.683900000E+0	2.999954297E+4	7.138360000E+2
-7.656260000E-5	-2.428900000E-5	5.670300000E+0	2.999954297E+4	7.165140000E+2
-7.849980000E-5	-2.431880000E-5	5.658000000E+0	2.999954297E+4	7.185490000E+2
-7.888720000E-5	-2.354400000E-5	5.646400000E+0	2.999954297E+4	7.213450000E+2
-7.849980000E-5	-2.375260000E-5	5.635800000E+0	2.999954297E+4	7.237050000E+2
-8.058590000E-5	-2.354400000E-5	5.625700000E+0	2.999954297E+4	7.254580000E+2
-8.255290000E-5	-2.327570000E-5	5.612600000E+0	2.999954297E+4	7.275250000E+2
-8.285090000E-5	-2.330550000E-5	5.601300000E+0	2.999954297E+4	7.301220000E+2
-8.225490000E-5	-2.312670000E-5	5.589300000E+0	2.999954297E+4	7.328530000E+2
-8.255290000E-5	-2.303730000E-5	5.577300000E+0	2.999954297E+4	7.348800000E+2
-8.469870000E-5	-2.291810000E-5	5.566200000E+0	2.999954297E+4	7.374780000E+2
-8.404300000E-5	-2.288830000E-5	5.554900000E+0	2.999954297E+4	7.397140000E+2
-8.413240000E-5	-2.285850000E-5	5.544300000E+0	2.999954297E+4	7.421350000E+2
-8.052630000E-5	-2.324590000E-5	5.532800000E+0	2.999954297E+4	7.435980000E+2
-8.359600000E-5	-2.196440000E-5	5.520900000E+0	2.999954297E+4	7.464650000E+2
-8.255290000E-5	-2.214320000E-5	5.509300000E+0	2.999954297E+4	7.487270000E+2
-8.413240000E-5	-2.172600000E-5	5.498600000E+0	2.999954297E+4	7.507930000E+2
-8.410260000E-5	-2.163660000E-5	5.487600000E+0	2.999954297E+4	7.531900000E+2
-8.580140000E-5	-2.127900000E-5	5.475000000E+0	2.999954297E+4	7.551580000E+2
-8.583120000E-5	-2.068290000E-5	5.463600000E+0	2.999954297E+4	7.580530000E+2
-8.541390000E-5	-2.110020000E-5	5.450300000E+0	2.999954297E+4	7.603380000E+2
-8.669540000E-5	-2.074250000E-5	5.439800000E+0	2.999954297E+4	7.622660000E+2
-8.639740000E-5	-2.050410000E-5	5.429100000E+0	2.999954297E+4	7.645840000E+2
-8.595040000E-5	-2.092130000E-5	5.418300000E+0	2.999954297E+4	7.670040000E+2
-8.761930000E-5	-2.056370000E-5	5.407100000E+0	2.999954297E+4	7.688700000E+2
-8.821530000E-5	-2.050410000E-5	5.396900000E+0	2.999954297E+4	7.708740000E+2
-8.857300000E-5	-2.044450000E-5	5.384300000E+0	2.999954297E+4	7.738280000E+2
-8.761930000E-5	-2.017630000E-5	5.373000000E+0	2.999954297E+4	7.756560000E+2
-8.547350000E-5	-2.077230000E-5	5.362000000E+0	2.999954297E+4	7.781910000E+2
-8.857300000E-5	-1.990810000E-5	5.351600000E+0	2.999954297E+4	7.799680000E+2
-9.030150000E-5	-1.975910000E-5	5.339700000E+0	2.999954297E+4	7.824400000E+2
-9.012270000E-5	-1.955040000E-5	5.327200000E+0	2.999954297E+4	7.855440000E+2
-8.991410000E-5	-1.961000000E-5	5.314700000E+0	2.999954297E+4	7.872500000E+2
-9.018230000E-5	-1.955040000E-5	5.302500000E+0	2.999954297E+4	7.902300000E+2
-9.053990000E-5	-1.943120000E-5	5.289500000E+0	2.999954297E+4	7.924600000E+2
-8.949680000E-5	-1.949080000E-5	5.278400000E+0	2.999954297E+4	7.950150000E+2
-8.970550000E-5	-1.975910000E-5	5.267500000E+0	2.999954297E+4	7.971260000E+2
-9.039090000E-5	-1.961000000E-5	5.257200000E+0	2.999954297E+4	7.988560000E+2
-9.143400000E-5	-1.922260000E-5	5.245500000E+0	2.999954297E+4	8.013120000E+2
-9.033130000E-5	-1.969950000E-5	5.233100000E+0	2.999954297E+4	8.040510000E+2
-9.256650000E-5	-1.949080000E-5	5.223100000E+0	2.999954297E+4	8.056450000E+2
-9.161280000E-5	-1.937160000E-5	5.212000000E+0	2.999954297E+4	8.079280000E+2
-9.256650000E-5	-1.922260000E-5	5.201400000E+0	2.999954297E+4	8.099460000E+2
-9.071870000E-5	-1.937160000E-5	5.187300000E+0	2.999954297E+4	8.134370000E+2
-9.334130000E-5	-1.883520000E-5	5.175900000E+0	2.999954297E+4	8.152000000E+2
-9.310290000E-5	-1.922260000E-5	5.164500000E+0	2.999954297E+4	8.176500000E+2
-9.283470000E-5	-1.913320000E-5	5.153900000E+0	2.999954297E+4	8.195830000E+2
-9.340090000E-5	-1.883520000E-5	5.141400000E+0	2.999954297E+4	8.225100000E+2
-9.259630000E-5	-1.910340000E-5	5.130100000E+0	2.999954297E+4	8.245900000E+2
-9.220890000E-5	-1.910340000E-5	5.118400000E+0	2.999954297E+4	8.267010000E+2
-9.286450000E-5	-1.892460000E-5	5.103700000E+0	2.999954297E+4	8.292330000E+2
-9.176180000E-5	-1.877560000E-5	5.091800000E+0	2.999954297E+4	8.323070000E+2
-9.301350000E-5	-1.826890000E-5	5.080700000E+0	2.999954297E+4	8.344530000E+2
-9.426520000E-5	-1.835830000E-5	5.068300000E+0	2.999954297E+4	8.370060000E+2
-9.602350000E-5	-1.791130000E-5	5.055600000E+0	2.999954297E+4	8.388540000E+2
-9.578510000E-5	-1.820930000E-5	5.045100000E+0	2.999954297E+4	8.418340000E+2
-9.563610000E-5	-1.847760000E-5	5.033300000E+0	2.999954297E+4	8.436550000E+2
-9.578510000E-5	-1.811990000E-5	5.020200000E+0	2.999954297E+4	8.466040000E+2
-9.566590000E-5	-1.814970000E-5	5.008700000E+0	2.999954297E+4	8.486440000E+2
-9.286450000E-5	-1.865640000E-5	4.995800000E+0	2.999954297E+4	8.516360000E+2
-9.524870000E-5	-1.829870000E-5	4.982000000E+0	2.999954297E+4	8.538390000E+2
-9.682820000E-5	-1.806030000E-5	4.968300000E+0	2.999954297E+4	8.567130000E+2
-9.700700000E-5	-1.803050000E-5	4.957300000E+0	2.999954297E+4	8.592620000E+2
-9.661960000E-5	-1.803050000E-5	4.944500000E+0	2.999954297E+4	8.614980000E+2
-9.638120000E-5	-1.838810000E-5	4.932300000E+0	2.999954297E+4	8.634990000E+2
-9.563610000E-5	-1.850740000E-5	4.922000000E+0	2.999954297E+4	8.663080000E+2
-9.635140000E-5	-1.800070000E-5	4.909200000E+0	2.999954297E+4	8.682920000E+2
-9.483150000E-5	-1.838810000E-5	4.894900000E+0	2.999954297E+4	8.712630000E+2
-9.527850000E-5	-1.823910000E-5	4.882500000E+0	2.999954297E+4	8.734930000E+2
-9.650040000E-5	-1.823910000E-5	4.872400000E+0	2.999954297E+4	8.760440000E+2
-9.736470000E-5	-1.814970000E-5	4.861600000E+0	2.999954297E+4	8.785760000E+2
-9.754350000E-5	-1.826890000E-5	4.849800000E+0	2.999954297E+4	8.803020000E+2
-9.852690000E-5	-1.826890000E-5	4.837300000E+0	2.999954297E+4	8.832900000E+2
-9.608320000E-5	-1.820930000E-5	4.824400000E+0	2.999954297E+4	8.854110000E+2
-9.679840000E-5	-1.823910000E-5	4.811600000E+0	2.999954297E+4	8.880330000E+2
-9.641100000E-5	-1.788150000E-5	4.799900000E+0	2.999954297E+4	8.904180000E+2
-9.620240000E-5	-1.809010000E-5	4.789500000E+0	2.999954297E+4	8.928270000E+2
-9.566590000E-5	-1.800070000E-5	4.776800000E+0	2.999954297E+4	8.948470000E+2
-9.799050000E-5	-1.755370000E-5	4.764400000E+0	2.999954297E+4	8.977940000E+2
-9.748390000E-5	-1.758350000E-5	4.753200000E+0	2.999954297E+4	9.000280000E+2
-9.661960000E-5	-1.758350000E-5	4.742900000E+0	2.999954297E+4	9.016560000E+2
-9.638120000E-5	-1.806030000E-5	4.732300000E+0	2.999954297E+4	9.047370000E+2
-9.420560000E-5	-1.803050000E-5	4.720100000E+0	2.999954297E+4	9.065120000E+2
-9.480170000E-5	-1.820930000E-5	4.706400000E+0	2.999954297E+4	9.088120000E+2
-9.721560000E-5	-1.797090000E-5	4.695700000E+0	2.999954297E+4	9.116760000E+2
-9.548710000E-5	-1.800070000E-5	4.684500000E+0	2.999954297E+4	9.136160000E+2
-9.894420000E-5	-1.773250000E-5	4.669500000E+0	2.999954297E+4	9.162500000E+2
-9.730500000E-5	-1.794110000E-5	4.658900000E+0	2.999954297E+4	9.189490000E+2
-9.653020000E-5	-1.785170000E-5	4.647100000E+0	2.999954297E+4	9.209940000E+2
-9.566590000E-5	-1.835830000E-5	4.636700000E+0	2.999954297E+4	9.233360000E+2
-9.474200000E-5	-1.814970000E-5	4.626500000E+0	2.999954297E+4	9.250890000E+2
-9.420560000E-5	-1.832850000E-5	4.615700000E+0	2.999954297E+4	9.271160000E+2
-9.602350000E-5	-1.823910000E-5	4.603500000E+0	2.999954297E+4	9.298930000E+2
-9.486130000E-5	-1.814970000E-5	4.589700000E+0	2.999954297E+4	9.324980000E+2
-9.644080000E-5	-1.809010000E-5	4.578600000E+0	2.999954297E+4	9.344290000E+2
-9.563610000E-5	-1.809010000E-5	4.568400000E+0	2.999954297E+4	9.369650000E+2
-9.584470000E-5	-1.809010000E-5	4.557400000E+0	2.999954297E+4	9.392390000E+2
-9.471220000E-5	-1.835830000E-5	4.546000000E+0	2.999954297E+4	9.412350000E+2
-9.679840000E-5	-1.764310000E-5	4.535200000E+0	2.999954297E+4	9.435420000E+2
-9.551690000E-5	-1.773250000E-5	4.524400000E+0	2.999954297E+4	9.455010000E+2
-9.673880000E-5	-1.743450000E-5	4.513300000E+0	2.999954297E+4	9.482190000E+2
-9.715600000E-5	-1.755370000E-5	4.502900000E+0	2.999954297E+4	9.497890000E+2
-9.721560000E-5	-1.752390000E-5	4.489700000E+0	2.999954297E+4	9.523060000E+2
-9.712620000E-5	-1.716630000E-5	4.477700000E+0	2.999954297E+4	9.545840000E+2
-9.775210000E-5	-1.692780000E-5	4.466500000E+0	2.999954297E+4	9.571760000E+2
-9.796070000E-5	-1.695760000E-5	4.456400000E+0	2.999954297E+4	9.595830000E+2
-9.781170000E-5	-1.701720000E-5	4.445500000E+0	2.999954297E+4	9.609990000E+2
-9.974880000E-5	-1.728550000E-5	4.432400000E+0	2.999954297E+4	9.639620000E+2
-9.879520000E-5	-1.692780000E-5	4.420500000E+0	2.999954297E+4	9.663030000E+2
-9.852690000E-5	-1.701720000E-5	4.407900000E+0	2.999954297E+4	9.687670000E+2
-9.995750000E-5	-1.698740000E-5	4.397600000E+0	2.999954297E+4	9.707350000E+2
-9.924220000E-5	-1.713650000E-5	4.387000000E+0	2.999954297E+4	9.732330000E+2
-9.742430000E-5	-1.764310000E-5	4.374400000E+0	2.999954297E+4	9.755250000E+2
-9.879520000E-5	-1.713650000E-5	4.364300000E+0	2.999954297E+4	9.774970000E+2
-9.861640000E-5	-1.728550000E-5	4.352500000E+0	2.999954297E+4	9.801270000E+2
-9.891440000E-5	-1.737490000E-5	4.342400000E+0	2.999954297E+4	9.823550000E+2
-9.745410000E-5	-1.752390000E-5	4.331500000E+0	2.999954297E+4	9.843310000E+2
-9.885480000E-5	-1.743450000E-5	4.321300000E+0	2.999954297E+4	9.862940000E+2
-9.831830000E-5	-1.743450000E-5	4.310500000E+0	2.999954297E+4	9.882480000E+2
-9.807990000E-5	-1.716630000E-5	4.298800000E+0	2.999954297E+4	9.907500000E+2
-9.703680000E-5	-1.743450000E-5	4.286900000E+0	2.999954297E+4	9.929780000E+2
-9.787130000E-5	-1.698740000E-5	4.276800000E+0	2.999954297E+4	9.954180000E+2
-9.855670000E-5	-1.680860000E-5	4.266200000E+0	2.999954297E+4	9.969000000E+2
-9.885480000E-5	-1.680860000E-5	4.253100000E+0	2.999954297E+4	9.998240000E+2
-9.891440000E-5	-1.665960000E-5	4.237800000E+0	2.999954297E+4	1.002727000E+3
-9.775210000E-5	-1.737490000E-5	4.226700000E+0	2.999954297E+4	1.005160000E+3
-9.712620000E-5	-1.743450000E-5	4.215300000E+0	2.999954297E+4	1.007513000E+3
-9.879520000E-5	-1.692780000E-5	4.202900000E+0	2.999954297E+4	1.009530000E+3
-9.810970000E-5	-1.686820000E-5	4.189200000E+0	2.999954297E+4	1.012492000E+3
-9.897400000E-5	-1.710660000E-5	4.178000000E+0	2.999954297E+4	1.015033000E+3
-9.644080000E-5	-1.692780000E-5	4.167500000E+0	2.999954297E+4	1.017339000E+3
-9.739450000E-5	-1.716630000E-5	4.156100000E+0	2.999954297E+4	1.019319000E+3
-9.903360000E-5	-1.665960000E-5	4.145900000E+0	2.999954297E+4	1.021103000E+3
-9.793090000E-5	-1.701720000E-5	4.133700000E+0	2.999954297E+4	1.023511000E+3
-9.709640000E-5	-1.734510000E-5	4.120500000E+0	2.999954297E+4	1.026447000E+3
-9.807990000E-5	-1.674900000E-5	4.108700000E+0	2.999954297E+4	1.028836000E+3
-9.825870000E-5	-1.660000000E-5	4.096200000E+0	2.999954297E+4	1.030852000E+3
-9.849710000E-5	-1.642120000E-5	4.085800000E+0	2.999954297E+4	1.033280000E+3
-9.819910000E-5	-1.683840000E-5	4.075300000E+0	2.999954297E+4	1.035106000E+3
-1.015070000E-4	-1.677880000E-5	4.064000000E+0	2.999954297E+4	1.038082000E+3
-9.971900000E-5	-1.698740000E-5	4.053000000E+0	2.999954297E+4	1.040049000E+3
-1.005240000E-4	-1.677880000E-5	4.039200000E+0	2.999954297E+4	1.042468000E+3
-9.971900000E-5	-1.645100000E-5	4.028700000E+0	2.999954297E+4	1.044840000E+3
-9.954020000E-5	-1.698740000E-5	4.018400000E+0	2.999954297E+4	1.046491000E+3
-1.001360000E-4	-1.668940000E-5	4.008200000E+0	2.999954297E+4	1.048790000E+3
-9.831830000E-5	-1.683840000E-5	3.995300000E+0	2.999954297E+4	1.051659000E+3
-1.014770000E-4	-1.639140000E-5	3.984100000E+0	2.999954297E+4	1.053677000E+3
-1.017160000E-4	-1.642120000E-5	3.972000000E+0	2.999954297E+4	1.056046000E+3
-1.008220000E-4	-1.654040000E-5	3.959400000E+0	2.999954297E+4	1.058097000E+3
-1.007030000E-4	-1.692780000E-5	3.948200000E+0	2.999954297E+4	1.060984000E+3
-9.894420000E-5	-1.689800000E-5	3.937800000E+0	2.999954297E+4	1.062700000E+3
-9.957000000E-5	-1.668940000E-5	3.925900000E+0	2.999954297E+4	1.065243000E+3
-9.718580000E-5	-1.698740000E-5	3.914600000E+0	2.999954297E+4	1.067247000E+3
-1.002850000E-4	-1.674900000E-5	3.904000000E+0	2.999954297E+4	1.069558000E+3
-1.012390000E-4	-1.654040000E-5	3.892100000E+0	2.999954297E+4	1.072481000E+3
-9.977860000E-5	-1.674900000E-5	3.882100000E+0	2.999954297E+4	1.074236000E+3
-1.001960000E-4	-1.677880000E-5	3.871900000E+0	2.999954297E+4	1.075907000E+3
-1.022820000E-4	-1.677880000E-5	3.857900000E+0	2.999954297E+4	1.078856000E+3
-1.022220000E-4	-1.668940000E-5	3.846700000E+0	2.999954297E+4	1.081267000E+3
-1.023710000E-4	-1.636160000E-5	3.835600000E+0	2.999954297E+4	1.083094000E+3
-1.008810000E-4	-1.686820000E-5	3.824100000E+0	2.999954297E+4	1.085654000E+3
-9.971900000E-5	-1.671920000E-5	3.813500000E+0	2.999954297E+4	1.087632000E+3
-1.021330000E-4	-1.612320000E-5	3.801100000E+0	2.999954297E+4	1.090430000E+3
-1.016260000E-4	-1.636160000E-5	3.788700000E+0	2.999954297E+4	1.092503000E+3
-1.004640000E-4	-1.645100000E-5	3.778200000E+0	2.999954297E+4	1.094854000E+3
-1.001960000E-4	-1.665960000E-5	3.764900000E+0	2.999954297E+4	1.097246000E+3
-9.989790000E-5	-1.668940000E-5	3.754000000E+0	2.999954297E+4	1.099626000E+3
-1.021030000E-4	-1.618280000E-5	3.742100000E+0	2.999954297E+4	1.102190000E+3
-1.013580000E-4	-1.639140000E-5	3.730800000E+0	2.999954297E+4	1.104341000E+3
-1.025500000E-4	-1.615300000E-5	3.719300000E+0	2.999954297E+4	1.106992000E+3
-9.989790000E-5	-1.639140000E-5	3.708000000E+0	2.999954297E+4	1.109033000E+3
-1.015670000E-4	-1.660000000E-5	3.696700000E+0	2.999954297E+4	1.111111000E+3
-1.001960000E-4	-1.645100000E-5	3.684600000E+0	2.999954297E+4	1.113757000E+3
-1.005540000E-4	-1.639140000E-5	3.674400000E+0	2.999954297E+4	1.115256000E+3
-1.016260000E-4	-1.627220000E-5	3.664300000E+0	2.999954297E+4	1.118228000E+3
-1.010900000E-4	-1.660000000E-5	3.653800000E+0	2.999954297E+4	1.119639000E+3
-1.004940000E-4	-1.671920000E-5	3.642800000E+0	2.999954297E+4	1.122105000E+3
-1.016260000E-4	-1.618280000E-5	3.629100000E+0	2.999954297E+4	1.124704000E+3
-1.001360000E-4	-1.698740000E-5	3.619100000E+0	2.999954297E+4	1.126865000E+3
-1.007920000E-4	-1.665960000E-5	3.604800000E+0	2.999954297E+4	1.129578000E+3
-1.005540000E-4	-1.707680000E-5	3.586700000E+0	2.999954297E+4	1.132735000E+3
-1.000470000E-4	-1.695760000E-5	3.573500000E+0	2.999954297E+4	1.136301000E+3
-1.008220000E-4	-1.686820000E-5	3.561800000E+0	2.999954297E+4	1.138484000E+3
-1.019540000E-4	-1.636160000E-5	3.547700000E+0	2.999954297E+4	1.141655000E+3
-1.006730000E-4	-1.689800000E-5	3.537200000E+0	2.999954297E+4	1.143772000E+3
-1.024610000E-4	-1.642120000E-5	3.521700000E+0	2.999954297E+4	1.147022000E+3
-1.043980000E-4	-1.624240000E-5	3.509600000E+0	2.999954297E+4	1.150084000E+3
-1.005240000E-4	-1.698740000E-5	3.496400000E+0	2.999954297E+4	1.152225000E+3
-1.024010000E-4	-1.642120000E-5	3.485200000E+0	2.999954297E+4	1.155419000E+3
-9.977860000E-5	-1.710660000E-5	3.469900000E+0	2.999954297E+4	1.157577000E+3
-1.011500000E-4	-1.665960000E-5	3.452400000E+0	2.999954297E+4	1.161786000E+3
-1.018050000E-4	-1.657020000E-5	3.440500000E+0	2.999954297E+4	1.163979000E+3
-1.007030000E-4	-1.671920000E-5	3.426600000E+0	2.999954297E+4	1.167127000E+3
-1.016560000E-4	-1.621260000E-5	3.409500000E+0	2.999954297E+4	1.170390000E+3
-1.021330000E-4	-1.639140000E-5	3.394300000E+0	2.999954297E+4	1.173957000E+3
-1.033550000E-4	-1.657020000E-5	3.384100000E+0	2.999954297E+4	1.176106000E+3
-1.027890000E-4	-1.662980000E-5	3.373800000E+0	2.999954297E+4	1.178616000E+3
-1.015670000E-4	-1.686820000E-5	3.359300000E+0	2.999954297E+4	1.180751000E+3
-1.025800000E-4	-1.665960000E-5	3.340300000E+0	2.999954297E+4	1.185026000E+3
-1.009110000E-4	-1.660000000E-5	3.328600000E+0	2.999954297E+4	1.188793000E+3
-1.005240000E-4	-1.677880000E-5	3.310200000E+0	2.999954297E+4	1.190886000E+3
-1.007320000E-4	-1.692780000E-5	3.295800000E+0	2.999954297E+4	1.195002000E+3
-1.012390000E-4	-1.651060000E-5	3.285200000E+0	2.999954297E+4	1.196037000E+3
-1.009410000E-4	-1.671920000E-5	3.272300000E+0	2.999954297E+4	1.200283000E+3
-9.998730000E-5	-1.651060000E-5	3.258900000E+0	2.999954297E+4	1.202374000E+3
-1.040700000E-4	-1.594440000E-5	3.245100000E+0	2.999954297E+4	1.205572000E+3
-1.041000000E-4	-1.600400000E-5	3.233700000E+0	2.999954297E+4	1.207662000E+3
-1.052320000E-4	-1.561650000E-5	3.221100000E+0	2.999954297E+4	1.210881000E+3
-1.038620000E-4	-1.600400000E-5	3.210400000E+0	2.999954297E+4	1.212990000E+3
-1.054110000E-4	-1.594440000E-5	3.199400000E+0	2.999954297E+4	1.215175000E+3
-1.063950000E-4	-1.579530000E-5	3.189300000E+0	2.999954297E+4	1.217275000E+3
-1.066330000E-4	-1.579530000E-5	3.178500000E+0	2.999954297E+4	1.219377000E+3
-1.046660000E-4	-1.558670000E-5	3.164700000E+0	2.999954297E+4	1.222626000E+3
-1.039210000E-4	-1.600400000E-5	3.150600000E+0	2.999954297E+4	1.224785000E+3
-1.053220000E-4	-1.579530000E-5	3.139800000E+0	2.999954297E+4	1.227918000E+3
-1.038020000E-4	-1.600400000E-5	3.129000000E+0	2.999954297E+4	1.230126000E+3
-1.028480000E-4	-1.621260000E-5	3.117200000E+0	2.999954297E+4	1.232187000E+3
-1.059780000E-4	-1.591460000E-5	3.101500000E+0	2.999954297E+4	1.235792000E+3
-1.041300000E-4	-1.645100000E-5	3.089100000E+0	2.999954297E+4	1.237944000E+3
-1.040700000E-4	-1.668940000E-5	3.078500000E+0	2.999954297E+4	1.240639000E+3
-1.038910000E-4	-1.624240000E-5	3.068100000E+0	2.999954297E+4	1.242764000E+3
-1.055900000E-4	-1.600400000E-5	3.053400000E+0	2.999954297E+4	1.245921000E+3
-1.048750000E-4	-1.609340000E-5	3.043000000E+0	2.999954297E+4	1.248120000E+3
-1.054110000E-4	-1.618280000E-5	3.030100000E+0	2.999954297E+4	1.251125000E+3
-1.060670000E-4	-1.630200000E-5	3.016200000E+0	2.999954297E+4	1.253264000E+3
-1.057990000E-4	-1.627220000E-5	3.003200000E+0	2.999954297E+4	1.256863000E+3
-1.056500000E-4	-1.636160000E-5	2.989700000E+0	2.999954297E+4	1.259064000E+3
-1.032060000E-4	-1.630200000E-5	2.972000000E+0	2.999954297E+4	1.262753000E+3
-1.055900000E-4	-1.618280000E-5	2.961200000E+0	2.999954297E+4	1.265835000E+3
-1.058290000E-4	-1.630200000E-5	2.946400000E+0	2.999954297E+4	1.267939000E+3
-1.065140000E-4	-1.642120000E-5	2.932800000E+0	2.999954297E+4	1.271591000E+3
-1.053220000E-4	-1.621260000E-5	2.922300000E+0	2.999954297E+4	1.273721000E+3
-1.061270000E-4	-1.633180000E-5	2.906300000E+0	2.999954297E+4	1.276868000E+3
-1.039210000E-4	-1.624240000E-5	2.894200000E+0	2.999954297E+4	1.279559000E+3
-1.042790000E-4	-1.639140000E-5	2.880100000E+0	2.999954297E+4	1.282725000E+3
-1.018650000E-4	-1.660000000E-5	2.869100000E+0	2.999954297E+4	1.284846000E+3
-1.049940000E-4	-1.630200000E-5	2.857600000E+0	2.999954297E+4	1.287034000E+3
-1.057690000E-4	-1.636160000E-5	2.845300000E+0	2.999954297E+4	1.290278000E+3
-1.055300000E-4	-1.612320000E-5	2.834000000E+0	2.999954297E+4	1.292368000E+3
-1.060070000E-4	-1.624240000E-5	2.819400000E+0	2.999954297E+4	1.295546000E+3
-1.040110000E-4	-1.639140000E-5	2.808900000E+0	2.999954297E+4	1.297654000E+3
-1.034440000E-4	-1.624240000E-5	2.797700000E+0	2.999954297E+4	1.300274000E+3
-1.024610000E-4	-1.645100000E-5	2.785800000E+0	2.999954297E+4	1.302380000E+3
-1.052030000E-4	-1.618280000E-5	2.775400000E+0	2.999954297E+4	1.304992000E+3
-1.041300000E-4	-1.621260000E-5	2.763100000E+0	2.999954297E+4	1.307209000E+3
-1.044280000E-4	-1.606360000E-5	2.748300000E+0	2.999954297E+4	1.310346000E+3
-1.038620000E-4	-1.651060000E-5	2.737700000E+0	2.999954297E+4	1.313668000E+3
-1.056500000E-4	-1.588480000E-5	2.726900000E+0	2.999954297E+4	1.315028000E+3
-1.049640000E-4	-1.618280000E-5	2.715400000E+0	2.999954297E+4	1.317156000E+3
-1.046070000E-4	-1.612320000E-5	2.699800000E+0	2.999954297E+4	1.320336000E+3
-1.038020000E-4	-1.636160000E-5	2.684600000E+0	2.999954297E+4	1.324065000E+3
-1.034150000E-4	-1.612320000E-5	2.672200000E+0	2.999954297E+4	1.326294000E+3
-1.032950000E-4	-1.627220000E-5	2.658900000E+0	2.999954297E+4	1.329295000E+3
-1.054110000E-4	-1.594440000E-5	2.648000000E+0	2.999954297E+4	1.331449000E+3
-1.036530000E-4	-1.618280000E-5	2.634400000E+0	2.999954297E+4	1.334475000E+3
-1.033550000E-4	-1.609340000E-5	2.620500000E+0	2.999954297E+4	1.337667000E+3
-1.049640000E-4	-1.624240000E-5	2.609400000E+0	2.999954297E+4	1.339820000E+3
-1.040700000E-4	-1.621260000E-5	2.598900000E+0	2.999954297E+4	1.341933000E+3
-1.053810000E-4	-1.603380000E-5	2.584300000E+0	2.999954297E+4	1.345174000E+3
-1.048450000E-4	-1.591460000E-5	2.573100000E+0	2.999954297E+4	1.347689000E+3
-1.032660000E-4	-1.636160000E-5	2.555800000E+0	2.999954297E+4	1.350868000E+3
-1.019840000E-4	-1.645100000E-5	2.545400000E+0	2.999954297E+4	1.353541000E+3
-1.033250000E-4	-1.606360000E-5	2.533900000E+0	2.999954297E+4	1.355715000E+3
-1.050240000E-4	-1.642120000E-5	2.518000000E+0	2.999954297E+4	1.358863000E+3
-1.039810000E-4	-1.654040000E-5	2.505700000E+0	2.999954297E+4	1.362096000E+3
-1.024910000E-4	-1.618280000E-5	2.493500000E+0	2.999954297E+4	1.364243000E+3
-1.015670000E-4	-1.639140000E-5	2.482000000E+0	2.999954297E+4	1.367412000E+3
-1.007320000E-4	-1.642120000E-5	2.466300000E+0	2.999954297E+4	1.369594000E+3
-1.007030000E-4	-1.594440000E-5	2.455600000E+0	2.999954297E+4	1.372816000E+3
-1.024310000E-4	-1.567610000E-5	2.442100000E+0	2.999954297E+4	1.374893000E+3
-1.010900000E-4	-1.618280000E-5	2.425800000E+0	2.999954297E+4	1.378481000E+3
-1.007320000E-4	-1.627220000E-5	2.409400000E+0	2.999954297E+4	1.382227000E+3
-1.022220000E-4	-1.609340000E-5	2.399300000E+0	2.999954297E+4	1.384366000E+3
-1.010900000E-4	-1.636160000E-5	2.381700000E+0	2.999954297E+4	1.387426000E+3
-1.032360000E-4	-1.618280000E-5	2.370700000E+0	2.999954297E+4	1.391008000E+3
-1.015670000E-4	-1.645100000E-5	2.356300000E+0	2.999954297E+4	1.393141000E+3
-1.026400000E-4	-1.630200000E-5	2.343300000E+0	2.999954297E+4	1.396342000E+3
-1.033850000E-4	-1.639140000E-5	2.333000000E+0	2.999954297E+4	1.398469000E+3
-1.020140000E-4	-1.680860000E-5	2.321700000E+0	2.999954297E+4	1.400657000E+3
-9.957000000E-5	-1.707680000E-5	2.306500000E+0	2.999954297E+4	1.403886000E+3
-1.026400000E-4	-1.636160000E-5	2.294100000E+0	2.999954297E+4	1.407066000E+3
-1.057690000E-4	-1.645100000E-5	2.280000000E+0	2.999954297E+4	1.409140000E+3
-1.046070000E-4	-1.657020000E-5	2.263700000E+0	2.999954297E+4	1.412890000E+3
-1.026690000E-4	-1.668940000E-5	2.250800000E+0	2.999954297E+4	1.416105000E+3
-1.032060000E-4	-1.671920000E-5	2.240200000E+0	2.999954297E+4	1.418242000E+3
-1.036530000E-4	-1.665960000E-5	2.228000000E+0	2.999954297E+4	1.420340000E+3
-1.021330000E-4	-1.630200000E-5	2.212300000E+0	2.999954297E+4	1.423526000E+3
-1.023710000E-4	-1.597420000E-5	2.200900000E+0	2.999954297E+4	1.426718000E+3
-1.041300000E-4	-1.615300000E-5	2.188400000E+0	2.999954297E+4	1.428872000E+3
-1.031170000E-4	-1.591460000E-5	2.174200000E+0	2.999954297E+4	1.432104000E+3
-1.024010000E-4	-1.600400000E-5	2.162600000E+0	2.999954297E+4	1.434255000E+3
-1.041890000E-4	-1.624240000E-5	2.152100000E+0	2.999954297E+4	1.436722000E+3
-1.041000000E-4	-1.615300000E-5	2.141100000E+0	2.999954297E+4	1.438836000E+3
-1.043980000E-4	-1.582510000E-5	2.123700000E+0	2.999954297E+4	1.442078000E+3
-1.061860000E-4	-1.597420000E-5	2.107500000E+0	2.999954297E+4	1.445835000E+3
-1.055900000E-4	-1.627220000E-5	2.096000000E+0	2.999954297E+4	1.449000000E+3
-1.059780000E-4	-1.567610000E-5	2.081800000E+0	2.999954297E+4	1.451126000E+3
-1.067230000E-4	-1.591460000E-5	2.069900000E+0	2.999954297E+4	1.454379000E+3
-1.063950000E-4	-1.597420000E-5	2.056300000E+0	2.999954297E+4	1.456477000E+3
-1.053810000E-4	-1.570590000E-5	2.044200000E+0	2.999954297E+4	1.459708000E+3
-1.052920000E-4	-1.585500000E-5	2.031100000E+0	2.999954297E+4	1.461788000E+3
-1.038620000E-4	-1.570590000E-5	2.016700000E+0	2.999954297E+4	1.465025000E+3
-1.054110000E-4	-1.576550000E-5	2.003600000E+0	2.999954297E+4	1.468262000E+3
-1.047260000E-4	-1.698740000E-5	2.016100000E+0	2.999954297E+4	1.597329000E+3
-1.025800000E-4	-1.695760000E-5	2.028700000E+0	2.999954297E+4	1.600022000E+3
-9.894420000E-5	-1.767290000E-5	2.040700000E+0	2.999954297E+4	1.602450000E+3
-1.018050000E-4	-1.668940000E-5	2.052100000E+0	2.999954297E+4	1.604836000E+3
-9.986800000E-5	-1.734510000E-5	2.062600000E+0	2.999954297E+4	1.606834000E+3
-1.003150000E-4	-1.713650000E-5	2.074100000E+0	2.999954297E+4	1.609424000E+3
-1.014180000E-4	-1.660000000E-5	2.086700000E+0	2.999954297E+4	1.611515000E+3
-1.027590000E-4	-1.665960000E-5	2.096800000E+0	2.999954297E+4	1.613912000E+3
-1.021330000E-4	-1.710660000E-5	2.108600000E+0	2.999954297E+4	1.616143000E+3
-1.026690000E-4	-1.657020000E-5	2.119400000E+0	2.999954297E+4	1.618387000E+3
-1.036530000E-4	-1.657020000E-5	2.130000000E+0	2.999954297E+4	1.620404000E+3
-1.035340000E-4	-1.686820000E-5	2.141600000E+0	2.999954297E+4	1.622754000E+3
-1.030870000E-4	-1.674900000E-5	2.152300000E+0	2.999954297E+4	1.625098000E+3
-1.038620000E-4	-1.677880000E-5	2.164200000E+0	2.999954297E+4	1.627436000E+3
-1.013280000E-4	-1.707680000E-5	2.175000000E+0	2.999954297E+4	1.629359000E+3
-1.019240000E-4	-1.671920000E-5	2.185700000E+0	2.999954297E+4	1.631659000E+3
-1.025500000E-4	-1.668940000E-5	2.196900000E+0	2.999954297E+4	1.634086000E+3
-1.003750000E-4	-1.731530000E-5	2.207000000E+0	2.999954297E+4	1.636064000E+3
-1.001660000E-4	-1.722590000E-5	2.217800000E+0	2.999954297E+4	1.638020000E+3
-1.019840000E-4	-1.677880000E-5	2.228900000E+0	2.999954297E+4	1.640180000E+3
-1.028180000E-4	-1.665960000E-5	2.239100000E+0	2.999954297E+4	1.642375000E+3
-1.010010000E-4	-1.722590000E-5	2.249600000E+0	2.999954297E+4	1.644435000E+3
-1.010300000E-4	-1.716630000E-5	2.262100000E+0	2.999954297E+4	1.646990000E+3
-1.012690000E-4	-1.710660000E-5	2.273100000E+0	2.999954297E+4	1.649383000E+3
-1.024010000E-4	-1.671920000E-5	2.284000000E+0	2.999954297E+4	1.651418000E+3
-1.014180000E-4	-1.674900000E-5	2.295100000E+0	2.999954297E+4	1.653511000E+3
-1.004640000E-4	-1.716630000E-5	2.305800000E+0	2.999954297E+4	1.655545000E+3
-1.021330000E-4	-1.695760000E-5	2.317000000E+0	2.999954297E+4	1.658150000E+3
-1.006130000E-4	-1.716630000E-5	2.327700000E+0	2.999954297E+4	1.660148000E+3
-1.001060000E-4	-1.701720000E-5	2.339700000E+0	2.999954297E+4	1.662670000E+3
-1.010300000E-4	-1.698740000E-5	2.350300000E+0	2.999954297E+4	1.664283000E+3
-1.015670000E-4	-1.698740000E-5	2.360900000E+0	2.999954297E+4	1.666864000E+3
-1.005830000E-4	-1.671920000E-5	2.373200000E+0	2.999954297E+4	1.668932000E+3
-1.022220000E-4	-1.642120000E-5	2.384000000E+0	2.999954297E+4	1.671791000E+3
-1.010900000E-4	-1.707680000E-5	2.395900000E+0	2.999954297E+4	1.673400000E+3
-1.040400000E-4	-1.645100000E-5	2.407600000E+0	2.999954297E+4	1.675904000E+3
-1.038320000E-4	-1.615300000E-5	2.418700000E+0	2.999954297E+4	1.678360000E+3
-1.032360000E-4	-1.642120000E-5	2.432100000E+0	2.999954297E+4	1.680845000E+3
-1.025800000E-4	-1.525890000E-5	2.443700000E+0	2.999954297E+4	1.682983000E+3
-1.046960000E-4	-1.430520000E-5	2.455100000E+0	2.999954297E+4	1.685774000E+3
-1.038620000E-4	-1.490120000E-5	2.467100000E+0	2.999954297E+4	1.687581000E+3
-1.036830000E-4	-1.463300000E-5	2.479700000E+0	2.999954297E+4	1.690314000E+3
-1.046960000E-4	-1.421580000E-5	2.490700000E+0	2.999954297E+4	1.692908000E+3
-1.034150000E-4	-1.516940000E-5	2.500900000E+0	2.999954297E+4	1.694473000E+3
-1.022520000E-4	-1.537810000E-5	2.512600000E+0	2.999954297E+4	1.696990000E+3
-1.037420000E-4	-1.531850000E-5	2.527500000E+0	2.999954297E+4	1.699925000E+3
-1.040700000E-4	-1.499060000E-5	2.539000000E+0	2.999954297E+4	1.702507000E+3
-1.046660000E-4	-1.522900000E-5	2.549700000E+0	2.999954297E+4	1.704487000E+3
-1.026400000E-4	-1.600400000E-5	2.559800000E+0	2.999954297E+4	1.706112000E+3
-1.025800000E-4	-1.615300000E-5	2.571200000E+0	2.999954297E+4	1.708881000E+3
-1.035040000E-4	-1.600400000E-5	2.583500000E+0	2.999954297E+4	1.710845000E+3
-1.029670000E-4	-1.597420000E-5	2.594400000E+0	2.999954297E+4	1.713525000E+3
-1.041890000E-4	-1.567610000E-5	2.604700000E+0	2.999954297E+4	1.715131000E+3
-1.037420000E-4	-1.570590000E-5	2.617400000E+0	2.999954297E+4	1.717973000E+3
-1.035640000E-4	-1.588480000E-5	2.629800000E+0	2.999954297E+4	1.720586000E+3
-1.028480000E-4	-1.606360000E-5	2.643000000E+0	2.999954297E+4	1.723058000E+3
-1.031760000E-4	-1.561650000E-5	2.654300000E+0	2.999954297E+4	1.725362000E+3
-1.018950000E-4	-1.627220000E-5	2.665900000E+0	2.999954297E+4	1.727808000E+3
-1.036830000E-4	-1.615300000E-5	2.677100000E+0	2.999954297E+4	1.730165000E+3
-1.029970000E-4	-1.606360000E-5	2.688100000E+0	2.999954297E+4	1.732525000E+3
-1.034150000E-4	-1.627220000E-5	2.698900000E+0	2.999954297E+4	1.734482000E+3
-1.030570000E-4	-1.618280000E-5	2.710400000E+0	2.999954297E+4	1.737055000E+3
-1.034740000E-4	-1.552710000E-5	2.721800000E+0	2.999954297E+4	1.738582000E+3
-1.041300000E-4	-1.618280000E-5	2.732100000E+0	2.999954297E+4	1.741106000E+3
-1.046660000E-4	-1.600400000E-5	2.744400000E+0	2.999954297E+4	1.743177000E+3
-1.039510000E-4	-1.645100000E-5	2.756500000E+0	2.999954297E+4	1.745916000E+3
-1.044280000E-4	-1.627220000E-5	2.768200000E+0	2.999954297E+4	1.747898000E+3
-1.053220000E-4	-1.612320000E-5	2.779200000E+0	2.999954297E+4	1.750454000E+3
-1.044280000E-4	-1.546750000E-5	2.791700000E+0	2.999954297E+4	1.752435000E+3
-1.038020000E-4	-1.618280000E-5	2.802200000E+0	2.999954297E+4	1.755151000E+3
-1.029970000E-4	-1.642120000E-5	2.812800000E+0	2.999954297E+4	1.757134000E+3
-1.047850000E-4	-1.609340000E-5	2.824800000E+0	2.999954297E+4	1.759506000E+3
-1.041000000E-4	-1.618280000E-5	2.835300000E+0	2.999954297E+4	1.761553000E+3
-1.031760000E-4	-1.519920000E-5	2.846800000E+0	2.999954297E+4	1.763632000E+3
-1.057990000E-4	-1.531850000E-5	2.860400000E+0	2.999954297E+4	1.766427000E+3
-1.045770000E-4	-1.582510000E-5	2.871500000E+0	2.999954297E+4	1.768653000E+3
-1.058290000E-4	-1.537810000E-5	2.885000000E+0	2.999954297E+4	1.771774000E+3
-1.050540000E-4	-1.585500000E-5	2.896300000E+0	2.999954297E+4	1.773820000E+3
-1.037720000E-4	-1.516940000E-5	2.906700000E+0	2.999954297E+4	1.775487000E+3
-1.045470000E-4	-1.531850000E-5	2.918700000E+0	2.999954297E+4	1.778462000E+3
-1.038320000E-4	-1.540790000E-5	2.928700000E+0	2.999954297E+4	1.780046000E+3
-1.021030000E-4	-1.618280000E-5	2.940200000E+0	2.999954297E+4	1.782448000E+3
-1.035640000E-4	-1.588480000E-5	2.951400000E+0	2.999954297E+4	1.784901000E+3
-1.041890000E-4	-1.597420000E-5	2.962100000E+0	2.999954297E+4	1.786605000E+3
-1.052030000E-4	-1.642120000E-5	2.974900000E+0	2.999954297E+4	1.789572000E+3
-1.046360000E-4	-1.662980000E-5	2.986100000E+0	2.999954297E+4	1.791511000E+3
-1.048450000E-4	-1.627220000E-5	2.996100000E+0	2.999954297E+4	1.793898000E+3
-1.052920000E-4	-1.615300000E-5	3.008400000E+0	2.999954297E+4	1.796034000E+3
-1.032360000E-4	-1.657020000E-5	3.019000000E+0	2.999954297E+4	1.798463000E+3
-1.038320000E-4	-1.668940000E-5	3.029100000E+0	2.999954297E+4	1.800447000E+3
-1.042490000E-4	-1.662980000E-5	3.040200000E+0	2.999954297E+4	1.802553000E+3
-1.042190000E-4	-1.633180000E-5	3.053100000E+0	2.999954297E+4	1.804552000E+3
-1.040700000E-4	-1.639140000E-5	3.064800000E+0	2.999954297E+4	1.807354000E+3
-1.030870000E-4	-1.686820000E-5	3.076400000E+0	2.999954297E+4	1.809903000E+3
-1.055600000E-4	-1.612320000E-5	3.086700000E+0	2.999954297E+4	1.811694000E+3
-1.026690000E-4	-1.627220000E-5	3.096900000E+0	2.999954297E+4	1.814033000E+3
-1.043980000E-4	-1.573570000E-5	3.108500000E+0	2.999954297E+4	1.816184000E+3
-1.028480000E-4	-1.618280000E-5	3.119500000E+0	2.999954297E+4	1.818583000E+3
-1.019840000E-4	-1.615300000E-5	3.130500000E+0	2.999954297E+4	1.820169000E+3
-1.014180000E-4	-1.639140000E-5	3.142700000E+0	2.999954297E+4	1.822953000E+3
-1.026400000E-4	-1.636160000E-5	3.155100000E+0	2.999954297E+4	1.825403000E+3
-1.036530000E-4	-1.654040000E-5	3.165200000E+0	2.999954297E+4	1.827357000E+3
-1.041890000E-4	-1.582510000E-5	3.175800000E+0	2.999954297E+4	1.829904000E+3
-1.036530000E-4	-1.609340000E-5	3.186400000E+0	2.999954297E+4	1.831641000E+3
-1.045470000E-4	-1.657020000E-5	3.197500000E+0	2.999954297E+4	1.834035000E+3
-1.038320000E-4	-1.677880000E-5	3.208300000E+0	2.999954297E+4	1.836433000E+3
-1.043980000E-4	-1.624240000E-5	3.219700000E+0	2.999954297E+4	1.838702000E+3
-1.042790000E-4	-1.630200000E-5	3.230000000E+0	2.999954297E+4	1.840698000E+3
-1.044870000E-4	-1.636160000E-5	3.242500000E+0	2.999954297E+4	1.842721000E+3
-1.047260000E-4	-1.642120000E-5	3.253200000E+0	2.999954297E+4	1.845508000E+3
-1.041890000E-4	-1.609340000E-5	3.264100000E+0	2.999954297E+4	1.847148000E+3
-1.053520000E-4	-1.612320000E-5	3.275700000E+0	2.999954297E+4	1.849882000E+3
-1.041300000E-4	-1.630200000E-5	3.288000000E+0	2.999954297E+4	1.851889000E+3
-1.037720000E-4	-1.594440000E-5	3.298100000E+0	2.999954297E+4	1.854437000E+3
-1.041300000E-4	-1.591460000E-5	3.312000000E+0	2.999954297E+4	1.856578000E+3
-1.041300000E-4	-1.582510000E-5	3.323400000E+0	2.999954297E+4	1.859389000E+3
-1.026100000E-4	-1.564630000E-5	3.334700000E+0	2.999954297E+4	1.861800000E+3
-1.029970000E-4	-1.543770000E-5	3.344800000E+0	2.999954297E+4	1.863096000E+3
-1.039810000E-4	-1.588480000E-5	3.355600000E+0	2.999954297E+4	1.865946000E+3
-1.028480000E-4	-1.615300000E-5	3.367600000E+0	2.999954297E+4	1.867628000E+3
-1.037720000E-4	-1.558670000E-5	3.378100000E+0	2.999954297E+4	1.870439000E+3
-1.029380000E-4	-1.561650000E-5	3.390000000E+0	2.999954297E+4	1.872494000E+3
-1.039510000E-4	-1.531850000E-5	3.400900000E+0	2.999954297E+4	1.874846000E+3
-1.030870000E-4	-1.534830000E-5	3.412400000E+0	2.999954297E+4	1.876885000E+3
-1.031460000E-4	-1.567610000E-5	3.423100000E+0	2.999954297E+4	1.879774000E+3
-1.031760000E-4	-1.573570000E-5	3.434400000E+0	2.999954297E+4	1.881415000E+3
-1.027590000E-4	-1.612320000E-5	3.445000000E+0	2.999954297E+4	1.883804000E+3
-1.025800000E-4	-1.615300000E-5	3.455900000E+0	2.999954297E+4	1.885649000E+3
-1.040700000E-4	-1.582510000E-5	3.466900000E+0	2.999954297E+4	1.888031000E+3
-1.042490000E-4	-1.543770000E-5	3.476900000E+0	2.999954297E+4	1.890037000E+3
-1.035640000E-4	-1.564630000E-5	3.489100000E+0	2.999954297E+4	1.892049000E+3
-1.026990000E-4	-1.621260000E-5	3.500200000E+0	2.999954297E+4	1.894860000E+3
-1.032950000E-4	-1.588480000E-5	3.510300000E+0	2.999954297E+4	1.896469000E+3
-1.030570000E-4	-1.609340000E-5	3.520600000E+0	2.999954297E+4	1.898972000E+3
-1.034440000E-4	-1.692780000E-5	3.530600000E+0	2.999954297E+4	1.900974000E+3
-1.046660000E-4	-1.660000000E-5	3.541300000E+0	2.999954297E+4	1.902645000E+3
-1.038620000E-4	-1.665960000E-5	3.552400000E+0	2.999954297E+4	1.905100000E+3
-1.040110000E-4	-1.585500000E-5	3.565500000E+0	2.999954297E+4	1.907564000E+3
-1.041890000E-4	-1.597420000E-5	3.577500000E+0	2.999954297E+4	1.910329000E+3
-1.036830000E-4	-1.660000000E-5	3.589300000E+0	2.999954297E+4	1.912350000E+3
-1.038320000E-4	-1.668940000E-5	3.600100000E+0	2.999954297E+4	1.914828000E+3
-1.032950000E-4	-1.683840000E-5	3.610700000E+0	2.999954297E+4	1.916452000E+3
-1.020140000E-4	-1.651060000E-5	3.622100000E+0	2.999954297E+4	1.919371000E+3
-1.032660000E-4	-1.621260000E-5	3.632900000E+0	2.999954297E+4	1.921411000E+3
-1.030870000E-4	-1.624240000E-5	3.644800000E+0	2.999954297E+4	1.923425000E+3
-1.026400000E-4	-1.573570000E-5	3.658200000E+0	2.999954297E+4	1.926255000E+3
-1.034440000E-4	-1.636160000E-5	3.668600000E+0	2.999954297E+4	1.928203000E+3
-1.012990000E-4	-1.728550000E-5	3.680400000E+0	2.999954297E+4	1.931118000E+3
-1.030270000E-4	-1.680860000E-5	3.692100000E+0	2.999954297E+4	1.932847000E+3
-1.024010000E-4	-1.674900000E-5	3.704000000E+0	2.999954297E+4	1.935635000E+3
-1.032660000E-4	-1.665960000E-5	3.714400000E+0	2.999954297E+4	1.937248000E+3
-1.030270000E-4	-1.636160000E-5	3.726600000E+0	2.999954297E+4	1.940030000E+3
-1.033550000E-4	-1.633180000E-5	3.737000000E+0	2.999954297E+4	1.942028000E+3
-1.026690000E-4	-1.660000000E-5	3.749100000E+0	2.999954297E+4	1.944205000E+3
-1.024310000E-4	-1.660000000E-5	3.760900000E+0	2.999954297E+4	1.946976000E+3
-1.040700000E-4	-1.651060000E-5	3.773800000E+0	2.999954297E+4	1.949000000E+3
-1.041890000E-4	-1.654040000E-5	3.785800000E+0	2.999954297E+4	1.952075000E+3
-1.022820000E-4	-1.752390000E-5	3.796500000E+0	2.999954297E+4	1.953905000E+3
-1.044280000E-4	-1.701720000E-5	3.807000000E+0	2.999954297E+4	1.955938000E+3
-1.049940000E-4	-1.737490000E-5	3.819900000E+0	2.999954297E+4	1.958741000E+3
-1.036830000E-4	-1.734510000E-5	3.831200000E+0	2.999954297E+4	1.961095000E+3
-1.041600000E-4	-1.734510000E-5	3.842000000E+0	2.999954297E+4	1.962452000E+3
-1.036830000E-4	-1.689800000E-5	3.856900000E+0	2.999954297E+4	1.965789000E+3
-1.032060000E-4	-1.671920000E-5	3.867600000E+0	2.999954297E+4	1.968179000E+3
-1.014480000E-4	-1.680860000E-5	3.877800000E+0	2.999954297E+4	1.969810000E+3
-1.028180000E-4	-1.716630000E-5	3.888800000E+0	2.999954297E+4	1.972626000E+3
-1.027290000E-4	-1.728550000E-5	3.900000000E+0	2.999954297E+4	1.974353000E+3
-1.026990000E-4	-1.752390000E-5	3.912500000E+0	2.999954297E+4	1.977156000E+3
-1.039810000E-4	-1.749410000E-5	3.922700000E+0	2.999954297E+4	1.979104000E+3
-1.026100000E-4	-1.707680000E-5	3.933900000E+0	2.999954297E+4	1.981478000E+3
-1.038020000E-4	-1.707680000E-5	3.945900000E+0	2.999954297E+4	1.983490000E+3
-1.035040000E-4	-1.660000000E-5	3.956600000E+0	2.999954297E+4	1.985896000E+3
-1.038320000E-4	-1.636160000E-5	3.969300000E+0	2.999954297E+4	1.988690000E+3
-1.034740000E-4	-1.651060000E-5	3.981000000E+0	2.999954297E+4	1.990410000E+3
-1.033550000E-4	-1.660000000E-5	3.991500000E+0	2.999954297E+4	1.993010000E+3
-1.023420000E-4	-1.680860000E-5	4.001900000E+0	2.999954297E+4	1.994951000E+3
-1.029670000E-4	-1.695760000E-5	4.013200000E+0	2.999954297E+4	1.996958000E+3
-1.027290000E-4	-1.695760000E-5	4.024800000E+0	2.999954297E+4	1.999753000E+3
-1.035930000E-4	-1.665960000E-5	4.035800000E+0	2.999954297E+4	2.001755000E+3
-1.016260000E-4	-1.710660000E-5	4.047600000E+0	2.999954297E+4	2.003902000E+3
-1.017460000E-4	-1.725570000E-5	4.057900000E+0	2.999954297E+4	2.006461000E+3
-1.015670000E-4	-1.722590000E-5	4.068700000E+0	2.999954297E+4	2.008474000E+3
-1.015370000E-4	-1.767290000E-5	4.079900000E+0	2.999954297E+4	2.010408000E+3
-1.025200000E-4	-1.725570000E-5	4.090200000E+0	2.999954297E+4	2.012857000E+3
-1.024910000E-4	-1.731530000E-5	4.102300000E+0	2.999954297E+4	2.014868000E+3
-1.019540000E-4	-1.668940000E-5	4.113400000E+0	2.999954297E+4	2.017666000E+3
-1.033850000E-4	-1.704700000E-5	4.126200000E+0	2.999954297E+4	2.019643000E+3
-1.039810000E-4	-1.734510000E-5	4.138600000E+0	2.999954297E+4	2.022448000E+3
-1.031460000E-4	-1.731530000E-5	4.149200000E+0	2.999954297E+4	2.024425000E+3
-1.021630000E-4	-1.764310000E-5	4.159700000E+0	2.999954297E+4	2.026682000E+3
-1.026990000E-4	-1.737490000E-5	4.172100000E+0	2.999954297E+4	2.029068000E+3
-1.027890000E-4	-1.749410000E-5	4.182700000E+0	2.999954297E+4	2.031066000E+3
-1.032360000E-4	-1.743450000E-5	4.192800000E+0	2.999954297E+4	2.033146000E+3
-1.046360000E-4	-1.734510000E-5	4.203300000E+0	2.999954297E+4	2.035509000E+3
-1.040400000E-4	-1.764310000E-5	4.214400000E+0	2.999954297E+4	2.037494000E+3
-1.024010000E-4	-1.767290000E-5	4.227100000E+0	2.999954297E+4	2.040533000E+3
-1.023120000E-4	-1.737490000E-5	4.237900000E+0	2.999954297E+4	2.042128000E+3
-1.030270000E-4	-1.764310000E-5	4.248900000E+0	2.999954297E+4	2.044138000E+3
-1.030870000E-4	-1.758350000E-5	4.259000000E+0	2.999954297E+4	2.046557000E+3
-1.025500000E-4	-1.740470000E-5	4.269700000E+0	2.999954297E+4	2.048557000E+3
-1.025500000E-4	-1.698740000E-5	4.280000000E+0	2.999954297E+4	2.050167000E+3
-1.017460000E-4	-1.722590000E-5	4.291100000E+0	2.999954297E+4	2.052938000E+3
-1.026990000E-4	-1.701720000E-5	4.302600000E+0	2.999954297E+4	2.054989000E+3
-1.016260000E-4	-1.710660000E-5	4.312800000E+0	2.999954297E+4	2.056938000E+3
-1.022220000E-4	-1.692780000E-5	4.324500000E+0	2.999954297E+4	2.059359000E+3
-1.012390000E-4	-1.728550000E-5	4.335200000E+0	2.999954297E+4	2.061873000E+3
-9.900380000E-5	-1.788150000E-5	4.346900000E+0	2.999954297E+4	2.063895000E+3
-9.936140000E-5	-1.794110000E-5	4.357200000E+0	2.999954297E+4	2.066354000E+3
-9.968920000E-5	-1.770270000E-5	4.369200000E+0	2.999954297E+4	2.068007000E+3
-1.014480000E-4	-1.740470000E-5	4.379900000E+0	2.999954297E+4	2.070509000E+3
-1.000170000E-4	-1.758350000E-5	4.390500000E+0	2.999954297E+4	2.072429000E+3
-1.003750000E-4	-1.767290000E-5	4.403600000E+0	2.999954297E+4	2.075399000E+3
-1.018050000E-4	-1.785170000E-5	4.414400000E+0	2.999954297E+4	2.077771000E+3
-9.900380000E-5	-1.823910000E-5	4.425700000E+0	2.999954297E+4	2.079746000E+3
-9.998730000E-5	-1.800070000E-5	4.439600000E+0	2.999954297E+4	2.082730000E+3
-9.962960000E-5	-1.800070000E-5	4.450600000E+0	2.999954297E+4	2.084667000E+3
-9.977860000E-5	-1.826890000E-5	4.461100000E+0	2.999954297E+4	2.087094000E+3
-1.008220000E-4	-1.782190000E-5	4.471200000E+0	2.999954297E+4	2.088728000E+3
-1.011500000E-4	-1.776230000E-5	4.483500000E+0	2.999954297E+4	2.091087000E+3
-1.008520000E-4	-1.734510000E-5	4.494700000E+0	2.999954297E+4	2.093515000E+3
-9.989790000E-5	-1.710660000E-5	4.506600000E+0	2.999954297E+4	2.096279000E+3
-9.998730000E-5	-1.752390000E-5	4.519100000E+0	2.999954297E+4	2.098356000E+3
-9.930180000E-5	-1.740470000E-5	4.530200000E+0	2.999954297E+4	2.100404000E+3
-9.793090000E-5	-1.832850000E-5	4.541900000E+0	2.999954297E+4	2.102841000E+3
-9.757330000E-5	-1.826890000E-5	4.553100000E+0	2.999954297E+4	2.105618000E+3
-9.974880000E-5	-1.806030000E-5	4.563900000E+0	2.999954297E+4	2.107223000E+3
-1.010600000E-4	-1.746430000E-5	4.575000000E+0	2.999954297E+4	2.109780000E+3
-1.002850000E-4	-1.782190000E-5	4.587200000E+0	2.999954297E+4	2.111747000E+3
-9.954020000E-5	-1.791130000E-5	4.598300000E+0	2.999954297E+4	2.114346000E+3
-9.957000000E-5	-1.820930000E-5	4.608700000E+0	2.999954297E+4	2.116690000E+3
-1.012690000E-4	-1.725570000E-5	4.619400000E+0	2.999954297E+4	2.118355000E+3
-1.012390000E-4	-1.797090000E-5	4.632000000E+0	2.999954297E+4	2.121103000E+3
-9.882500000E-5	-1.835830000E-5	4.644200000E+0	2.999954297E+4	2.123472000E+3
-9.954020000E-5	-1.791130000E-5	4.654300000E+0	2.999954297E+4	2.125654000E+3
-9.828850000E-5	-1.832850000E-5	4.664600000E+0	2.999954297E+4	2.127208000E+3
-9.822890000E-5	-1.844780000E-5	4.675800000E+0	2.999954297E+4	2.129660000E+3
-9.846730000E-5	-1.838810000E-5	4.686800000E+0	2.999954297E+4	2.132074000E+3
-9.858650000E-5	-1.832850000E-5	4.697100000E+0	2.999954297E+4	2.134018000E+3
-9.793090000E-5	-1.877560000E-5	4.707800000E+0	2.999954297E+4	2.136069000E+3
-9.915280000E-5	-1.880540000E-5	4.719300000E+0	2.999954297E+4	2.138541000E+3
-9.936140000E-5	-1.841800000E-5	4.732400000E+0	2.999954297E+4	2.140954000E+3
-9.870580000E-5	-1.856700000E-5	4.742900000E+0	2.999954297E+4	2.142993000E+3
-9.724540000E-5	-1.758350000E-5	4.754500000E+0	2.999954297E+4	2.145745000E+3
-9.870580000E-5	-1.743450000E-5	4.764800000E+0	2.999954297E+4	2.147346000E+3
-9.650040000E-5	-1.782190000E-5	4.775500000E+0	2.999954297E+4	2.149750000E+3
-9.742430000E-5	-1.800070000E-5	4.786000000E+0	2.999954297E+4	2.151750000E+3
-9.837790000E-5	-1.752390000E-5	4.796100000E+0	2.999954297E+4	2.153819000E+3
-9.688780000E-5	-1.773250000E-5	4.807500000E+0	2.999954297E+4	2.156465000E+3
-9.867600000E-5	-1.785170000E-5	4.818500000E+0	2.999954297E+4	2.158057000E+3
-9.822890000E-5	-1.820930000E-5	4.830100000E+0	2.999954297E+4	2.160865000E+3
-9.617260000E-5	-1.794110000E-5	4.842600000E+0	2.999954297E+4	2.163240000E+3
-9.739450000E-5	-1.797090000E-5	4.853000000E+0	2.999954297E+4	2.164885000E+3
-9.805010000E-5	-1.853720000E-5	4.863500000E+0	2.999954297E+4	2.167233000E+3
-9.846730000E-5	-1.841800000E-5	4.874200000E+0	2.999954297E+4	2.169609000E+3
-9.688780000E-5	-1.850740000E-5	4.886900000E+0	2.999954297E+4	2.172060000E+3
-9.766270000E-5	-1.782190000E-5	4.898600000E+0	2.999954297E+4	2.174217000E+3
-9.739450000E-5	-1.773250000E-5	4.908700000E+0	2.999954297E+4	2.176632000E+3
-9.816930000E-5	-1.797090000E-5	4.919800000E+0	2.999954297E+4	2.178141000E+3
-9.694740000E-5	-1.782190000E-5	4.931900000E+0	2.999954297E+4	2.180942000E+3
-9.647060000E-5	-1.797090000E-5	4.943200000E+0	2.999954297E+4	2.183096000E+3
-9.557650000E-5	-1.823910000E-5	4.954400000E+0	2.999954297E+4	2.185478000E+3
-9.721560000E-5	-1.841800000E-5	4.966300000E+0	2.999954297E+4	2.187930000E+3
-9.650040000E-5	-1.880540000E-5	4.978400000E+0	2.999954297E+4	2.190284000E+3
-9.596390000E-5	-1.886500000E-5	4.990900000E+0	2.999954297E+4	2.192731000E+3
-9.486130000E-5	-1.904380000E-5	5.001300000E+0	2.999954297E+4	2.195071000E+3
-9.560630000E-5	-1.871600000E-5	5.011300000E+0	2.999954297E+4	2.196670000E+3
-9.664940000E-5	-1.868620000E-5	5.022100000E+0	2.999954297E+4	2.198857000E+3
-9.697720000E-5	-1.871600000E-5	5.032400000E+0	2.999954297E+4	2.201222000E+3
-9.536790000E-5	-1.928220000E-5	5.045200000E+0	2.999954297E+4	2.203917000E+3
-9.760310000E-5	-1.925240000E-5	5.055300000E+0	2.999954297E+4	2.205341000E+3
-9.575530000E-5	-1.859680000E-5	5.067100000E+0	2.999954297E+4	2.208154000E+3
-9.524870000E-5	-1.880540000E-5	5.078600000E+0	2.999954297E+4	2.210148000E+3
-9.572550000E-5	-1.889480000E-5	5.089200000E+0	2.999954297E+4	2.212556000E+3
-9.518910000E-5	-1.853720000E-5	5.099300000E+0	2.999954297E+4	2.214584000E+3
-9.459300000E-5	-1.886500000E-5	5.110900000E+0	2.999954297E+4	2.216991000E+3
-9.393740000E-5	-1.883520000E-5	5.121600000E+0	2.999954297E+4	2.219003000E+3
-9.346050000E-5	-1.904380000E-5	5.132900000E+0	2.999954297E+4	2.220943000E+3
-9.372880000E-5	-1.883520000E-5	5.145200000E+0	2.999954297E+4	2.223872000E+3
-9.352020000E-5	-1.865640000E-5	5.155800000E+0	2.999954297E+4	2.225466000E+3
-9.355000000E-5	-1.898420000E-5	5.167600000E+0	2.999954297E+4	2.227994000E+3
-9.271550000E-5	-1.904380000E-5	5.179100000E+0	2.999954297E+4	2.230044000E+3
-9.188100000E-5	-1.943120000E-5	5.190100000E+0	2.999954297E+4	2.232814000E+3
-9.319230000E-5	-1.925240000E-5	5.200900000E+0	2.999954297E+4	2.234854000E+3
-9.208960000E-5	-1.913320000E-5	5.213400000E+0	2.999954297E+4	2.237217000E+3
-9.188100000E-5	-1.928220000E-5	5.224900000E+0	2.999954297E+4	2.239616000E+3
-9.104660000E-5	-1.916300000E-5	5.237200000E+0	2.999954297E+4	2.242036000E+3
-9.012270000E-5	-1.966960000E-5	5.248300000E+0	2.999954297E+4	2.244417000E+3
-9.009290000E-5	-1.966960000E-5	5.259600000E+0	2.999954297E+4	2.245983000E+3
-9.152340000E-5	-1.937160000E-5	5.271800000E+0	2.999954297E+4	2.248930000E+3
-8.922860000E-5	-1.990810000E-5	5.281900000E+0	2.999954297E+4	2.251009000E+3
-9.104660000E-5	-2.005710000E-5	5.293600000E+0	2.999954297E+4	2.253315000E+3
-8.881140000E-5	-2.068290000E-5	5.304300000E+0	2.999954297E+4	2.255400000E+3
-8.809610000E-5	-2.104060000E-5	5.314600000E+0	2.999954297E+4	2.257529000E+3
-9.003330000E-5	-2.044450000E-5	5.325300000E+0	2.999954297E+4	2.259871000E+3
-8.684440000E-5	-2.115980000E-5	5.336900000E+0	2.999954297E+4	2.261937000E+3
-8.785770000E-5	-2.077230000E-5	5.348200000E+0	2.999954297E+4	2.263930000E+3
-8.913920000E-5	-2.089150000E-5	5.359700000E+0	2.999954297E+4	2.266678000E+3
-8.830470000E-5	-2.115980000E-5	5.371400000E+0	2.999954297E+4	2.268664000E+3
-8.821530000E-5	-2.089150000E-5	5.382900000E+0	2.999954297E+4	2.271070000E+3
-8.821530000E-5	-2.104060000E-5	5.395100000E+0	2.999954297E+4	2.273461000E+3
-8.645700000E-5	-2.139820000E-5	5.406900000E+0	2.999954297E+4	2.275907000E+3
-8.747030000E-5	-2.089150000E-5	5.422500000E+0	2.999954297E+4	2.278948000E+3
-8.893060000E-5	-2.118960000E-5	5.434100000E+0	2.999954297E+4	2.281346000E+3
-8.723190000E-5	-2.175580000E-5	5.444200000E+0	2.999954297E+4	2.283332000E+3
-8.595040000E-5	-2.223260000E-5	5.456600000E+0	2.999954297E+4	2.286189000E+3
-8.764910000E-5	-2.205380000E-5	5.466900000E+0	2.999954297E+4	2.287828000E+3
-8.750010000E-5	-2.202400000E-5	5.478700000E+0	2.999954297E+4	2.290148000E+3
-8.523510000E-5	-2.264990000E-5	5.488800000E+0	2.999954297E+4	2.292533000E+3
-8.466890000E-5	-2.259030000E-5	5.501000000E+0	2.999954297E+4	2.294960000E+3
-8.568210000E-5	-2.220280000E-5	5.511400000E+0	2.999954297E+4	2.296586000E+3
-8.317870000E-5	-2.276910000E-5	5.522300000E+0	2.999954297E+4	2.298746000E+3
-8.535430000E-5	-2.202400000E-5	5.533700000E+0	2.999954297E+4	2.301517000E+3
-8.270190000E-5	-2.303730000E-5	5.544200000E+0	2.999954297E+4	2.303531000E+3
-8.222510000E-5	-2.351410000E-5	5.556100000E+0	2.999954297E+4	2.305474000E+3
-8.133100000E-5	-2.399100000E-5	5.567200000E+0	2.999954297E+4	2.307905000E+3
-8.180780000E-5	-2.369300000E-5	5.580300000E+0	2.999954297E+4	2.310767000E+3
-8.103300000E-5	-2.375260000E-5	5.590600000E+0	2.999954297E+4	2.312279000E+3
-8.004950000E-5	-2.434860000E-5	5.601400000E+0	2.999954297E+4	2.314675000E+3
-7.987070000E-5	-2.402080000E-5	5.612400000E+0	2.999954297E+4	2.317286000E+3
-8.156940000E-5	-2.411020000E-5	5.624400000E+0	2.999954297E+4	2.319614000E+3
-8.106280000E-5	-2.434860000E-5	5.634400000E+0	2.999954297E+4	2.321227000E+3
-8.133100000E-5	-2.455720000E-5	5.646700000E+0	2.999954297E+4	2.324105000E+3
-7.990050000E-5	-2.467640000E-5	5.658700000E+0	2.999954297E+4	2.326406000E+3
-8.052630000E-5	-2.458700000E-5	5.669800000E+0	2.999954297E+4	2.328513000E+3
-7.963230000E-5	-2.485530000E-5	5.682300000E+0	2.999954297E+4	2.330979000E+3
-7.912560000E-5	-2.509370000E-5	5.692500000E+0	2.999954297E+4	2.332944000E+3
-7.817200000E-5	-2.527250000E-5	5.703600000E+0	2.999954297E+4	2.335401000E+3
-7.662220000E-5	-2.574930000E-5	5.716400000E+0	2.999954297E+4	2.337757000E+3
-7.718850000E-5	-2.598770000E-5	5.729000000E+0	2.999954297E+4	2.340290000E+3
-7.623480000E-5	-2.610700000E-5	5.740900000E+0	2.999954297E+4	2.342690000E+3
-7.647320000E-5	-2.601750000E-5	5.751000000E+0	2.999954297E+4	2.345093000E+3
-7.328440000E-5	-2.685200000E-5	5.763100000E+0	2.999954297E+4	2.347083000E+3
-7.411880000E-5	-2.646460000E-5	5.773700000E+0	2.999954297E+4	2.349082000E+3
-7.265850000E-5	-2.694140000E-5	5.785600000E+0	2.999954297E+4	2.351618000E+3
-7.250950000E-5	-2.744810000E-5	5.796100000E+0	2.999954297E+4	2.354033000E+3
-7.233070000E-5	-2.750770000E-5	5.807000000E+0	2.999954297E+4	2.355662000E+3
-7.081080000E-5	-2.819310000E-5	5.818900000E+0	2.999954297E+4	2.358436000E+3
-7.024450000E-5	-2.867000000E-5	5.830100000E+0	2.999954297E+4	2.360825000E+3
-6.878420000E-5	-2.908720000E-5	5.842500000E+0	2.999954297E+4	2.362832000E+3
-6.723450000E-5	-2.953420000E-5	5.853700000E+0	2.999954297E+4	2.365703000E+3
-6.675770000E-5	-3.018990000E-5	5.865000000E+0	2.999954297E+4	2.368010000E+3
-6.625100000E-5	-3.063700000E-5	5.875100000E+0	2.999954297E+4	2.369257000E+3
-6.452250000E-5	-3.105430000E-5	5.885200000E+0	2.999954297E+4	2.371644000E+3
-6.440330000E-5	-3.135230000E-5	5.895500000E+0	2.999954297E+4	2.373694000E+3
-6.333040000E-5	-3.212710000E-5	5.906600000E+0	2.999954297E+4	2.375757000E+3
-5.933670000E-5	-3.272320000E-5	5.917000000E+0	2.999954297E+4	2.378162000E+3
-5.930690000E-5	-3.296160000E-5	5.928400000E+0	2.999954297E+4	2.380595000E+3
-5.859160000E-5	-3.325960000E-5	5.939400000E+0	2.999954297E+4	2.382212000E+3
-5.593920000E-5	-3.454110000E-5	5.951300000E+0	2.999954297E+4	2.384998000E+3
-5.531330000E-5	-3.454110000E-5	5.962300000E+0	2.999954297E+4	2.387535000E+3
-5.468750000E-5	-3.489880000E-5	5.972400000E+0	2.999954297E+4	2.388675000E+3
-5.206490000E-5	-3.555440000E-5	5.982700000E+0	2.999954297E+4	2.391498000E+3
-5.176690000E-5	-3.615040000E-5	5.994800000E+0	2.999954297E+4	2.393475000E+3
-4.944230000E-5	-3.731270000E-5	6.006200000E+0	2.999954297E+4	2.395937000E+3
-4.881640000E-5	-3.796840000E-5	6.018000000E+0	2.999954297E+4	2.398277000E+3
-4.676010000E-5	-3.862400000E-5	6.028100000E+0	2.999954297E+4	2.400475000E+3
-4.479310000E-5	-3.889230000E-5	6.039400000E+0	2.999954297E+4	2.402482000E+3
-4.249830000E-5	-3.951810000E-5	6.050200000E+0	2.999954297E+4	2.404424000E+3
-4.047180000E-5	-4.026320000E-5	6.060400000E+0	2.999954297E+4	2.406812000E+3
-3.871340000E-5	-4.062080000E-5	6.072100000E+0	2.999954297E+4	2.409027000E+3
-3.668690000E-5	-4.071020000E-5	6.082200000E+0	2.999954297E+4	2.411025000E+3
-3.546500000E-5	-4.074000000E-5	6.093300000E+0	2.999954297E+4	2.413387000E+3
-3.302120000E-5	-4.109760000E-5	6.103900000E+0	2.999954297E+4	2.415342000E+3
-3.072640000E-5	-4.053140000E-5	6.114500000E+0	2.999954297E+4	2.417733000E+3
-2.864010000E-5	-4.047180000E-5	6.126700000E+0	2.999954297E+4	2.419812000E+3
-2.685200000E-5	-4.017380000E-5	6.137200000E+0	2.999954297E+4	2.421732000E+3
-2.259030000E-5	-4.035260000E-5	6.147400000E+0	2.999954297E+4	2.424546000E+3
-2.130880000E-5	-4.020360000E-5	6.158500000E+0	2.999954297E+4	2.426198000E+3
-2.062330000E-5	-3.954790000E-5	6.169900000E+0	2.999954297E+4	2.428200000E+3
-1.743450000E-5	-3.907110000E-5	6.181200000E+0	2.999954297E+4	2.430625000E+3
-1.439460000E-5	-3.847500000E-5	6.192500000E+0	2.999954297E+4	2.433334000E+3
-1.466280000E-5	-3.725310000E-5	6.203300000E+0	2.999954297E+4	2.435400000E+3
-1.239780000E-5	-3.653790000E-5	6.215100000E+0	2.999954297E+4	2.437336000E+3
-1.135470000E-5	-3.507760000E-5	6.225400000E+0	2.999954297E+4	2.440202000E+3
-9.089770000E-6	-3.448150000E-5	6.236500000E+0	2.999954297E+4	2.442335000E+3
-1.022230000E-5	-3.373650000E-5	6.247200000E+0	2.999954297E+4	2.443944000E+3
-1.016270000E-5	-3.275300000E-5	6.258800000E+0	2.999954297E+4	2.445918000E+3
-7.808270000E-6	-3.162050000E-5	6.269400000E+0	2.999954297E+4	2.448850000E+3
-7.480410000E-6	-3.048790000E-5	6.280100000E+0	2.999954297E+4	2.450867000E+3
-6.496940000E-6	-2.950440000E-5	6.291600000E+0	2.999954297E+4	2.452888000E+3
-5.751880000E-6	-2.875940000E-5	6.302600000E+0	2.999954297E+4	2.454865000E+3
-5.483660000E-6	-2.747790000E-5	6.315100000E+0	2.999954297E+4	2.457614000E+3
-4.291560000E-6	-2.601750000E-5	6.325800000E+0	2.999954297E+4	2.460021000E+3
-3.278270000E-6	-2.649440000E-5	6.337000000E+0	2.999954297E+4	2.462174000E+3
-3.725300000E-6	-2.524270000E-5	6.347400000E+0	2.999954297E+4	2.463620000E+3
-3.427280000E-6	-2.372280000E-5	6.358900000E+0	2.999954297E+4	2.466469000E+3
-2.205390000E-6	-2.327570000E-5	6.369400000E+0	2.999954297E+4	2.468678000E+3
-2.443800000E-6	-2.276910000E-5	6.380700000E+0	2.999954297E+4	2.470679000E+3
-1.460320000E-6	-2.169620000E-5	6.392300000E+0	2.999954297E+4	2.473544000E+3
-1.192100000E-6	-2.145780000E-5	6.404200000E+0	2.999954297E+4	2.475091000E+3
-1.490120000E-6	-2.068290000E-5	6.415400000E+0	2.999954297E+4	2.477511000E+3
-1.490120000E-6	-2.017630000E-5	6.427100000E+0	2.999954297E+4	2.480330000E+3
8.940740000E-8	-2.044450000E-5	6.439000000E+0	2.999954297E+4	2.482838000E+3
-1.311310000E-6	-2.014650000E-5	6.450900000E+0	2.999954297E+4	2.484306000E+3
-6.854570000E-7	-1.996770000E-5	6.462400000E+0	2.999954297E+4	2.487096000E+3
3.874320000E-7	-1.961000000E-5	6.474800000E+0	2.999954297E+4	2.489886000E+3
-2.086170000E-7	-1.946100000E-5	6.485400000E+0	2.999954297E+4	2.491532000E+3
1.281510000E-6	-1.934180000E-5	6.495900000E+0	2.999954297E+4	2.493501000E+3
1.162300000E-6	-1.925240000E-5	6.506200000E+0	2.999954297E+4	2.495924000E+3
3.278270000E-6	-1.943120000E-5	6.517500000E+0	2.999954297E+4	2.498303000E+3
7.450620000E-7	-1.937160000E-5	6.529600000E+0	2.999954297E+4	2.500347000E+3
5.662480000E-7	-1.946100000E-5	6.541200000E+0	2.999954297E+4	2.502718000E+3
2.682230000E-7	-1.898420000E-5	6.551400000E+0	2.999954297E+4	2.505091000E+3
3.039850000E-6	-1.910340000E-5	6.562500000E+0	2.999954297E+4	2.507519000E+3
2.741830000E-6	-1.898420000E-5	6.574300000E+0	2.999954297E+4	2.509533000E+3
2.354400000E-6	-1.883520000E-5	6.586100000E+0	2.999954297E+4	2.511629000E+3
2.175580000E-6	-1.877560000E-5	6.596300000E+0	2.999954297E+4	2.513897000E+3
2.414000000E-6	-1.901400000E-5	6.606800000E+0	2.999954297E+4	2.516171000E+3
1.132500000E-6	-1.850740000E-5	6.618600000E+0	2.999954297E+4	2.518290000E+3
3.337870000E-6	-1.889480000E-5	6.631600000E+0	2.999954297E+4	2.520954000E+3
6.258520000E-7	-1.811990000E-5	6.641900000E+0	2.999954297E+4	2.522548000E+3
2.026570000E-6	-1.865640000E-5	6.654000000E+0	2.999954297E+4	2.525417000E+3
6.854570000E-7	-1.865640000E-5	6.664100000E+0	2.999954297E+4	2.527477000E+3
-8.642710000E-7	-2.539170000E-5	6.677600000E+0	2.999954297E+4	2.530162000E+3
8.344690000E-7	-1.868620000E-5	6.689200000E+0	2.999954297E+4	2.532196000E+3
2.145780000E-6	-1.898420000E-5	6.699200000E+0	2.999954297E+4	2.534718000E+3
2.354400000E-6	-1.880540000E-5	6.710200000E+0	2.999954297E+4	2.536704000E+3
2.354400000E-6	-1.874580000E-5	6.721500000E+0	2.999954297E+4	2.539083000E+3
3.695500000E-6	-1.898420000E-5	6.733700000E+0	2.999954297E+4	2.541161000E+3
1.907360000E-6	-1.871600000E-5	6.744800000E+0	2.999954297E+4	2.544045000E+3
2.235190000E-6	-1.850740000E-5	6.755300000E+0	2.999954297E+4	2.545686000E+3
2.890840000E-6	-1.883520000E-5	6.766800000E+0	2.999954297E+4	2.548027000E+3
1.996770000E-6	-1.910340000E-5	6.778300000E+0	2.999954297E+4	2.550070000E+3
8.344690000E-7	-1.895440000E-5	6.790700000E+0	2.999954297E+4	2.552477000E+3
3.397480000E-6	-1.913320000E-5	6.801400000E+0	2.999954297E+4	2.555256000E+3
1.311310000E-6	-1.835830000E-5	6.811700000E+0	2.999954297E+4	2.557296000E+3
1.370910000E-6	-1.856700000E-5	6.822500000E+0	2.999954297E+4	2.558886000E+3
1.996770000E-6	-1.865640000E-5	6.832700000E+0	2.999954297E+4	2.561260000E+3
8.344690000E-7	-1.859680000E-5	6.843200000E+0	2.999954297E+4	2.562837000E+3
6.258520000E-7	-1.871600000E-5	6.854800000E+0	2.999954297E+4	2.565691000E+3
1.311310000E-6	-1.880540000E-5	6.865800000E+0	2.999954297E+4	2.568096000E+3
1.549730000E-6	-1.871600000E-5	6.876300000E+0	2.999954297E+4	2.569642000E+3
5.960500000E-7	-1.880540000E-5	6.886900000E+0	2.999954297E+4	2.571625000E+3
2.235190000E-6	-1.892460000E-5	6.897900000E+0	2.999954297E+4	2.574587000E+3
-2.086170000E-7	-1.880540000E-5	6.909300000E+0	2.999954297E+4	2.576662000E+3
3.099460000E-6	-1.907360000E-5	6.920200000E+0	2.999954297E+4	2.578208000E+3
1.847750000E-6	-1.823910000E-5	6.931500000E+0	2.999954297E+4	2.580980000E+3
2.682220000E-6	-1.832850000E-5	6.942000000E+0	2.999954297E+4	2.583033000E+3
2.354400000E-6	-1.853720000E-5	6.952300000E+0	2.999954297E+4	2.584988000E+3
3.635900000E-6	-1.895440000E-5	6.962500000E+0	2.999954297E+4	2.587414000E+3
3.844530000E-6	-1.895440000E-5	6.972700000E+0	2.999954297E+4	2.588979000E+3
2.324600000E-6	-1.886500000E-5	6.983800000E+0	2.999954297E+4	2.591430000E+3
1.341110000E-6	-1.859680000E-5	6.995200000E+0	2.999954297E+4	2.593507000E+3
2.294790000E-6	-1.895440000E-5	7.005400000E+0	2.999954297E+4	2.595892000E+3
8.046660000E-7	-1.889480000E-5	7.018000000E+0	2.999954297E+4	2.597914000E+3
2.443800000E-6	-1.865640000E-5	7.029800000E+0	2.999954297E+4	2.600479000E+3
2.980250000E-6	-1.931200000E-5	7.041100000E+0	2.999954297E+4	2.602903000E+3
1.996770000E-6	-1.901400000E-5	7.052200000E+0	2.999954297E+4	2.605233000E+3
3.278270000E-6	-1.892460000E-5	7.063100000E+0	2.999954297E+4	2.607320000E+3
2.145780000E-6	-1.871600000E-5	7.073700000E+0	2.999954297E+4	2.608883000E+3
2.056370000E-6	-1.850740000E-5	7.083700000E+0	2.999954297E+4	2.611269000E+3
2.145780000E-6	-1.859680000E-5	7.095100000E+0	2.999954297E+4	2.613228000E+3
1.877550000E-6	-1.847760000E-5	7.105200000E+0	2.999954297E+4	2.615676000E+3
1.966970000E-6	-1.865640000E-5	7.115600000E+0	2.999954297E+4	2.618037000E+3
1.311310000E-6	-1.856700000E-5	7.127100000E+0	2.999954297E+4	2.620102000E+3
5.960500000E-7	-1.832850000E-5	7.137900000E+0	2.999954297E+4	2.622050000E+3
3.516690000E-6	-1.844780000E-5	7.149300000E+0	2.999954297E+4	2.624614000E+3
3.963740000E-6	-1.862660000E-5	7.160700000E+0	2.999954297E+4	2.626994000E+3
3.248470000E-6	-1.850740000E-5	7.172000000E+0	2.999954297E+4	2.628966000E+3
2.712030000E-6	-1.841800000E-5	7.183300000E+0	2.999954297E+4	2.630987000E+3
3.457080000E-6	-1.826890000E-5	7.193400000E+0	2.999954297E+4	2.633376000E+3
4.410770000E-6	-1.850740000E-5	7.203700000E+0	2.999954297E+4	2.635364000E+3
3.099460000E-6	-1.814970000E-5	7.216800000E+0	2.999954297E+4	2.638178000E+3
3.308070000E-6	-1.856700000E-5	7.228800000E+0	2.999954297E+4	2.640208000E+3
5.960500000E-7	-1.853720000E-5	7.241100000E+0	2.999954297E+4	2.642691000E+3
2.414000000E-6	-1.889480000E-5	7.252300000E+0	2.999954297E+4	2.645001000E+3
1.132500000E-6	-1.853720000E-5	7.262900000E+0	2.999954297E+4	2.647489000E+3
1.996770000E-6	-1.865640000E-5	7.274900000E+0	2.999954297E+4	2.649555000E+3
1.311310000E-6	-1.850740000E-5	7.285000000E+0	2.999954297E+4	2.651542000E+3
5.066430000E-7	-1.862660000E-5	7.296800000E+0	2.999954297E+4	2.654351000E+3
1.877550000E-6	-1.850740000E-5	7.307900000E+0	2.999954297E+4	2.656362000E+3
7.450620000E-7	-1.871600000E-5	7.318400000E+0	2.999954297E+4	2.658286000E+3
1.490120000E-6	-1.898420000E-5	7.329400000E+0	2.999954297E+4	2.660326000E+3
5.960500000E-7	-1.871600000E-5	7.339500000E+0	2.999954297E+4	2.662338000E+3
1.281510000E-6	-1.934180000E-5	7.349600000E+0	2.999954297E+4	2.664731000E+3
5.662480000E-7	-1.901400000E-5	7.359900000E+0	2.999954297E+4	2.666740000E+3
6.854570000E-7	-1.895440000E-5	7.372400000E+0	2.999954297E+4	2.669110000E+3
1.609330000E-6	-1.907360000E-5	7.382800000E+0	2.999954297E+4	2.671137000E+3
1.996770000E-6	-1.943120000E-5	7.393600000E+0	2.999954297E+4	2.673092000E+3
-3.278270000E-7	-1.913320000E-5	7.403900000E+0	2.999954297E+4	2.674976000E+3
8.940730000E-7	-1.892460000E-5	7.415200000E+0	2.999954297E+4	2.678161000E+3
2.086180000E-6	-1.907360000E-5	7.425600000E+0	2.999954297E+4	2.679781000E+3
1.162300000E-6	-1.904380000E-5	7.436400000E+0	2.999954297E+4	2.681810000E+3
7.152590000E-7	-1.907360000E-5	7.448400000E+0	2.999954297E+4	2.684168000E+3
1.370910000E-6	-1.907360000E-5	7.459300000E+0	2.999954297E+4	2.686603000E+3
1.192100000E-6	-1.898420000E-5	7.470800000E+0	2.999954297E+4	2.689010000E+3
2.324600000E-6	-1.898420000E-5	7.482400000E+0	2.999954297E+4	2.690960000E+3
1.490120000E-6	-1.892460000E-5	7.492900000E+0	2.999954297E+4	2.692956000E+3
1.609330000E-6	-1.904380000E-5	7.504600000E+0	2.999954297E+4	2.695392000E+3
5.960500000E-7	-1.883520000E-5	7.516700000E+0	2.999954297E+4	2.698144000E+3
5.662480000E-7	-1.880540000E-5	7.526800000E+0	2.999954297E+4	2.700164000E+3
3.278270000E-7	-1.898420000E-5	7.537000000E+0	2.999954297E+4	2.701741000E+3
4.470370000E-7	-1.880540000E-5	7.548400000E+0	2.999954297E+4	2.704141000E+3
7.152590000E-7	-1.889480000E-5	7.558700000E+0	2.999954297E+4	2.706239000E+3
5.960510000E-8	-1.889480000E-5	7.569300000E+0	2.999954297E+4	2.708736000E+3
-3.874320000E-7	-1.856700000E-5	7.580300000E+0	2.999954297E+4	2.711083000E+3
1.132500000E-6	-1.871600000E-5	7.591500000E+0	2.999954297E+4	2.712704000E+3
2.980250000E-7	-1.853720000E-5	7.602500000E+0	2.999954297E+4	2.715138000E+3
-8.940740000E-8	-1.862660000E-5	7.612700000E+0	2.999954297E+4	2.717096000E+3
1.519930000E-6	-1.946100000E-5	7.623400000E+0	2.999954297E+4	2.719502000E+3
1.162300000E-6	-1.904380000E-5	7.634000000E+0	2.999954297E+4	2.721273000E+3
-5.364450000E-7	-1.862660000E-5	7.644100000E+0	2.999954297E+4	2.723621000E+3
7.450620000E-7	-1.880540000E-5	7.656100000E+0	2.999954297E+4	2.725686000E+3
1.996770000E-6	-1.931200000E-5	7.668600000E+0	2.999954297E+4	2.728415000E+3
4.470370000E-7	-1.910340000E-5	7.679200000E+0	2.999954297E+4	2.730499000E+3
8.642710000E-7	-1.901400000E-5	7.689500000E+0	2.999954297E+4	2.732492000E+3
2.115980000E-6	-1.943120000E-5	7.700200000E+0	2.999954297E+4	2.734469000E+3
2.980250000E-7	-1.928220000E-5	7.711700000E+0	2.999954297E+4	2.736835000E+3
1.102690000E-6	-1.922260000E-5	7.723200000E+0	2.999954297E+4	2.739639000E+3
1.996770000E-6	-1.934180000E-5	7.734100000E+0	2.999954297E+4	2.741628000E+3
7.748640000E-7	-1.913320000E-5	7.745500000E+0	2.999954297E+4	2.743617000E+3
8.046660000E-7	-1.883520000E-5	7.756400000E+0	2.999954297E+4	2.745617000E+3
7.450620000E-7	-1.895440000E-5	7.767400000E+0	2.999954297E+4	2.748009000E+3
8.046660000E-7	-1.919280000E-5	7.779800000E+0	2.999954297E+4	2.750592000E+3
5.960510000E-8	-1.862660000E-5	7.790300000E+0	2.999954297E+4	2.752955000E+3
1.758340000E-6	-1.889480000E-5	7.802000000E+0	2.999954297E+4	2.754965000E+3
3.874320000E-7	-1.889480000E-5	7.812500000E+0	2.999954297E+4	2.757014000E+3
1.847750000E-6	-1.916300000E-5	7.822600000E+0	2.999954297E+4	2.758975000E+3
2.294790000E-6	-1.904380000E-5	7.834100000E+0	2.999954297E+4	2.761398000E+3
5.960500000E-7	-1.874580000E-5	7.845000000E+0	2.999954297E+4	2.764067000E+3
-8.344690000E-7	-1.865640000E-5	7.857100000E+0	2.999954297E+4	2.765919000E+3
-2.384200000E-7	-1.895440000E-5	7.868700000E+0	2.999954297E+4	2.768339000E+3
5.960510000E-8	-1.892460000E-5	7.879900000E+0	2.999954297E+4	2.770736000E+3
1.788150000E-7	-1.877560000E-5	7.892700000E+0	2.999954297E+4	2.773479000E+3
-2.980250000E-8	-1.880540000E-5	7.902700000E+0	2.999954297E+4	2.775151000E+3
-3.874320000E-7	-1.940140000E-5	7.913500000E+0	2.999954297E+4	2.777101000E+3
1.192100000E-6	-1.940140000E-5	7.925200000E+0	2.999954297E+4	2.779506000E+3
7.450620000E-7	-1.889480000E-5	7.936500000E+0	2.999954297E+4	2.781892000E+3
1.400720000E-6	-1.886500000E-5	7.946500000E+0	2.999954297E+4	2.784321000E+3
1.281510000E-6	-1.889480000E-5	7.958200000E+0	2.999954297E+4	2.785990000E+3
-9.834840000E-7	-1.871600000E-5	7.968400000E+0	2.999954297E+4	2.788744000E+3
1.072890000E-6	-1.859680000E-5	7.979100000E+0	2.999954297E+4	2.790730000E+3
8.940740000E-8	-1.832850000E-5	7.989500000E+0	2.999954297E+4	2.792704000E+3
-2.384200000E-7	-1.820930000E-5	7.999800000E+0	2.999954297E+4	2.794299000E+3
8.642710000E-7	-1.791130000E-5	8.010300000E+0	2.999954297E+4	2.796686000E+3
1.102690000E-6	-1.850740000E-5	8.020600000E+0	2.999954297E+4	2.798737000E+3
8.940730000E-7	-1.844780000E-5	8.032500000E+0	2.999954297E+4	2.801219000E+3
-8.046660000E-7	-1.811990000E-5	8.043000000E+0	2.999954297E+4	2.803348000E+3
8.046660000E-7	-1.853720000E-5	8.054500000E+0	2.999954297E+4	2.805366000E+3
1.192100000E-6	-1.883520000E-5	8.066300000E+0	2.999954297E+4	2.807368000E+3
-8.940740000E-8	-1.868620000E-5	8.078500000E+0	2.999954297E+4	2.810179000E+3
-2.384200000E-7	-1.803050000E-5	8.089500000E+0	2.999954297E+4	2.812604000E+3
1.937170000E-6	-1.853720000E-5	8.099600000E+0	2.999954297E+4	2.814997000E+3
1.221900000E-6	-1.809010000E-5	8.110100000E+0	2.999954297E+4	2.816603000E+3
1.668940000E-6	-1.868620000E-5	8.121000000E+0	2.999954297E+4	2.818148000E+3
1.937170000E-6	-1.871600000E-5	8.132500000E+0	2.999954297E+4	2.820967000E+3
2.264990000E-6	-1.847760000E-5	8.142900000E+0	2.999954297E+4	2.823358000E+3
3.218670000E-6	-1.889480000E-5	8.155400000E+0	2.999954297E+4	2.825794000E+3
1.609330000E-6	-1.832850000E-5	8.166600000E+0	2.999954297E+4	2.827775000E+3
1.311310000E-6	-1.838810000E-5	8.177300000E+0	2.999954297E+4	2.830199000E+3
-1.490130000E-7	-1.811990000E-5	8.188600000E+0	2.999954297E+4	2.832191000E+3
-5.364450000E-7	-1.820930000E-5	8.200500000E+0	2.999954297E+4	2.834617000E+3
6.556550000E-7	-1.847760000E-5	8.211200000E+0	2.999954297E+4	2.837129000E+3
-5.662480000E-7	-1.877560000E-5	8.221700000E+0	2.999954297E+4	2.839100000E+3
-1.430520000E-6	-1.826890000E-5	8.232900000E+0	2.999954297E+4	2.841108000E+3
-1.728540000E-6	-1.809010000E-5	8.243400000E+0	2.999954297E+4	2.843110000E+3
0.000000000E+0	-1.874580000E-5	8.253900000E+0	2.999954297E+4	2.845135000E+3
-6.854570000E-7	-1.856700000E-5	8.265300000E+0	2.999954297E+4	2.847885000E+3
1.460320000E-6	-1.880540000E-5	8.275400000E+0	2.999954297E+4	2.849933000E+3
1.490120000E-6	-1.886500000E-5	8.287300000E+0	2.999954297E+4	2.852295000E+3
-5.662480000E-7	-1.868620000E-5	8.297900000E+0	2.999954297E+4	2.854318000E+3
-1.102690000E-6	-1.835830000E-5	8.308100000E+0	2.999954297E+4	2.856327000E+3
1.102690000E-6	-1.871600000E-5	8.320200000E+0	2.999954297E+4	2.858270000E+3
5.960500000E-7	-1.877560000E-5	8.331500000E+0	2.999954297E+4	2.860870000E+3
2.831240000E-6	-1.919280000E-5	8.343300000E+0	2.999954297E+4	2.863198000E+3
-1.251700000E-6	-1.838810000E-5	8.355100000E+0	2.999954297E+4	2.865675000E+3
3.278270000E-7	-1.853720000E-5	8.365500000E+0	2.999954297E+4	2.867601000E+3
8.940730000E-7	-1.722590000E-5	8.376300000E+0	2.999954297E+4	2.870047000E+3
1.311310000E-6	-1.743450000E-5	8.389300000E+0	2.999954297E+4	2.872458000E+3
1.192100000E-6	-1.755370000E-5	8.401100000E+0	2.999954297E+4	2.874441000E+3
1.609330000E-6	-1.767290000E-5	8.413000000E+0	2.999954297E+4	2.877221000E+3
2.354400000E-6	-1.823910000E-5	8.424200000E+0	2.999954297E+4	2.879643000E+3
2.175580000E-6	-1.811990000E-5	8.435900000E+0	2.999954297E+4	2.881622000E+3
1.758340000E-6	-1.809010000E-5	8.447200000E+0	2.999954297E+4	2.884058000E+3
2.264990000E-6	-1.841800000E-5	8.457500000E+0	2.999954297E+4	2.886009000E+3
1.221900000E-6	-1.785170000E-5	8.467600000E+0	2.999954297E+4	2.888049000E+3
1.192100000E-6	-1.764310000E-5	8.479000000E+0	2.999954297E+4	2.890469000E+3
1.788150000E-7	-1.806030000E-5	8.489600000E+0	2.999954297E+4	2.892808000E+3
-3.576300000E-7	-1.776230000E-5	8.500900000E+0	2.999954297E+4	2.894878000E+3
1.400720000E-6	-1.773250000E-5	8.511300000E+0	2.999954297E+4	2.896561000E+3
0.000000000E+0	-1.794110000E-5	8.522800000E+0	2.999954297E+4	2.899393000E+3
8.940740000E-8	-1.809010000E-5	8.533600000E+0	2.999954297E+4	2.901884000E+3
1.579530000E-6	-1.788150000E-5	8.543700000E+0	2.999954297E+4	2.903493000E+3
2.086170000E-7	-1.767290000E-5	8.554000000E+0	2.999954297E+4	2.905131000E+3
-1.043090000E-6	-1.794110000E-5	8.564100000E+0	2.999954297E+4	2.907084000E+3
1.490120000E-6	-1.823910000E-5	8.574900000E+0	2.999954297E+4	2.909542000E+3
-2.086170000E-7	-1.779210000E-5	8.585000000E+0	2.999954297E+4	2.911514000E+3
5.960500000E-7	-1.764310000E-5	8.596700000E+0	2.999954297E+4	2.913978000E+3
1.162300000E-6	-1.794110000E-5	8.607400000E+0	2.999954297E+4	2.916291000E+3
9.238760000E-7	-1.791130000E-5	8.618100000E+0	2.999954297E+4	2.918289000E+3
4.470370000E-7	-1.752390000E-5	8.629400000E+0	2.999954297E+4	2.920289000E+3
-1.341110000E-6	-1.806030000E-5	8.640700000E+0	2.999954297E+4	2.922745000E+3
1.490130000E-7	-1.809010000E-5	8.651000000E+0	2.999954297E+4	2.924754000E+3
-5.960510000E-8	-1.785170000E-5	8.661500000E+0	2.999954297E+4	2.927481000E+3
5.066430000E-7	-1.817950000E-5	8.672500000E+0	2.999954297E+4	2.929130000E+3
-3.874320000E-7	-1.785170000E-5	8.684300000E+0	2.999954297E+4	2.931279000E+3
8.940740000E-8	-1.764310000E-5	8.694700000E+0	2.999954297E+4	2.933260000E+3
1.937170000E-6	-1.823910000E-5	8.705800000E+0	2.999954297E+4	2.935642000E+3
-2.682230000E-7	-1.800070000E-5	8.715900000E+0	2.999954297E+4	2.938055000E+3
6.258520000E-7	-1.811990000E-5	8.728600000E+0	2.999954297E+4	2.940489000E+3
-2.086170000E-7	-1.835830000E-5	8.739300000E+0	2.999954297E+4	2.942436000E+3
-3.576300000E-7	-1.803050000E-5	8.749600000E+0	2.999954297E+4	2.944417000E+3
-7.450620000E-7	-1.770270000E-5	8.760500000E+0	2.999954297E+4	2.946872000E+3
-5.662480000E-7	-1.817950000E-5	8.772700000E+0	2.999954297E+4	2.949226000E+3
4.172340000E-7	-1.794110000E-5	8.783700000E+0	2.999954297E+4	2.950827000E+3
-6.258520000E-7	-1.820930000E-5	8.794200000E+0	2.999954297E+4	2.953657000E+3
-1.102690000E-6	-1.797090000E-5	8.804800000E+0	2.999954297E+4	2.955617000E+3
-1.162300000E-6	-1.800070000E-5	8.816200000E+0	2.999954297E+4	2.957620000E+3
1.132500000E-6	-1.806030000E-5	8.827100000E+0	2.999954297E+4	2.960060000E+3
4.470370000E-7	-1.794110000E-5	8.837200000E+0	2.999954297E+4	2.962229000E+3
0.000000000E+0	-1.829870000E-5	8.848400000E+0	2.999954297E+4	2.964404000E+3
5.364450000E-7	-1.814970000E-5	8.858600000E+0	2.999954297E+4	2.966276000E+3
1.847750000E-6	-1.806030000E-5	8.870600000E+0	2.999954297E+4	2.968732000E+3
1.460320000E-6	-1.814970000E-5	8.881200000E+0	2.999954297E+4	2.971101000E+3
1.758340000E-6	-1.838810000E-5	8.891600000E+0	2.999954297E+4	2.973068000E+3
2.175580000E-6	-1.823910000E-5	8.904200000E+0	2.999954297E+4	2.975139000E+3
3.486890000E-6	-1.871600000E-5	8.914500000E+0	2.999954297E+4	2.977482000E+3
1.430520000E-6	-1.832850000E-5	8.924700000E+0	2.999954297E+4	2.979489000E+3
4.470370000E-7	-1.835830000E-5	8.936000000E+0	2.999954297E+4	2.981944000E+3
-4.768410000E-7	-1.823910000E-5	8.946400000E+0	2.999954297E+4	2.984315000E+3
8.940740000E-8	-1.838810000E-5	8.956600000E+0	2.999954297E+4	2.985918000E+3
0.000000000E+0	-1.791130000E-5	8.967600000E+0	2.999954297E+4	2.987963000E+3
9.536820000E-7	-1.862660000E-5	8.977700000E+0	2.999954297E+4	2.990075000E+3
-2.384200000E-7	-1.782190000E-5	8.988800000E+0	2.999954297E+4	2.992452000E+3
8.940740000E-8	-1.811990000E-5	8.999800000E+0	2.999954297E+4	2.994822000E+3
