20240415a_HM449HfTa4Zr_chiAC_vs_T.002 Tue, Apr 15, 2025 3:24:26 PM Juan Gabe
Magnet: None
Trigger spacing of 0.010000 on column #3
Offsets:	0.000000000E+0	0.000000000E+0	0.000000000E+0	0.000000000E+0	0.000000000E+0

Scale Factors:	1.000000000E+0	1.000000000E+0	1.000000000E+0	1.000000000E+0	1.000000000E+0

10000 Oe (1 T)
Lockin_V_002	Chan2_V_002	Temperture_002	Field_002	Timestamp_002
-1.505770000E-5	6.817310000E-6	7.500100000E+0	9.999506836E+3	2.800000000E-2
-1.358250000E-5	3.471990000E-6	7.488200000E+0	9.999506836E+3	5.092400000E+1
-1.354520000E-5	3.531590000E-6	7.476900000E+0	9.999506836E+3	5.301200000E+1
-1.323970000E-5	3.047300000E-6	7.465200000E+0	9.999506836E+3	5.502900000E+1
-1.324720000E-5	3.196310000E-6	7.454400000E+0	9.999506836E+3	5.694100000E+1
-1.322480000E-5	3.010050000E-6	7.444200000E+0	9.999506836E+3	5.941400000E+1
-1.377620000E-5	3.479440000E-6	7.433300000E+0	9.999506836E+3	6.096700000E+1
-1.336640000E-5	3.173960000E-6	7.422000000E+0	9.999506836E+3	6.339800000E+1
-1.335890000E-5	2.965350000E-6	7.410900000E+0	9.999506836E+3	6.574000000E+1
-1.291190000E-5	2.689670000E-6	7.399600000E+0	9.999506836E+3	6.814600000E+1
-1.297900000E-5	2.719480000E-6	7.389200000E+0	9.999506836E+3	6.979900000E+1
-1.307580000E-5	2.779080000E-6	7.377300000E+0	9.999506836E+3	7.179700000E+1
-1.335150000E-5	3.106910000E-6	7.366900000E+0	9.999506836E+3	7.456600000E+1
-1.318010000E-5	2.928090000E-6	7.356200000E+0	9.999506836E+3	7.661100000E+1
-1.308330000E-5	2.995150000E-6	7.346100000E+0	9.999506836E+3	7.862300000E+1
-1.291940000E-5	2.957900000E-6	7.333800000E+0	9.999506836E+3	8.113800000E+1
-1.292680000E-5	2.861040000E-6	7.323100000E+0	9.999506836E+3	8.283200000E+1
-1.323970000E-5	3.300620000E-6	7.310600000E+0	9.999506836E+3	8.563400000E+1
-1.313540000E-5	3.166510000E-6	7.300100000E+0	9.999506836E+3	8.803200000E+1
-1.395500000E-5	4.433120000E-6	7.289800000E+0	9.999506836E+3	8.968100000E+1
-1.425300000E-5	5.126030000E-6	7.277100000E+0	9.999506836E+3	9.163700000E+1
-1.361970000E-5	4.030790000E-6	7.265300000E+0	9.999506836E+3	9.445500000E+1
-1.347820000E-5	3.434730000E-6	7.253800000E+0	9.999506836E+3	9.683000000E+1
-1.313540000E-5	3.039850000E-6	7.243200000E+0	9.999506836E+3	9.925700000E+1
-1.304600000E-5	2.697120000E-6	7.232400000E+0	9.999506836E+3	1.012830000E+2
-1.309070000E-5	2.980250000E-6	7.220500000E+0	9.999506836E+3	1.032370000E+2
-1.259150000E-5	2.145780000E-6	7.209700000E+0	9.999506836E+3	1.056370000E+2
-1.265860000E-5	2.197940000E-6	7.198800000E+0	9.999506836E+3	1.076350000E+2
-1.303860000E-5	2.719480000E-6	7.187900000E+0	9.999506836E+3	1.100470000E+2
-1.370910000E-5	3.948840000E-6	7.175000000E+0	9.999506836E+3	1.128810000E+2
-1.299390000E-5	2.838690000E-6	7.163100000E+0	9.999506836E+3	1.148650000E+2
-1.297150000E-5	2.600270000E-6	7.152400000E+0	9.999506836E+3	1.172590000E+2
-1.353780000E-5	3.628450000E-6	7.141100000E+0	9.999506836E+3	1.192880000E+2
-1.417850000E-5	4.492730000E-6	7.129900000E+0	9.999506836E+3	1.216580000E+2
-1.341110000E-5	3.412380000E-6	7.118400000E+0	9.999506836E+3	1.240750000E+2
-1.373890000E-5	4.470380000E-6	7.108400000E+0	9.999506836E+3	1.256560000E+2
-1.311310000E-5	2.831240000E-6	7.096500000E+0	9.999506836E+3	1.285360000E+2
-1.371660000E-5	3.874330000E-6	7.085000000E+0	9.999506836E+3	1.309040000E+2
-1.487890000E-5	5.781680000E-6	7.074400000E+0	9.999506836E+3	1.325160000E+2
-1.361970000E-5	3.956290000E-6	7.062600000E+0	9.999506836E+3	1.352920000E+2
-1.367930000E-5	4.269210000E-6	7.051500000E+0	9.999506836E+3	1.372880000E+2
-1.369420000E-5	4.097850000E-6	7.040800000E+0	9.999506836E+3	1.394430000E+2
-1.347820000E-5	3.874330000E-6	7.030500000E+0	9.999506836E+3	1.417790000E+2
-1.372400000E-5	4.179800000E-6	7.019300000E+0	9.999506836E+3	1.437230000E+2
-1.396240000E-5	4.142550000E-6	7.008300000E+0	9.999506836E+3	1.456580000E+2
-1.343350000E-5	3.568840000E-6	6.996200000E+0	9.999506836E+3	1.486040000E+2
-1.341110000E-5	3.300620000E-6	6.985500000E+0	9.999506836E+3	1.506530000E+2
-1.338880000E-5	3.308070000E-6	6.974300000E+0	9.999506836E+3	1.527800000E+2
-1.323970000E-5	3.062200000E-6	6.963000000E+0	9.999506836E+3	1.551430000E+2
-1.337390000E-5	3.308070000E-6	6.952500000E+0	9.999506836E+3	1.569090000E+2
-1.347070000E-5	3.948840000E-6	6.941600000E+0	9.999506836E+3	1.592610000E+2
-1.330680000E-5	3.166510000E-6	6.930600000E+0	9.999506836E+3	1.618570000E+2
-1.347820000E-5	3.188860000E-6	6.919300000E+0	9.999506836E+3	1.638510000E+2
-1.343350000E-5	3.017500000E-6	6.907000000E+0	9.999506836E+3	1.659490000E+2
-1.359740000E-5	3.263370000E-6	6.896600000E+0	9.999506836E+3	1.683440000E+2
-1.387300000E-5	3.755110000E-6	6.885000000E+0	9.999506836E+3	1.705300000E+2
-1.402950000E-5	3.814730000E-6	6.874500000E+0	9.999506836E+3	1.730620000E+2
-1.394010000E-5	3.807260000E-6	6.863100000E+0	9.999506836E+3	1.751620000E+2
-1.411890000E-5	4.932310000E-6	6.851200000E+0	9.999506836E+3	1.775950000E+2
-1.432750000E-5	5.126030000E-6	6.839600000E+0	9.999506836E+3	1.798310000E+2
-1.473730000E-5	5.245240000E-6	6.828700000E+0	9.999506836E+3	1.817960000E+2
-1.457340000E-5	5.044070000E-6	6.818600000E+0	9.999506836E+3	1.835870000E+2
-1.468520000E-5	5.066420000E-6	6.806700000E+0	9.999506836E+3	1.860970000E+2
-1.442440000E-5	4.678990000E-6	6.795500000E+0	9.999506836E+3	1.882170000E+2
-1.395500000E-5	3.971190000E-6	6.784600000E+0	9.999506836E+3	1.906450000E+2
-1.376870000E-5	4.895060000E-6	6.773800000E+0	9.999506836E+3	1.929330000E+2
-1.361970000E-5	4.187260000E-6	6.760900000E+0	9.999506836E+3	1.956800000E+2
-1.363460000E-5	3.956290000E-6	6.749900000E+0	9.999506836E+3	1.975900000E+2
-1.367190000E-5	3.598640000E-6	6.738800000E+0	9.999506836E+3	2.002460000E+2
-1.367930000E-5	3.479440000E-6	6.727800000E+0	9.999506836E+3	2.020770000E+2
-1.399970000E-5	3.807260000E-6	6.717000000E+0	9.999506836E+3	2.041420000E+2
-1.426790000E-5	4.999370000E-6	6.706600000E+0	9.999506836E+3	2.059660000E+2
-1.444670000E-5	5.014270000E-6	6.695000000E+0	9.999506836E+3	2.090730000E+2
-1.396990000E-5	4.090400000E-6	6.681900000E+0	9.999506836E+3	2.110510000E+2
-1.335890000E-5	2.928090000E-6	6.669800000E+0	9.999506836E+3	2.139740000E+2
-1.370170000E-5	3.181410000E-6	6.658600000E+0	9.999506836E+3	2.157280000E+2
-1.351540000E-5	3.211210000E-6	6.646900000E+0	9.999506836E+3	2.178300000E+2
-1.362720000E-5	3.278270000E-6	6.635400000E+0	9.999506836E+3	2.206410000E+2
-1.323970000E-5	3.412380000E-6	6.623700000E+0	9.999506836E+3	2.233250000E+2
-1.274060000E-5	2.451260000E-6	6.612900000E+0	9.999506836E+3	2.249420000E+2
-1.318010000E-5	3.322970000E-6	6.601700000E+0	9.999506836E+3	2.271510000E+2
-1.288960000E-5	2.369300000E-6	6.589200000E+0	9.999506836E+3	2.295960000E+2
-1.286720000E-5	2.630070000E-6	6.577800000E+0	9.999506836E+3	2.320650000E+2
-1.292680000E-5	2.272440000E-6	6.566200000E+0	9.999506836E+3	2.346630000E+2
-1.282250000E-5	2.294790000E-6	6.555300000E+0	9.999506836E+3	2.364070000E+2
-1.306840000E-5	2.719480000E-6	6.543800000E+0	9.999506836E+3	2.383530000E+2
-1.291940000E-5	2.294790000E-6	6.532600000E+0	9.999506836E+3	2.414900000E+2
-1.295660000E-5	2.317150000E-6	6.521000000E+0	9.999506836E+3	2.436780000E+2
-1.300130000E-5	2.011670000E-6	6.510000000E+0	9.999506836E+3	2.453190000E+2
-1.358990000E-5	2.719480000E-6	6.499100000E+0	9.999506836E+3	2.478140000E+2
-1.335150000E-5	1.825400000E-6	6.488800000E+0	9.999506836E+3	2.502270000E+2
-1.338130000E-5	1.601880000E-6	6.478500000E+0	9.999506836E+3	2.520130000E+2
-1.298640000E-5	1.251700000E-6	6.467400000E+0	9.999506836E+3	2.537180000E+2
-1.325460000E-5	8.642710000E-7	6.455700000E+0	9.999506836E+3	2.565360000E+2
-1.342600000E-5	8.493700000E-7	6.443500000E+0	9.999506836E+3	2.587700000E+2
-1.358250000E-5	1.266610000E-7	6.430500000E+0	9.999506836E+3	2.613200000E+2
-1.370910000E-5	-3.203770000E-7	6.420100000E+0	9.999506836E+3	2.642670000E+2
-1.385810000E-5	-7.301610000E-7	6.408700000E+0	9.999506836E+3	2.659860000E+2
-1.419340000E-5	-7.003580000E-7	6.398000000E+0	9.999506836E+3	2.679660000E+2
-1.640630000E-5	2.227740000E-6	6.387900000E+0	9.999506836E+3	2.702290000E+2
-1.770270000E-5	2.689670000E-6	6.376200000E+0	9.999506836E+3	2.722450000E+2
-1.609340000E-5	-1.959520000E-6	6.365200000E+0	9.999506836E+3	2.748760000E+2
-1.626470000E-5	-2.793980000E-6	6.354400000E+0	9.999506836E+3	2.764780000E+2
-1.918540000E-5	1.266610000E-6	6.342600000E+0	9.999506836E+3	2.790130000E+2
-2.046690000E-5	1.341110000E-6	6.332400000E+0	9.999506836E+3	2.811460000E+2
-2.133860000E-5	9.462270000E-7	6.319400000E+0	9.999506836E+3	2.840780000E+2
-2.216560000E-5	5.662480000E-7	6.307200000E+0	9.999506836E+3	2.860810000E+2
-2.306710000E-5	3.427290000E-7	6.294900000E+0	9.999506836E+3	2.883260000E+2
-2.381220000E-5	-7.450630000E-8	6.284000000E+0	9.999506836E+3	2.907490000E+2
-2.449020000E-5	-2.086170000E-7	6.273000000E+0	9.999506836E+3	2.930160000E+2
-2.499680000E-5	-5.140940000E-7	6.262900000E+0	9.999506836E+3	2.952870000E+2
-2.559290000E-5	-7.972160000E-7	6.252500000E+0	9.999506836E+3	2.972010000E+2
-2.650180000E-5	-1.117590000E-6	6.240700000E+0	9.999506836E+3	2.996130000E+2
-2.726920000E-5	-1.244250000E-6	6.230600000E+0	9.999506836E+3	3.018040000E+2
-2.812610000E-5	-1.370910000E-6	6.220200000E+0	9.999506836E+3	3.036720000E+2
-2.895310000E-5	-1.527380000E-6	6.209400000E+0	9.999506836E+3	3.053130000E+2
-2.973540000E-5	-1.713640000E-6	6.198000000E+0	9.999506836E+3	3.082560000E+2
-3.036870000E-5	-1.966970000E-6	6.186200000E+0	9.999506836E+3	3.103990000E+2
-3.116600000E-5	-2.011670000E-6	6.174800000E+0	9.999506836E+3	3.125310000E+2
-3.048790000E-5	-4.015890000E-6	6.163600000E+0	9.999506836E+3	3.148790000E+2
-2.881900000E-5	-7.480410000E-6	6.152800000E+0	9.999506836E+3	3.167540000E+2
-2.949700000E-5	-7.718860000E-6	6.142200000E+0	9.999506836E+3	3.195410000E+2
-3.054020000E-5	-7.137690000E-6	6.130700000E+0	9.999506836E+3	3.212940000E+2
-3.157580000E-5	-7.383550000E-6	6.120200000E+0	9.999506836E+3	3.234160000E+2
-3.252950000E-5	-7.346300000E-6	6.109000000E+0	9.999506836E+3	3.259860000E+2
-3.388550000E-5	-6.541640000E-6	6.095800000E+0	9.999506836E+3	3.284840000E+2
-3.400470000E-5	-7.592170000E-6	6.084100000E+0	9.999506836E+3	3.302230000E+2
-3.496580000E-5	-7.838070000E-6	6.072000000E+0	9.999506836E+3	3.333500000E+2
-3.626220000E-5	-7.532570000E-6	6.060600000E+0	9.999506836E+3	3.353080000E+2
-3.699240000E-5	-7.949830000E-6	6.049400000E+0	9.999506836E+3	3.378800000E+2
-3.758100000E-5	-8.203150000E-6	6.039400000E+0	9.999506836E+3	3.399450000E+2
-3.920520000E-5	-7.301600000E-6	6.026600000E+0	9.999506836E+3	3.420930000E+2
-4.000240000E-5	-7.897670000E-6	6.015300000E+0	9.999506836E+3	3.445330000E+2
-4.068790000E-5	-7.927480000E-6	6.004900000E+0	9.999506836E+3	3.467760000E+2
-4.009180000E-5	-4.656640000E-6	5.994200000E+0	9.999506836E+3	3.487440000E+2
-4.175330000E-5	-3.829630000E-6	5.982000000E+0	9.999506836E+3	3.510590000E+2
-4.123920000E-5	-6.787510000E-6	5.971800000E+0	9.999506836E+3	3.530730000E+2
-4.135840000E-5	-9.015260000E-6	5.960600000E+0	9.999506836E+3	3.555910000E+2
-4.232700000E-5	-8.538420000E-6	5.950500000E+0	9.999506836E+3	3.577020000E+2
-4.313160000E-5	-8.858800000E-6	5.937900000E+0	9.999506836E+3	3.602000000E+2
-4.419710000E-5	-8.694890000E-6	5.925700000E+0	9.999506836E+3	3.624650000E+2
-4.525510000E-5	-8.568230000E-6	5.914200000E+0	9.999506836E+3	3.649520000E+2
-4.636520000E-5	-8.434120000E-6	5.903100000E+0	9.999506836E+3	3.670850000E+2
-4.723690000E-5	-8.426660000E-6	5.891400000E+0	9.999506836E+3	3.691660000E+2
-4.832470000E-5	-8.247850000E-6	5.881100000E+0	9.999506836E+3	3.712870000E+2
-4.929330000E-5	-8.165890000E-6	5.869600000E+0	9.999506836E+3	3.738110000E+2
-5.025440000E-5	-8.001980000E-6	5.857100000E+0	9.999506836E+3	3.763860000E+2
-5.129750000E-5	-7.875320000E-6	5.844300000E+0	9.999506836E+3	3.786530000E+2
-5.238530000E-5	-7.540020000E-6	5.832200000E+0	9.999506836E+3	3.810370000E+2
-5.337620000E-5	-7.525120000E-6	5.821700000E+0	9.999506836E+3	3.835720000E+2
-5.396480000E-5	-7.301600000E-6	5.810800000E+0	9.999506836E+3	3.856970000E+2
-5.466510000E-5	-7.264350000E-6	5.799500000E+0	9.999506836E+3	3.874180000E+2
-5.578270000E-5	-7.003570000E-6	5.788200000E+0	9.999506836E+3	3.898620000E+2
-5.669920000E-5	-6.794960000E-6	5.777700000E+0	9.999506836E+3	3.921030000E+2
-5.744420000E-5	-6.713000000E-6	5.766100000E+0	9.999506836E+3	3.945790000E+2
-5.818930000E-5	-6.526740000E-6	5.756000000E+0	9.999506836E+3	3.963690000E+2
-5.907590000E-5	-6.370280000E-6	5.743800000E+0	9.999506836E+3	3.989270000E+2
-5.991040000E-5	-6.161660000E-6	5.733000000E+0	9.999506836E+3	4.012440000E+2
-6.053620000E-5	-6.020100000E-6	5.722000000E+0	9.999506836E+3	4.033180000E+2
-6.113990000E-5	-6.027550000E-6	5.712000000E+0	9.999506836E+3	4.050420000E+2
-6.182540000E-5	-5.826380000E-6	5.701800000E+0	9.999506836E+3	4.075970000E+2
-6.250340000E-5	-5.707170000E-6	5.688400000E+0	9.999506836E+3	4.098260000E+2
-6.333040000E-5	-5.587960000E-6	5.678200000E+0	9.999506836E+3	4.123130000E+2
-6.358370000E-5	-5.476210000E-6	5.667200000E+0	9.999506836E+3	4.141160000E+2
-6.429150000E-5	-5.357000000E-6	5.657100000E+0	9.999506836E+3	4.161020000E+2
-6.498440000E-5	-5.200530000E-6	5.646300000E+0	9.999506836E+3	4.187950000E+2
-6.550600000E-5	-5.170730000E-6	5.633300000E+0	9.999506836E+3	4.209290000E+2
-6.616910000E-5	-5.088780000E-6	5.623000000E+0	9.999506836E+3	4.234320000E+2
-6.663100000E-5	-4.857810000E-6	5.612800000E+0	9.999506836E+3	4.253590000E+2
-6.707800000E-5	-4.813100000E-6	5.599400000E+0	9.999506836E+3	4.273560000E+2
-6.772620000E-5	-4.701350000E-6	5.587300000E+0	9.999506836E+3	4.301560000E+2
-6.812110000E-5	-4.664090000E-6	5.575900000E+0	9.999506836E+3	4.321000000E+2
-6.865010000E-5	-4.664090000E-6	5.562600000E+0	9.999506836E+3	4.350420000E+2
-6.924620000E-5	-4.582140000E-6	5.551200000E+0	9.999506836E+3	4.378730000E+2
-6.942500000E-5	-4.589590000E-6	5.540800000E+0	9.999506836E+3	4.393040000E+2
-6.999120000E-5	-4.626840000E-6	5.529800000E+0	9.999506836E+3	4.417440000E+2
-7.036370000E-5	-4.425670000E-6	5.518400000E+0	9.999506836E+3	4.441640000E+2
-7.104920000E-5	-3.993540000E-6	5.506400000E+0	9.999506836E+3	4.465040000E+2
-7.164520000E-5	-4.075500000E-6	5.493500000E+0	9.999506836E+3	4.484850000E+2
-7.208480000E-5	-3.851980000E-6	5.481200000E+0	9.999506836E+3	4.514650000E+2
-7.207740000E-5	-4.358620000E-6	5.469600000E+0	9.999506836E+3	4.537960000E+2
-7.189860000E-5	-4.917410000E-6	5.457100000E+0	9.999506836E+3	4.563090000E+2
-7.223380000E-5	-4.932310000E-6	5.446700000E+0	9.999506836E+3	4.581070000E+2
-7.264360000E-5	-4.909960000E-6	5.434800000E+0	9.999506836E+3	4.605100000E+2
-7.303110000E-5	-4.798200000E-6	5.423100000E+0	9.999506836E+3	4.630210000E+2
-7.321730000E-5	-4.835460000E-6	5.412900000E+0	9.999506836E+3	4.649140000E+2
-7.354510000E-5	-4.842910000E-6	5.402300000E+0	9.999506836E+3	4.668180000E+2
-7.394000000E-5	-4.790750000E-6	5.390800000E+0	9.999506836E+3	4.695480000E+2
-7.427530000E-5	-4.746050000E-6	5.378600000E+0	9.999506836E+3	4.721230000E+2
-7.461060000E-5	-4.686440000E-6	5.366600000E+0	9.999506836E+3	4.741920000E+2
-7.476700000E-5	-4.664090000E-6	5.355200000E+0	9.999506836E+3	4.763430000E+2
-7.522150000E-5	-4.641740000E-6	5.344000000E+0	9.999506836E+3	4.787500000E+2
-7.542270000E-5	-4.597040000E-6	5.332300000E+0	9.999506836E+3	4.816090000E+2
-7.569090000E-5	-4.611940000E-6	5.319400000E+0	9.999506836E+3	4.834360000E+2
-7.600380000E-5	-4.552330000E-6	5.308400000E+0	9.999506836E+3	4.858230000E+2
-7.631680000E-5	-4.537430000E-6	5.297300000E+0	9.999506836E+3	4.882660000E+2
-7.668180000E-5	-4.462930000E-6	5.284000000E+0	9.999506836E+3	4.907890000E+2
-7.683090000E-5	-4.418220000E-6	5.272700000E+0	9.999506836E+3	4.925950000E+2
-7.718850000E-5	-4.462930000E-6	5.262300000E+0	9.999506836E+3	4.950400000E+2
-7.750140000E-5	-4.373520000E-6	5.251300000E+0	9.999506836E+3	4.978340000E+2
-7.770260000E-5	-4.448030000E-6	5.239400000E+0	9.999506836E+3	4.994670000E+2
-7.803040000E-5	-4.351170000E-6	5.227300000E+0	9.999506836E+3	5.024780000E+2
-7.824650000E-5	-4.403320000E-6	5.215400000E+0	9.999506836E+3	5.046060000E+2
-7.837310000E-5	-4.380970000E-6	5.204700000E+0	9.999506836E+3	5.070360000E+2
-7.855940000E-5	-4.284110000E-6	5.194500000E+0	9.999506836E+3	5.084910000E+2
-7.883510000E-5	-4.276660000E-6	5.184100000E+0	9.999506836E+3	5.105310000E+2
-7.908090000E-5	-4.254310000E-6	5.171900000E+0	9.999506836E+3	5.132900000E+2
-7.937900000E-5	-4.172350000E-6	5.161600000E+0	9.999506836E+3	5.157220000E+2
-7.951310000E-5	-4.179800000E-6	5.151000000E+0	9.999506836E+3	5.171910000E+2
-7.977380000E-5	-4.120200000E-6	5.140200000E+0	9.999506836E+3	5.195720000E+2
-8.011660000E-5	-4.053140000E-6	5.129000000E+0	9.999506836E+3	5.220900000E+2
-8.025070000E-5	-4.045690000E-6	5.117400000E+0	9.999506836E+3	5.240040000E+2
-8.052630000E-5	-4.045690000E-6	5.104900000E+0	9.999506836E+3	5.269210000E+2
-8.080950000E-5	-4.038240000E-6	5.093000000E+0	9.999506836E+3	5.295000000E+2
-8.088400000E-5	-3.956290000E-6	5.081200000E+0	9.999506836E+3	5.308220000E+2
-8.118200000E-5	-3.904130000E-6	5.068600000E+0	9.999506836E+3	5.341410000E+2
-8.142790000E-5	-3.948840000E-6	5.057600000E+0	9.999506836E+3	5.360080000E+2
-8.158430000E-5	-3.866880000E-6	5.044400000E+0	9.999506836E+3	5.384800000E+2
-8.191210000E-5	-3.844530000E-6	5.034200000E+0	9.999506836E+3	5.410140000E+2
-8.203140000E-5	-3.814730000E-6	5.022900000E+0	9.999506836E+3	5.427870000E+2
-8.221020000E-5	-3.784910000E-6	5.010500000E+0	9.999506836E+3	5.457560000E+2
-8.238150000E-5	-3.770010000E-6	4.997200000E+0	9.999506836E+3	5.475810000E+2
-8.272430000E-5	-3.732760000E-6	4.985600000E+0	9.999506836E+3	5.505390000E+2
-8.288070000E-5	-3.606100000E-6	4.973200000E+0	9.999506836E+3	5.530640000E+2
-8.309680000E-5	-3.650800000E-6	4.962100000E+0	9.999506836E+3	5.552950000E+2
-8.323840000E-5	-3.635900000E-6	4.952000000E+0	9.999506836E+3	5.568150000E+2
-8.340230000E-5	-3.606100000E-6	4.940500000E+0	9.999506836E+3	5.591430000E+2
-8.360340000E-5	-3.501790000E-6	4.928100000E+0	9.999506836E+3	5.619670000E+2
-8.377480000E-5	-3.486890000E-6	4.916600000E+0	9.999506836E+3	5.645690000E+2
-8.398340000E-5	-3.464530000E-6	4.904900000E+0	9.999506836E+3	5.664110000E+2
-8.419200000E-5	-3.419830000E-6	4.892500000E+0	9.999506836E+3	5.693030000E+2
-8.428890000E-5	-3.315520000E-6	4.877100000E+0	9.999506836E+3	5.722350000E+2
-8.445280000E-5	-3.352780000E-6	4.865600000E+0	9.999506836E+3	5.741440000E+2
-8.467630000E-5	-3.278270000E-6	4.854700000E+0	9.999506836E+3	5.765070000E+2
-8.480300000E-5	-3.315520000E-6	4.843800000E+0	9.999506836E+3	5.791790000E+2
-8.497430000E-5	-3.226120000E-6	4.832500000E+0	9.999506836E+3	5.813910000E+2
-8.516060000E-5	-3.173960000E-6	4.820900000E+0	9.999506836E+3	5.833370000E+2
-8.526490000E-5	-3.106910000E-6	4.809100000E+0	9.999506836E+3	5.857020000E+2
-8.538410000E-5	-3.114360000E-6	4.798400000E+0	9.999506836E+3	5.881040000E+2
-8.550330000E-5	-3.106910000E-6	4.788300000E+0	9.999506836E+3	5.899410000E+2
-8.569700000E-5	-3.054750000E-6	4.776600000E+0	9.999506836E+3	5.920200000E+2
-8.582370000E-5	-2.965350000E-6	4.765900000E+0	9.999506836E+3	5.943490000E+2
-8.595040000E-5	-2.980250000E-6	4.753700000E+0	9.999506836E+3	5.971420000E+2
-8.612920000E-5	-2.950440000E-6	4.741400000E+0	9.999506836E+3	5.991490000E+2
-8.626330000E-5	-2.875940000E-6	4.727500000E+0	9.999506836E+3	6.020890000E+2
-8.638250000E-5	-2.920640000E-6	4.716600000E+0	9.999506836E+3	6.039430000E+2
-8.654640000E-5	-2.801430000E-6	4.706300000E+0	9.999506836E+3	6.064520000E+2
-8.666560000E-5	-2.801430000E-6	4.695800000E+0	9.999506836E+3	6.082970000E+2
-8.671780000E-5	-2.771630000E-6	4.685700000E+0	9.999506836E+3	6.107540000E+2
-8.685930000E-5	-2.726930000E-6	4.674200000E+0	9.999506836E+3	6.128720000E+2
-8.695620000E-5	-2.697120000E-6	4.663300000E+0	9.999506836E+3	6.146100000E+2
-8.715740000E-5	-2.697120000E-6	4.651200000E+0	9.999506836E+3	6.175960000E+2
-8.720950000E-5	-2.652420000E-6	4.640100000E+0	9.999506836E+3	6.194550000E+2
-8.726170000E-5	-2.577920000E-6	4.629100000E+0	9.999506836E+3	6.214570000E+2
-8.744790000E-5	-2.600270000E-6	4.616700000E+0	9.999506836E+3	6.243930000E+2
-8.753730000E-5	-2.548110000E-6	4.606200000E+0	9.999506836E+3	6.262760000E+2
-8.750750000E-5	-2.481060000E-6	4.596100000E+0	9.999506836E+3	6.286130000E+2
-8.766400000E-5	-2.525760000E-6	4.586000000E+0	9.999506836E+3	6.300710000E+2
-8.779070000E-5	-2.540660000E-6	4.575100000E+0	9.999506836E+3	6.325220000E+2
-8.789500000E-5	-2.488510000E-6	4.562100000E+0	9.999506836E+3	6.349930000E+2
-8.803650000E-5	-2.443800000E-6	4.548700000E+0	9.999506836E+3	6.378470000E+2
-8.806630000E-5	-2.339500000E-6	4.538400000E+0	9.999506836E+3	6.402070000E+2
-8.820790000E-5	-2.376750000E-6	4.527600000E+0	9.999506836E+3	6.423720000E+2
-8.834950000E-5	-2.339500000E-6	4.516600000E+0	9.999506836E+3	6.440780000E+2
-8.841650000E-5	-2.287340000E-6	4.505800000E+0	9.999506836E+3	6.466710000E+2
-8.848360000E-5	-2.272440000E-6	4.494300000E+0	9.999506836E+3	6.485070000E+2
-8.857300000E-5	-2.264990000E-6	4.483600000E+0	9.999506836E+3	6.508820000E+2
-8.868470000E-5	-2.242640000E-6	4.472600000E+0	9.999506836E+3	6.529210000E+2
-8.873690000E-5	-2.227740000E-6	4.461400000E+0	9.999506836E+3	6.552780000E+2
-8.880390000E-5	-2.175580000E-6	4.450800000E+0	9.999506836E+3	6.576920000E+2
-8.887100000E-5	-2.227740000E-6	4.440400000E+0	9.999506836E+3	6.598400000E+2
-8.893060000E-5	-2.115980000E-6	4.429700000E+0	9.999506836E+3	6.615500000E+2
-8.904240000E-5	-2.160680000E-6	4.419600000E+0	9.999506836E+3	6.636450000E+2
-8.920630000E-5	-2.123430000E-6	4.409100000E+0	9.999506836E+3	6.659840000E+2
-8.920630000E-5	-2.093630000E-6	4.398100000E+0	9.999506836E+3	6.679490000E+2
-8.924350000E-5	-2.063830000E-6	4.385600000E+0	9.999506836E+3	6.708740000E+2
-8.940740000E-5	-2.086180000E-6	4.373900000E+0	9.999506836E+3	6.727400000E+2
-8.946700000E-5	-2.026570000E-6	4.361900000E+0	9.999506836E+3	6.751490000E+2
-8.952660000E-5	-2.048920000E-6	4.349600000E+0	9.999506836E+3	6.777880000E+2
-8.963840000E-5	-1.966970000E-6	4.338200000E+0	9.999506836E+3	6.805380000E+2
-8.965330000E-5	-1.959520000E-6	4.326200000E+0	9.999506836E+3	6.824670000E+2
-8.975020000E-5	-1.922260000E-6	4.316100000E+0	9.999506836E+3	6.845960000E+2
-8.975020000E-5	-1.944620000E-6	4.304000000E+0	9.999506836E+3	6.867720000E+2
-8.983960000E-5	-1.952070000E-6	4.293400000E+0	9.999506836E+3	6.887870000E+2
-8.994390000E-5	-1.885000000E-6	4.282500000E+0	9.999506836E+3	6.914430000E+2
-8.996620000E-5	-1.899910000E-6	4.271700000E+0	9.999506836E+3	6.935790000E+2
-9.006310000E-5	-1.870100000E-6	4.259700000E+0	9.999506836E+3	6.955700000E+2
-9.013010000E-5	-1.788150000E-6	4.247200000E+0	9.999506836E+3	6.979100000E+2
-9.013010000E-5	-1.840300000E-6	4.235000000E+0	9.999506836E+3	7.004360000E+2
-9.015250000E-5	-1.750890000E-6	4.225000000E+0	9.999506836E+3	7.023760000E+2
-9.027170000E-5	-1.735990000E-6	4.213500000E+0	9.999506836E+3	7.051560000E+2
-9.033880000E-5	-1.728540000E-6	4.203300000E+0	9.999506836E+3	7.067400000E+2
-9.042820000E-5	-1.758340000E-6	4.190000000E+0	9.999506836E+3	7.097260000E+2
-9.052500000E-5	-1.721090000E-6	4.178700000E+0	9.999506836E+3	7.119220000E+2
-9.055480000E-5	-1.676390000E-6	4.167500000E+0	9.999506836E+3	7.139750000E+2
-9.065910000E-5	-1.728540000E-6	4.157000000E+0	9.999506836E+3	7.164710000E+2
-9.062930000E-5	-1.654040000E-6	4.144700000E+0	9.999506836E+3	7.187240000E+2
-9.066660000E-5	-1.728540000E-6	4.133600000E+0	9.999506836E+3	7.203570000E+2
-9.071130000E-5	-1.676390000E-6	4.123200000E+0	9.999506836E+3	7.234030000E+2
-9.077090000E-5	-1.668940000E-6	4.110800000E+0	9.999506836E+3	7.251410000E+2
-9.083050000E-5	-1.683840000E-6	4.098200000E+0	9.999506836E+3	7.280530000E+2
-9.093480000E-5	-1.616780000E-6	4.087900000E+0	9.999506836E+3	7.300410000E+2
-9.098700000E-5	-1.586980000E-6	4.077400000E+0	9.999506836E+3	7.323810000E+2
-9.094970000E-5	-1.609330000E-6	4.067300000E+0	9.999506836E+3	7.339340000E+2
-9.106150000E-5	-1.542280000E-6	4.055200000E+0	9.999506836E+3	7.368710000E+2
-9.106890000E-5	-1.557180000E-6	4.043400000E+0	9.999506836E+3	7.391660000E+2
-9.112850000E-5	-1.549730000E-6	4.032700000E+0	9.999506836E+3	7.407200000E+2
-9.121050000E-5	-1.460320000E-6	4.020500000E+0	9.999506836E+3	7.438090000E+2
-9.127750000E-5	-1.549730000E-6	4.009600000E+0	9.999506836E+3	7.459230000E+2
-9.124770000E-5	-1.490120000E-6	3.996900000E+0	9.999506836E+3	7.479550000E+2
-9.137440000E-5	-1.437970000E-6	3.985800000E+0	9.999506836E+3	7.510550000E+2
-9.132970000E-5	-1.437970000E-6	3.973100000E+0	9.999506836E+3	7.527460000E+2
-9.140420000E-5	-1.497570000E-6	3.960800000E+0	9.999506836E+3	7.556580000E+2
-9.145630000E-5	-1.542280000E-6	3.949500000E+0	9.999506836E+3	7.580550000E+2
-9.149360000E-5	-1.467770000E-6	3.937500000E+0	9.999506836E+3	7.595700000E+2
-9.157560000E-5	-1.460320000E-6	3.925800000E+0	9.999506836E+3	7.624550000E+2
-9.165010000E-5	-1.430520000E-6	3.915300000E+0	9.999506836E+3	7.648820000E+2
-9.170970000E-5	-1.452870000E-6	3.904400000E+0	9.999506836E+3	7.663320000E+2
-9.167240000E-5	-1.423070000E-6	3.894100000E+0	9.999506836E+3	7.687230000E+2
-9.170970000E-5	-1.393270000E-6	3.882500000E+0	9.999506836E+3	7.713650000E+2
-9.166500000E-5	-1.385820000E-6	3.870400000E+0	9.999506836E+3	7.731270000E+2
-9.172460000E-5	-1.423070000E-6	3.858600000E+0	9.999506836E+3	7.760610000E+2
-9.178420000E-5	-1.393270000E-6	3.845800000E+0	9.999506836E+3	7.782120000E+2
-9.190340000E-5	-1.311310000E-6	3.832300000E+0	9.999506836E+3	7.808640000E+2
-9.192570000E-5	-1.326210000E-6	3.822100000E+0	9.999506836E+3	7.833190000E+2
-9.193320000E-5	-1.333660000E-6	3.810600000E+0	9.999506836E+3	7.857970000E+2
-9.197040000E-5	-1.303860000E-6	3.800300000E+0	9.999506836E+3	7.871910000E+2
-9.198530000E-5	-1.296410000E-6	3.789700000E+0	9.999506836E+3	7.897180000E+2
-9.203000000E-5	-1.311310000E-6	3.776700000E+0	9.999506836E+3	7.921060000E+2
-9.209710000E-5	-1.378360000E-6	3.763800000E+0	9.999506836E+3	7.951730000E+2
-9.214920000E-5	-1.274060000E-6	3.751500000E+0	9.999506836E+3	7.974890000E+2
-9.218650000E-5	-1.266610000E-6	3.738800000E+0	9.999506836E+3	7.994720000E+2
-9.215670000E-5	-1.221900000E-6	3.726300000E+0	9.999506836E+3	8.023380000E+2
-9.216410000E-5	-1.288960000E-6	3.715200000E+0	9.999506836E+3	8.042640000E+2
-9.228340000E-5	-1.266610000E-6	3.705000000E+0	9.999506836E+3	8.065970000E+2
-9.235040000E-5	-1.199550000E-6	3.694700000E+0	9.999506836E+3	8.086490000E+2
-9.225360000E-5	-1.184650000E-6	3.683800000E+0	9.999506836E+3	8.110140000E+2
-9.233550000E-5	-1.236800000E-6	3.671300000E+0	9.999506836E+3	8.130270000E+2
-9.234300000E-5	-1.192100000E-6	3.659500000E+0	9.999506836E+3	8.159440000E+2
-9.240260000E-5	-1.244250000E-6	3.647400000E+0	9.999506836E+3	8.181600000E+2
-9.246960000E-5	-1.154850000E-6	3.635000000E+0	9.999506836E+3	8.207620000E+2
-9.245470000E-5	-1.177200000E-6	3.622600000E+0	9.999506836E+3	8.227710000E+2
-9.242490000E-5	-1.184650000E-6	3.609300000E+0	9.999506836E+3	8.257580000E+2
-9.253670000E-5	-1.132500000E-6	3.596100000E+0	9.999506836E+3	8.289210000E+2
-9.255160000E-5	-1.102690000E-6	3.581800000E+0	9.999506836E+3	8.310620000E+2
-9.258140000E-5	-1.147400000E-6	3.571000000E+0	9.999506836E+3	8.341500000E+2
-9.262610000E-5	-1.147400000E-6	3.556600000E+0	9.999506836E+3	8.362900000E+2
-9.265590000E-5	-1.132500000E-6	3.541900000E+0	9.999506836E+3	8.398530000E+2
-9.267820000E-5	-1.065440000E-6	3.531000000E+0	9.999506836E+3	8.424690000E+2
-9.273780000E-5	-1.095240000E-6	3.519200000E+0	9.999506836E+3	8.446530000E+2
-9.273040000E-5	-1.147400000E-6	3.506800000E+0	9.999506836E+3	8.478240000E+2
-9.282720000E-5	-1.095240000E-6	3.493500000E+0	9.999506836E+3	8.499800000E+2
-9.281230000E-5	-1.125040000E-6	3.480700000E+0	9.999506836E+3	8.532190000E+2
-9.285710000E-5	-1.013290000E-6	3.469600000E+0	9.999506836E+3	8.553750000E+2
-9.280490000E-5	-1.087790000E-6	3.459100000E+0	9.999506836E+3	8.573930000E+2
-9.290920000E-5	-1.087790000E-6	3.446200000E+0	9.999506836E+3	8.606230000E+2
-9.287940000E-5	-1.110140000E-6	3.434700000E+0	9.999506836E+3	8.628000000E+2
-9.290920000E-5	-1.072890000E-6	3.422100000E+0	9.999506836E+3	8.659670000E+2
-9.299120000E-5	-1.028190000E-6	3.409600000E+0	9.999506836E+3	8.680810000E+2
-9.296880000E-5	-1.072890000E-6	3.394500000E+0	9.999506836E+3	8.713070000E+2
-9.301350000E-5	-9.238760000E-7	3.383600000E+0	9.999506836E+3	8.734210000E+2
-9.304330000E-5	-1.020740000E-6	3.368700000E+0	9.999506836E+3	8.765840000E+2
-9.302840000E-5	-1.020740000E-6	3.356500000E+0	9.999506836E+3	8.787600000E+2
-9.313270000E-5	-9.834840000E-7	3.341800000E+0	9.999506836E+3	8.823740000E+2
-9.311040000E-5	-1.020740000E-6	3.331000000E+0	9.999506836E+3	8.850370000E+2
-9.317000000E-5	-1.028190000E-6	3.319800000E+0	9.999506836E+3	8.871790000E+2
-9.317000000E-5	-1.043090000E-6	3.307100000E+0	9.999506836E+3	8.892670000E+2
-9.319980000E-5	-9.611320000E-7	3.294900000E+0	9.999506836E+3	8.924880000E+2
-9.317000000E-5	-9.760330000E-7	3.281500000E+0	9.999506836E+3	8.946060000E+2
-9.322960000E-5	-9.238760000E-7	3.269300000E+0	9.999506836E+3	8.978150000E+2
-9.328920000E-5	-9.909340000E-7	3.255900000E+0	9.999506836E+3	8.999250000E+2
-9.321470000E-5	-9.015240000E-7	3.243400000E+0	9.999506836E+3	9.032040000E+2
-9.330410000E-5	-9.611320000E-7	3.228900000E+0	9.999506836E+3	9.052720000E+2
-9.328920000E-5	-9.164250000E-7	3.210800000E+0	9.999506836E+3	9.095510000E+2
-9.328170000E-5	-9.313260000E-7	3.200400000E+0	9.999506836E+3	9.116640000E+2
-9.336370000E-5	-9.685830000E-7	3.187800000E+0	9.999506836E+3	9.147710000E+2
-9.330410000E-5	-9.536820000E-7	3.175800000E+0	9.999506836E+3	9.168520000E+2
-9.342330000E-5	-9.089740000E-7	3.159900000E+0	9.999506836E+3	9.204610000E+2
-9.340090000E-5	-9.611320000E-7	3.146500000E+0	9.999506836E+3	9.225810000E+2
-9.337860000E-5	-9.387770000E-7	3.133900000E+0	9.999506836E+3	9.263710000E+2
-9.341580000E-5	-9.313260000E-7	3.121100000E+0	9.999506836E+3	9.285310000E+2
-9.346050000E-5	-9.313260000E-7	3.102900000E+0	9.999506836E+3	9.320630000E+2
-9.348290000E-5	-8.940730000E-7	3.091700000E+0	9.999506836E+3	9.352950000E+2
-9.349040000E-5	-9.536820000E-7	3.080500000E+0	9.999506836E+3	9.374110000E+2
-9.352760000E-5	-8.940730000E-7	3.068800000E+0	9.999506836E+3	9.401260000E+2
-9.355000000E-5	-8.419190000E-7	3.058300000E+0	9.999506836E+3	9.422310000E+2
-9.356490000E-5	-8.791720000E-7	3.044800000E+0	9.999506836E+3	9.443990000E+2
-9.359470000E-5	-9.387770000E-7	3.033700000E+0	9.999506836E+3	9.475290000E+2
-9.356490000E-5	-8.940730000E-7	3.019000000E+0	9.999506836E+3	9.496790000E+2
-9.360210000E-5	-8.791720000E-7	3.008900000E+0	9.999506836E+3	9.527530000E+2
-9.360960000E-5	-8.717220000E-7	2.994900000E+0	9.999506836E+3	9.548520000E+2
-9.369150000E-5	-8.270180000E-7	2.983600000E+0	9.999506836E+3	9.579250000E+2
-9.369900000E-5	-9.238760000E-7	2.970300000E+0	9.999506836E+3	9.600990000E+2
-9.363190000E-5	-8.940730000E-7	2.956600000E+0	9.999506836E+3	9.633180000E+2
-9.374370000E-5	-8.419190000E-7	2.944200000E+0	9.999506836E+3	9.665060000E+2
-9.372130000E-5	-8.717220000E-7	2.930700000E+0	9.999506836E+3	9.686850000E+2
-9.374370000E-5	-8.344690000E-7	2.915500000E+0	9.999506836E+3	9.717960000E+2
-9.379580000E-5	-8.791720000E-7	2.902000000E+0	9.999506836E+3	9.749930000E+2
-9.380330000E-5	-9.015240000E-7	2.891600000E+0	9.999506836E+3	9.771160000E+2
-9.377350000E-5	-8.046660000E-7	2.875000000E+0	9.999506836E+3	9.803420000E+2
-9.375860000E-5	-8.419190000E-7	2.859200000E+0	9.999506836E+3	9.839180000E+2
-9.378090000E-5	-8.791720000E-7	2.848800000E+0	9.999506836E+3	9.860470000E+2
-9.391500000E-5	-8.270180000E-7	2.836800000E+0	9.999506836E+3	9.887380000E+2
-9.389270000E-5	-8.046660000E-7	2.826400000E+0	9.999506836E+3	9.908750000E+2
-9.386290000E-5	-8.419190000E-7	2.810400000E+0	9.999506836E+3	9.939470000E+2
-9.390010000E-5	-8.046660000E-7	2.799500000E+0	9.999506836E+3	9.964190000E+2
-9.390760000E-5	-8.270180000E-7	2.788900000E+0	9.999506836E+3	9.986180000E+2
-9.388520000E-5	-8.270180000E-7	2.773800000E+0	9.999506836E+3	1.001828000E+3
-9.392250000E-5	-7.674130000E-7	2.761500000E+0	9.999506836E+3	1.004980000E+3
-9.398950000E-5	-7.525120000E-7	2.747100000E+0	9.999506836E+3	1.007193000E+3
-9.399700000E-5	-7.897650000E-7	2.736100000E+0	9.999506836E+3	1.010343000E+3
-9.399700000E-5	-8.046660000E-7	2.720600000E+0	9.999506836E+3	1.012440000E+3
-9.399700000E-5	-8.121170000E-7	2.710400000E+0	9.999506836E+3	1.015633000E+3
-9.399700000E-5	-7.674130000E-7	2.696300000E+0	9.999506836E+3	1.017764000E+3
-9.401190000E-5	-8.419190000E-7	2.680700000E+0	9.999506836E+3	1.021487000E+3
-9.400440000E-5	-7.823150000E-7	2.669700000E+0	9.999506836E+3	1.023676000E+3
-9.408640000E-5	-8.344690000E-7	2.657900000E+0	9.999506836E+3	1.026279000E+3
-9.410870000E-5	-7.674130000E-7	2.646800000E+0	9.999506836E+3	1.029246000E+3
-9.401930000E-5	-7.450620000E-7	2.631800000E+0	9.999506836E+3	1.031412000E+3
-9.405660000E-5	-7.525120000E-7	2.614300000E+0	9.999506836E+3	1.035120000E+3
-9.410870000E-5	-7.376110000E-7	2.602000000E+0	9.999506836E+3	1.038198000E+3
-9.415350000E-5	-7.152590000E-7	2.591200000E+0	9.999506836E+3	1.040281000E+3
-9.412370000E-5	-7.301610000E-7	2.579600000E+0	9.999506836E+3	1.042881000E+3
-9.418330000E-5	-7.376110000E-7	2.568800000E+0	9.999506836E+3	1.044973000E+3
-9.416090000E-5	-8.046660000E-7	2.558300000E+0	9.999506836E+3	1.047616000E+3
-9.422800000E-5	-7.599630000E-7	2.545700000E+0	9.999506836E+3	1.049817000E+3
-9.419070000E-5	-7.227100000E-7	2.530800000E+0	9.999506836E+3	1.053042000E+3
-9.418330000E-5	-7.078090000E-7	2.514900000E+0	9.999506836E+3	1.056548000E+3
-9.419820000E-5	-8.046660000E-7	2.504000000E+0	9.999506836E+3	1.058697000E+3
-9.422050000E-5	-7.227100000E-7	2.487800000E+0	9.999506836E+3	1.061935000E+3
-9.423540000E-5	-7.078090000E-7	2.475400000E+0	9.999506836E+3	1.065132000E+3
-9.425030000E-5	-7.003580000E-7	2.464700000E+0	9.999506836E+3	1.067240000E+3
-9.420560000E-5	-7.376110000E-7	2.454000000E+0	9.999506836E+3	1.069337000E+3
-9.425780000E-5	-7.897650000E-7	2.443100000E+0	9.999506836E+3	1.072012000E+3
-9.425030000E-5	-7.897650000E-7	2.430200000E+0	9.999506836E+3	1.074145000E+3
-9.427270000E-5	-7.674130000E-7	2.416500000E+0	9.999506836E+3	1.077449000E+3
-9.430990000E-5	-7.301610000E-7	2.405800000E+0	9.999506836E+3	1.079510000E+3
-9.430990000E-5	-7.674130000E-7	2.390900000E+0	9.999506836E+3	1.082665000E+3
-9.430250000E-5	-7.003580000E-7	2.380100000E+0	9.999506836E+3	1.085248000E+3
-9.432480000E-5	-7.525120000E-7	2.369400000E+0	9.999506836E+3	1.087382000E+3
-9.432480000E-5	-7.450620000E-7	2.359300000E+0	9.999506836E+3	1.089461000E+3
-9.427270000E-5	-7.152590000E-7	2.344800000E+0	9.999506836E+3	1.092696000E+3
-9.430990000E-5	-7.748640000E-7	2.332800000E+0	9.999506836E+3	1.094833000E+3
-9.436210000E-5	-7.152590000E-7	2.319100000E+0	9.999506836E+3	1.098053000E+3
-9.438440000E-5	-7.376110000E-7	2.308500000E+0	9.999506836E+3	1.100169000E+3
-9.437700000E-5	-7.152590000E-7	2.294300000E+0	9.999506836E+3	1.103426000E+3
-9.439190000E-5	-7.301610000E-7	2.284100000E+0	9.999506836E+3	1.105472000E+3
-9.438440000E-5	-6.780060000E-7	2.271500000E+0	9.999506836E+3	1.108137000E+3
-9.441420000E-5	-7.227100000E-7	2.261000000E+0	9.999506836E+3	1.110673000E+3
-9.437700000E-5	-7.450620000E-7	2.248400000E+0	9.999506836E+3	1.112828000E+3
-9.441420000E-5	-7.450620000E-7	2.236400000E+0	9.999506836E+3	1.115979000E+3
-9.448870000E-5	-7.003580000E-7	2.222600000E+0	9.999506836E+3	1.118212000E+3
-9.445890000E-5	-6.929080000E-7	2.206700000E+0	9.999506836E+3	1.121896000E+3
-9.441420000E-5	-6.854570000E-7	2.195000000E+0	9.999506836E+3	1.124932000E+3
-9.443660000E-5	-7.003580000E-7	2.180300000E+0	9.999506836E+3	1.127088000E+3
-9.447380000E-5	-7.152590000E-7	2.167300000E+0	9.999506836E+3	1.130381000E+3
-9.450360000E-5	-7.152590000E-7	2.155600000E+0	9.999506836E+3	1.132448000E+3
-9.449620000E-5	-7.003580000E-7	2.144400000E+0	9.999506836E+3	1.134915000E+3
-9.449620000E-5	-6.854570000E-7	2.133100000E+0	9.999506836E+3	1.137051000E+3
-9.447380000E-5	-6.929080000E-7	2.120300000E+0	9.999506836E+3	1.139728000E+3
-9.462280000E-5	-7.376110000E-7	2.109900000E+0	9.999506836E+3	1.142994000E+3
-9.456320000E-5	-6.854570000E-7	2.093100000E+0	9.999506836E+3	1.145095000E+3
-9.457070000E-5	-6.929080000E-7	2.078200000E+0	9.999506836E+3	1.148672000E+3
-9.457070000E-5	-6.482040000E-7	2.068000000E+0	9.999506836E+3	1.151744000E+3
-9.457810000E-5	-6.482040000E-7	2.054300000E+0	9.999506836E+3	1.153326000E+3
-9.459300000E-5	-6.407540000E-7	2.036000000E+0	9.999506836E+3	1.157454000E+3
-9.455580000E-5	-6.482040000E-7	2.023400000E+0	9.999506836E+3	1.160647000E+3
-9.460050000E-5	-6.780060000E-7	2.011200000E+0	9.999506836E+3	1.162813000E+3
-9.452600000E-5	-6.929080000E-7	2.000100000E+0	9.999506836E+3	1.166276000E+3
-9.454830000E-5	-6.333030000E-7	2.013100000E+0	9.999506836E+3	1.295442000E+3
-9.451850000E-5	-6.333030000E-7	2.023500000E+0	9.999506836E+3	1.297891000E+3
-9.452600000E-5	-6.556550000E-7	2.034600000E+0	9.999506836E+3	1.299822000E+3
-9.452600000E-5	-6.631050000E-7	2.046100000E+0	9.999506836E+3	1.302437000E+3
-9.451850000E-5	-6.854570000E-7	2.056700000E+0	9.999506836E+3	1.304404000E+3
-9.451110000E-5	-6.333030000E-7	2.068300000E+0	9.999506836E+3	1.306795000E+3
-9.452600000E-5	-6.556550000E-7	2.078500000E+0	9.999506836E+3	1.308845000E+3
-9.453340000E-5	-5.736980000E-7	2.088700000E+0	9.999506836E+3	1.310515000E+3
-9.451850000E-5	-7.003580000E-7	2.102300000E+0	9.999506836E+3	1.313459000E+3
-9.446640000E-5	-6.333030000E-7	2.114000000E+0	9.999506836E+3	1.315979000E+3
-9.441420000E-5	-6.482040000E-7	2.124700000E+0	9.999506836E+3	1.318168000E+3
-9.447380000E-5	-6.780060000E-7	2.135600000E+0	9.999506836E+3	1.320141000E+3
-9.454090000E-5	-6.035010000E-7	2.147000000E+0	9.999506836E+3	1.322530000E+3
-9.445890000E-5	-6.556550000E-7	2.157800000E+0	9.999506836E+3	1.324817000E+3
-9.449620000E-5	-7.003580000E-7	2.168300000E+0	9.999506836E+3	1.326809000E+3
-9.444400000E-5	-6.929080000E-7	2.178900000E+0	9.999506836E+3	1.328775000E+3
-9.443660000E-5	-6.631050000E-7	2.189600000E+0	9.999506836E+3	1.331075000E+3
-9.436950000E-5	-6.780060000E-7	2.200300000E+0	9.999506836E+3	1.333050000E+3
-9.443660000E-5	-7.599630000E-7	2.211200000E+0	9.999506836E+3	1.335480000E+3
-9.443660000E-5	-7.227100000E-7	2.221600000E+0	9.999506836E+3	1.337428000E+3
-9.446640000E-5	-7.301610000E-7	2.233500000E+0	9.999506836E+3	1.339618000E+3
-9.442170000E-5	-6.854570000E-7	2.245400000E+0	9.999506836E+3	1.342287000E+3
-9.431740000E-5	-7.078090000E-7	2.257900000E+0	9.999506836E+3	1.344614000E+3
-9.431740000E-5	-7.227100000E-7	2.269500000E+0	9.999506836E+3	1.347179000E+3
-9.437700000E-5	-7.227100000E-7	2.281100000E+0	9.999506836E+3	1.349169000E+3
-9.430250000E-5	-7.674130000E-7	2.291600000E+0	9.999506836E+3	1.351746000E+3
-9.434720000E-5	-7.227100000E-7	2.302600000E+0	9.999506836E+3	1.353676000E+3
-9.430990000E-5	-7.525120000E-7	2.312800000E+0	9.999506836E+3	1.355300000E+3
-9.431740000E-5	-7.078090000E-7	2.325100000E+0	9.999506836E+3	1.358012000E+3
-9.429500000E-5	-7.450620000E-7	2.336700000E+0	9.999506836E+3	1.360374000E+3
-9.430250000E-5	-7.227100000E-7	2.350800000E+0	9.999506836E+3	1.363399000E+3
-9.429500000E-5	-7.078090000E-7	2.361100000E+0	9.999506836E+3	1.365412000E+3
-9.426520000E-5	-6.929080000E-7	2.374800000E+0	9.999506836E+3	1.367887000E+3
-9.425780000E-5	-7.599630000E-7	2.385500000E+0	9.999506836E+3	1.370446000E+3
-9.424290000E-5	-7.823150000E-7	2.396000000E+0	9.999506836E+3	1.371977000E+3
-9.425030000E-5	-6.780060000E-7	2.406900000E+0	9.999506836E+3	1.374507000E+3
-9.420560000E-5	-7.525120000E-7	2.417200000E+0	9.999506836E+3	1.376495000E+3
-9.419820000E-5	-7.301610000E-7	2.428300000E+0	9.999506836E+3	1.378972000E+3
-9.419070000E-5	-7.376110000E-7	2.440000000E+0	9.999506836E+3	1.380757000E+3
-9.416090000E-5	-6.929080000E-7	2.450900000E+0	9.999506836E+3	1.383622000E+3
-9.420560000E-5	-7.227100000E-7	2.462000000E+0	9.999506836E+3	1.385312000E+3
-9.418330000E-5	-7.003580000E-7	2.472900000E+0	9.999506836E+3	1.388158000E+3
-9.421310000E-5	-6.407540000E-7	2.483400000E+0	9.999506836E+3	1.389690000E+3
-9.416840000E-5	-7.972160000E-7	2.494500000E+0	9.999506836E+3	1.392226000E+3
-9.412370000E-5	-7.227100000E-7	2.505100000E+0	9.999506836E+3	1.394254000E+3
-9.413110000E-5	-7.599630000E-7	2.515700000E+0	9.999506836E+3	1.395936000E+3
-9.413860000E-5	-7.599630000E-7	2.527400000E+0	9.999506836E+3	1.398761000E+3
-9.412370000E-5	-7.525120000E-7	2.537700000E+0	9.999506836E+3	1.400600000E+3
-9.410870000E-5	-7.525120000E-7	2.548500000E+0	9.999506836E+3	1.403030000E+3
-9.411620000E-5	-7.152590000E-7	2.559200000E+0	9.999506836E+3	1.404673000E+3
-9.404170000E-5	-7.450620000E-7	2.569300000E+0	9.999506836E+3	1.407010000E+3
-9.405660000E-5	-7.599630000E-7	2.580100000E+0	9.999506836E+3	1.409559000E+3
-9.408640000E-5	-7.674130000E-7	2.590800000E+0	9.999506836E+3	1.411487000E+3
-9.404910000E-5	-7.450620000E-7	2.601200000E+0	9.999506836E+3	1.413679000E+3
-9.405660000E-5	-7.450620000E-7	2.612000000E+0	9.999506836E+3	1.415714000E+3
-9.406400000E-5	-7.674130000E-7	2.622900000E+0	9.999506836E+3	1.417414000E+3
-9.398950000E-5	-8.270180000E-7	2.635300000E+0	9.999506836E+3	1.420378000E+3
-9.399700000E-5	-7.450620000E-7	2.645500000E+0	9.999506836E+3	1.421962000E+3
-9.405660000E-5	-7.003580000E-7	2.656400000E+0	9.999506836E+3	1.424353000E+3
-9.402680000E-5	-7.525120000E-7	2.666800000E+0	9.999506836E+3	1.426823000E+3
-9.396720000E-5	-7.897650000E-7	2.679800000E+0	9.999506836E+3	1.428931000E+3
-9.390760000E-5	-8.195680000E-7	2.689900000E+0	9.999506836E+3	1.431293000E+3
-9.395970000E-5	-7.972160000E-7	2.703000000E+0	9.999506836E+3	1.433463000E+3
-9.385540000E-5	-8.270180000E-7	2.713300000E+0	9.999506836E+3	1.435960000E+3
-9.387780000E-5	-8.866230000E-7	2.725000000E+0	9.999506836E+3	1.438055000E+3
-9.387030000E-5	-8.195680000E-7	2.735100000E+0	9.999506836E+3	1.440461000E+3
-9.392250000E-5	-7.674130000E-7	2.745500000E+0	9.999506836E+3	1.442090000E+3
-9.390760000E-5	-8.270180000E-7	2.755800000E+0	9.999506836E+3	1.444515000E+3
-9.391500000E-5	-8.344690000E-7	2.768600000E+0	9.999506836E+3	1.446633000E+3
-9.387030000E-5	-8.270180000E-7	2.779000000E+0	9.999506836E+3	1.448999000E+3
-9.391500000E-5	-7.897650000E-7	2.791700000E+0	9.999506836E+3	1.451429000E+3
-9.385540000E-5	-8.046660000E-7	2.802600000E+0	9.999506836E+3	1.453557000E+3
-9.387030000E-5	-7.674130000E-7	2.812900000E+0	9.999506836E+3	1.456085000E+3
-9.384800000E-5	-8.195680000E-7	2.824400000E+0	9.999506836E+3	1.458059000E+3
-9.380330000E-5	-7.823150000E-7	2.835400000E+0	9.999506836E+3	1.460094000E+3
-9.377350000E-5	-8.270180000E-7	2.845800000E+0	9.999506836E+3	1.462495000E+3
-9.378090000E-5	-8.419190000E-7	2.856100000E+0	9.999506836E+3	1.464598000E+3
-9.380330000E-5	-8.642710000E-7	2.867000000E+0	9.999506836E+3	1.466351000E+3
-9.380330000E-5	-8.121170000E-7	2.879000000E+0	9.999506836E+3	1.469252000E+3
-9.373620000E-5	-8.195680000E-7	2.889600000E+0	9.999506836E+3	1.470742000E+3
-9.365430000E-5	-8.270180000E-7	2.901600000E+0	9.999506836E+3	1.473703000E+3
-9.371390000E-5	-8.419190000E-7	2.911800000E+0	9.999506836E+3	1.475275000E+3
-9.372130000E-5	-8.717220000E-7	2.923200000E+0	9.999506836E+3	1.477714000E+3
-9.368410000E-5	-8.419190000E-7	2.935900000E+0	9.999506836E+3	1.480225000E+3
-9.366170000E-5	-8.642710000E-7	2.947300000E+0	9.999506836E+3	1.482605000E+3
-9.372130000E-5	-8.344690000E-7	2.958100000E+0	9.999506836E+3	1.485047000E+3
-9.360960000E-5	-8.121170000E-7	2.968100000E+0	9.999506836E+3	1.486771000E+3
-9.360210000E-5	-8.940730000E-7	2.978500000E+0	9.999506836E+3	1.488916000E+3
-9.367660000E-5	-8.568200000E-7	2.990800000E+0	9.999506836E+3	1.491299000E+3
-9.355000000E-5	-8.717220000E-7	3.002300000E+0	9.999506836E+3	1.493782000E+3
-9.355000000E-5	-8.419190000E-7	3.014000000E+0	9.999506836E+3	1.495849000E+3
-9.350530000E-5	-9.536820000E-7	3.024100000E+0	9.999506836E+3	1.498364000E+3
-9.357980000E-5	-8.866230000E-7	3.034500000E+0	9.999506836E+3	1.499839000E+3
-9.352760000E-5	-8.270180000E-7	3.044900000E+0	9.999506836E+3	1.502225000E+3
-9.354250000E-5	-9.164250000E-7	3.056600000E+0	9.999506836E+3	1.503921000E+3
-9.345310000E-5	-9.313260000E-7	3.067200000E+0	9.999506836E+3	1.506441000E+3
-9.343820000E-5	-9.164250000E-7	3.079200000E+0	9.999506836E+3	1.509261000E+3
-9.343820000E-5	-8.940730000E-7	3.089500000E+0	9.999506836E+3	1.510895000E+3
-9.342330000E-5	-9.313260000E-7	3.100500000E+0	9.999506836E+3	1.513378000E+3
-9.340090000E-5	-9.462270000E-7	3.112100000E+0	9.999506836E+3	1.515561000E+3
-9.336370000E-5	-9.387770000E-7	3.123100000E+0	9.999506836E+3	1.517903000E+3
-9.343820000E-5	-9.238760000E-7	3.134700000E+0	9.999506836E+3	1.519526000E+3
-9.340090000E-5	-9.238760000E-7	3.146100000E+0	9.999506836E+3	1.522337000E+3
-9.336370000E-5	-9.313260000E-7	3.157900000E+0	9.999506836E+3	1.524715000E+3
-9.327430000E-5	-9.164250000E-7	3.170600000E+0	9.999506836E+3	1.527499000E+3
-9.330410000E-5	-8.940730000E-7	3.180600000E+0	9.999506836E+3	1.529250000E+3
-9.334130000E-5	-9.015240000E-7	3.192100000E+0	9.999506836E+3	1.531845000E+3
-9.328170000E-5	-9.536820000E-7	3.202400000E+0	9.999506836E+3	1.533773000E+3
-9.329660000E-5	-9.387770000E-7	3.213500000E+0	9.999506836E+3	1.536162000E+3
-9.325190000E-5	-9.536820000E-7	3.224400000E+0	9.999506836E+3	1.537897000E+3
-9.327430000E-5	-9.238760000E-7	3.234500000E+0	9.999506836E+3	1.540484000E+3
-9.329660000E-5	-9.313260000E-7	3.245800000E+0	9.999506836E+3	1.542503000E+3
-9.322210000E-5	-9.536820000E-7	3.256900000E+0	9.999506836E+3	1.544424000E+3
-9.322960000E-5	-9.909340000E-7	3.268500000E+0	9.999506836E+3	1.546876000E+3
-9.314760000E-5	-9.760330000E-7	3.279200000E+0	9.999506836E+3	1.548878000E+3
-9.311040000E-5	-1.013290000E-6	3.289300000E+0	9.999506836E+3	1.551281000E+3
-9.314760000E-5	-9.611320000E-7	3.301600000E+0	9.999506836E+3	1.553436000E+3
-9.311040000E-5	-1.035640000E-6	3.312400000E+0	9.999506836E+3	1.555778000E+3
-9.302840000E-5	-9.611320000E-7	3.325000000E+0	9.999506836E+3	1.557905000E+3
-9.305820000E-5	-1.020740000E-6	3.336000000E+0	9.999506836E+3	1.560472000E+3
-9.302100000E-5	-1.005840000E-6	3.346300000E+0	9.999506836E+3	1.562829000E+3
-9.303590000E-5	-9.611320000E-7	3.357300000E+0	9.999506836E+3	1.564832000E+3
-9.296880000E-5	-1.013290000E-6	3.368800000E+0	9.999506836E+3	1.566483000E+3
-9.298370000E-5	-8.940730000E-7	3.381800000E+0	9.999506836E+3	1.569401000E+3
-9.296140000E-5	-1.013290000E-6	3.393800000E+0	9.999506836E+3	1.571827000E+3
-9.287200000E-5	-9.909340000E-7	3.404800000E+0	9.999506836E+3	1.574565000E+3
-9.290180000E-5	-1.043090000E-6	3.415200000E+0	9.999506836E+3	1.576178000E+3
-9.284960000E-5	-1.050540000E-6	3.426000000E+0	9.999506836E+3	1.578745000E+3
-9.292410000E-5	-1.020740000E-6	3.436800000E+0	9.999506836E+3	1.580401000E+3
-9.284960000E-5	-1.057990000E-6	3.448500000E+0	9.999506836E+3	1.583164000E+3
-9.285710000E-5	-1.087790000E-6	3.458700000E+0	9.999506836E+3	1.585081000E+3
-9.283470000E-5	-1.095240000E-6	3.469200000E+0	9.999506836E+3	1.586937000E+3
-9.278250000E-5	-1.050540000E-6	3.479600000E+0	9.999506836E+3	1.589363000E+3
-9.279740000E-5	-1.087790000E-6	3.489800000E+0	9.999506836E+3	1.591384000E+3
-9.274530000E-5	-1.110140000E-6	3.501800000E+0	9.999506836E+3	1.593368000E+3
-9.276760000E-5	-1.080340000E-6	3.512000000E+0	9.999506836E+3	1.595759000E+3
-9.268570000E-5	-1.087790000E-6	3.523600000E+0	9.999506836E+3	1.598127000E+3
-9.268570000E-5	-1.147400000E-6	3.534900000E+0	9.999506836E+3	1.600341000E+3
-9.266330000E-5	-1.125040000E-6	3.546600000E+0	9.999506836E+3	1.602288000E+3
-9.261860000E-5	-1.169750000E-6	3.556900000E+0	9.999506836E+3	1.604835000E+3
-9.261120000E-5	-1.169750000E-6	3.570500000E+0	9.999506836E+3	1.607242000E+3
-9.253670000E-5	-1.110140000E-6	3.582000000E+0	9.999506836E+3	1.610023000E+3
-9.250690000E-5	-1.147400000E-6	3.594000000E+0	9.999506836E+3	1.612009000E+3
-9.248450000E-5	-1.169750000E-6	3.606500000E+0	9.999506836E+3	1.614546000E+3
-9.244730000E-5	-1.139950000E-6	3.616600000E+0	9.999506836E+3	1.616193000E+3
-9.247710000E-5	-1.147400000E-6	3.627300000E+0	9.999506836E+3	1.618931000E+3
-9.241000000E-5	-1.095240000E-6	3.638000000E+0	9.999506836E+3	1.620694000E+3
-9.238770000E-5	-1.207000000E-6	3.649700000E+0	9.999506836E+3	1.623455000E+3
-9.235040000E-5	-1.207000000E-6	3.661100000E+0	9.999506836E+3	1.625121000E+3
-9.239510000E-5	-1.199550000E-6	3.672900000E+0	9.999506836E+3	1.627906000E+3
-9.230570000E-5	-1.184650000E-6	3.683200000E+0	9.999506836E+3	1.629849000E+3
-9.232810000E-5	-1.199550000E-6	3.698000000E+0	9.999506836E+3	1.632571000E+3
-9.222380000E-5	-1.244250000E-6	3.710600000E+0	9.999506836E+3	1.635368000E+3
-9.220140000E-5	-1.274060000E-6	3.721500000E+0	9.999506836E+3	1.637314000E+3
-9.220140000E-5	-1.207000000E-6	3.733100000E+0	9.999506836E+3	1.639766000E+3
-9.210450000E-5	-1.296410000E-6	3.744100000E+0	9.999506836E+3	1.641917000E+3
-9.210450000E-5	-1.311310000E-6	3.755600000E+0	9.999506836E+3	1.644691000E+3
-9.202260000E-5	-1.274060000E-6	3.767100000E+0	9.999506836E+3	1.646296000E+3
-9.194810000E-5	-1.274060000E-6	3.778600000E+0	9.999506836E+3	1.649053000E+3
-9.192570000E-5	-1.318760000E-6	3.790700000E+0	9.999506836E+3	1.651116000E+3
-9.196300000E-5	-1.311310000E-6	3.803300000E+0	9.999506836E+3	1.654188000E+3
-9.193320000E-5	-1.311310000E-6	3.815500000E+0	9.999506836E+3	1.655955000E+3
-9.188100000E-5	-1.333660000E-6	3.828100000E+0	9.999506836E+3	1.658782000E+3
-9.181400000E-5	-1.341110000E-6	3.838400000E+0	9.999506836E+3	1.660927000E+3
-9.180650000E-5	-1.393270000E-6	3.848700000E+0	9.999506836E+3	1.662922000E+3
-9.177670000E-5	-1.333660000E-6	3.860200000E+0	9.999506836E+3	1.665289000E+3
-9.175440000E-5	-1.370910000E-6	3.873100000E+0	9.999506836E+3	1.667853000E+3
-9.171710000E-5	-1.400720000E-6	3.883800000E+0	9.999506836E+3	1.670261000E+3
-9.170220000E-5	-1.430520000E-6	3.893800000E+0	9.999506836E+3	1.671556000E+3
-9.162030000E-5	-1.423070000E-6	3.904800000E+0	9.999506836E+3	1.674416000E+3
-9.162030000E-5	-1.452870000E-6	3.916500000E+0	9.999506836E+3	1.676373000E+3
-9.159050000E-5	-1.452870000E-6	3.927200000E+0	9.999506836E+3	1.678785000E+3
-9.152340000E-5	-1.467770000E-6	3.939000000E+0	9.999506836E+3	1.681234000E+3
-9.150850000E-5	-1.482670000E-6	3.950500000E+0	9.999506836E+3	1.682788000E+3
-9.147120000E-5	-1.452870000E-6	3.961900000E+0	9.999506836E+3	1.685594000E+3
-9.138930000E-5	-1.512480000E-6	3.973100000E+0	9.999506836E+3	1.687954000E+3
-9.135950000E-5	-1.460320000E-6	3.983700000E+0	9.999506836E+3	1.689564000E+3
-9.133710000E-5	-1.490120000E-6	3.994500000E+0	9.999506836E+3	1.692403000E+3
-9.127010000E-5	-1.512480000E-6	4.006300000E+0	9.999506836E+3	1.694666000E+3
-9.124030000E-5	-1.475220000E-6	4.017600000E+0	9.999506836E+3	1.696248000E+3
-9.113600000E-5	-1.564630000E-6	4.028500000E+0	9.999506836E+3	1.699057000E+3
-9.112110000E-5	-1.534830000E-6	4.039000000E+0	9.999506836E+3	1.700638000E+3
-9.111360000E-5	-1.572080000E-6	4.051500000E+0	9.999506836E+3	1.703549000E+3
-9.100930000E-5	-1.579530000E-6	4.061900000E+0	9.999506836E+3	1.705258000E+3
-9.097950000E-5	-1.609330000E-6	4.072200000E+0	9.999506836E+3	1.708104000E+3
-9.094230000E-5	-1.572080000E-6	4.083900000E+0	9.999506836E+3	1.709673000E+3
-9.091990000E-5	-1.609330000E-6	4.095500000E+0	9.999506836E+3	1.712546000E+3
-9.085280000E-5	-1.631680000E-6	4.106900000E+0	9.999506836E+3	1.714909000E+3
-9.083790000E-5	-1.661490000E-6	4.117100000E+0	9.999506836E+3	1.716466000E+3
-9.077090000E-5	-1.639140000E-6	4.127800000E+0	9.999506836E+3	1.718464000E+3
-9.070380000E-5	-1.698740000E-6	4.138900000E+0	9.999506836E+3	1.720897000E+3
-9.066660000E-5	-1.654040000E-6	4.149300000E+0	9.999506836E+3	1.723262000E+3
-9.062930000E-5	-1.691290000E-6	4.161200000E+0	9.999506836E+3	1.725448000E+3
-9.053990000E-5	-1.683840000E-6	4.174300000E+0	9.999506836E+3	1.727820000E+3
-9.045050000E-5	-1.721090000E-6	4.186500000E+0	9.999506836E+3	1.730740000E+3
-9.042070000E-5	-1.721090000E-6	4.196800000E+0	9.999506836E+3	1.732371000E+3
-9.042820000E-5	-1.750890000E-6	4.207000000E+0	9.999506836E+3	1.734742000E+3
-9.034620000E-5	-1.758340000E-6	4.219800000E+0	9.999506836E+3	1.736800000E+3
-9.024190000E-5	-1.840300000E-6	4.230300000E+0	9.999506836E+3	1.739265000E+3
-9.018970000E-5	-1.862650000E-6	4.242500000E+0	9.999506836E+3	1.741685000E+3
-9.007050000E-5	-1.795600000E-6	4.253300000E+0	9.999506836E+3	1.743470000E+3
-9.004820000E-5	-1.840300000E-6	4.265700000E+0	9.999506836E+3	1.746213000E+3
-8.999600000E-5	-1.907360000E-6	4.278000000E+0	9.999506836E+3	1.748987000E+3
-8.991410000E-5	-1.914810000E-6	4.289900000E+0	9.999506836E+3	1.751026000E+3
-8.978000000E-5	-1.922260000E-6	4.300700000E+0	9.999506836E+3	1.753400000E+3
-8.975020000E-5	-1.944620000E-6	4.311000000E+0	9.999506836E+3	1.755800000E+3
-8.969060000E-5	-1.907360000E-6	4.323200000E+0	9.999506836E+3	1.757429000E+3
-8.962350000E-5	-1.981870000E-6	4.335100000E+0	9.999506836E+3	1.759989000E+3
-8.962350000E-5	-1.937170000E-6	4.345200000E+0	9.999506836E+3	1.762312000E+3
-8.956390000E-5	-2.026570000E-6	4.355900000E+0	9.999506836E+3	1.764318000E+3
-8.946700000E-5	-2.034020000E-6	4.366300000E+0	9.999506836E+3	1.766321000E+3
-8.938510000E-5	-2.034020000E-6	4.377100000E+0	9.999506836E+3	1.768725000E+3
-8.930310000E-5	-2.093630000E-6	4.388100000E+0	9.999506836E+3	1.770457000E+3
-8.920630000E-5	-2.048920000E-6	4.398100000E+0	9.999506836E+3	1.772867000E+3
-8.919880000E-5	-2.123430000E-6	4.408200000E+0	9.999506836E+3	1.775045000E+3
-8.912430000E-5	-2.108530000E-6	4.419900000E+0	9.999506836E+3	1.777050000E+3
-8.901260000E-5	-2.160680000E-6	4.433000000E+0	9.999506836E+3	1.779828000E+3
-8.890820000E-5	-2.123430000E-6	4.445100000E+0	9.999506836E+3	1.782183000E+3
-8.880390000E-5	-2.153230000E-6	4.460800000E+0	9.999506836E+3	1.785246000E+3
-8.872940000E-5	-2.220290000E-6	4.471600000E+0	9.999506836E+3	1.787117000E+3
-8.863260000E-5	-2.264990000E-6	4.482600000E+0	9.999506836E+3	1.789958000E+3
-8.864750000E-5	-2.309690000E-6	4.492700000E+0	9.999506836E+3	1.791564000E+3
-8.844630000E-5	-2.339500000E-6	4.502800000E+0	9.999506836E+3	1.793962000E+3
-8.835690000E-5	-2.391650000E-6	4.513900000E+0	9.999506836E+3	1.795895000E+3
-8.828240000E-5	-2.346950000E-6	4.524300000E+0	9.999506836E+3	1.798436000E+3
-8.824510000E-5	-2.384200000E-6	4.535800000E+0	9.999506836E+3	1.800113000E+3
-8.809610000E-5	-2.376750000E-6	4.548000000E+0	9.999506836E+3	1.802894000E+3
-8.802910000E-5	-2.451260000E-6	4.559100000E+0	9.999506836E+3	1.805251000E+3
-8.789500000E-5	-2.384200000E-6	4.570200000E+0	9.999506836E+3	1.806900000E+3
-8.785030000E-5	-2.473610000E-6	4.581900000E+0	9.999506836E+3	1.809774000E+3
-8.770870000E-5	-2.503410000E-6	4.592300000E+0	9.999506836E+3	1.811995000E+3
-8.767890000E-5	-2.592820000E-6	4.604600000E+0	9.999506836E+3	1.813545000E+3
-8.753730000E-5	-2.600270000E-6	4.615100000E+0	9.999506836E+3	1.816340000E+3
-8.739580000E-5	-2.585370000E-6	4.626300000E+0	9.999506836E+3	1.818771000E+3
-8.738090000E-5	-2.600270000E-6	4.636900000E+0	9.999506836E+3	1.819910000E+3
-8.724680000E-5	-2.674770000E-6	4.647600000E+0	9.999506836E+3	1.822748000E+3
-8.709030000E-5	-2.719480000E-6	4.659500000E+0	9.999506836E+3	1.824757000E+3
-8.691890000E-5	-2.682220000E-6	4.672100000E+0	9.999506836E+3	1.828079000E+3
-8.688910000E-5	-2.764180000E-6	4.684600000E+0	9.999506836E+3	1.829645000E+3
-8.668800000E-5	-2.816330000E-6	4.696400000E+0	9.999506836E+3	1.832475000E+3
-8.659860000E-5	-2.823780000E-6	4.707000000E+0	9.999506836E+3	1.834853000E+3
-8.645700000E-5	-2.913190000E-6	4.719000000E+0	9.999506836E+3	1.836474000E+3
-8.636010000E-5	-2.928090000E-6	4.730400000E+0	9.999506836E+3	1.839385000E+3
-8.619620000E-5	-2.920640000E-6	4.740600000E+0	9.999506836E+3	1.841436000E+3
-8.610680000E-5	-2.942990000E-6	4.750900000E+0	9.999506836E+3	1.842986000E+3
-8.596530000E-5	-2.972800000E-6	4.761400000E+0	9.999506836E+3	1.845403000E+3
-8.583120000E-5	-3.054750000E-6	4.772200000E+0	9.999506836E+3	1.847405000E+3
-8.571190000E-5	-3.092010000E-6	4.782300000E+0	9.999506836E+3	1.849770000E+3
-8.563000000E-5	-3.106910000E-6	4.794400000E+0	9.999506836E+3	1.851789000E+3
-8.545120000E-5	-3.092010000E-6	4.804800000E+0	9.999506836E+3	1.854315000E+3
-8.533200000E-5	-3.114360000E-6	4.815400000E+0	9.999506836E+3	1.856288000E+3
-8.516810000E-5	-3.218670000E-6	4.826700000E+0	9.999506836E+3	1.858444000E+3
-8.500410000E-5	-3.241020000E-6	4.837700000E+0	9.999506836E+3	1.860522000E+3
-8.487750000E-5	-3.270820000E-6	4.848100000E+0	9.999506836E+3	1.862546000E+3
-8.474340000E-5	-3.315520000E-6	4.859400000E+0	9.999506836E+3	1.865239000E+3
-8.460180000E-5	-3.337870000E-6	4.870800000E+0	9.999506836E+3	1.867258000E+3
-8.440060000E-5	-3.397480000E-6	4.881900000E+0	9.999506836E+3	1.869261000E+3
-8.421440000E-5	-3.375130000E-6	4.894500000E+0	9.999506836E+3	1.872023000E+3
-8.405050000E-5	-3.442180000E-6	4.908100000E+0	9.999506836E+3	1.874898000E+3
-8.384180000E-5	-3.501790000E-6	4.918700000E+0	9.999506836E+3	1.876573000E+3
-8.376730000E-5	-3.516690000E-6	4.929800000E+0	9.999506836E+3	1.879006000E+3
-8.349170000E-5	-3.568840000E-6	4.940800000E+0	9.999506836E+3	1.881511000E+3
-8.335010000E-5	-3.606100000E-6	4.951400000E+0	9.999506836E+3	1.883510000E+3
-8.322350000E-5	-3.576290000E-6	4.961600000E+0	9.999506836E+3	1.885146000E+3
-8.301480000E-5	-3.673150000E-6	4.972100000E+0	9.999506836E+3	1.887897000E+3
-8.283600000E-5	-3.680600000E-6	4.983400000E+0	9.999506836E+3	1.889561000E+3
-8.261250000E-5	-3.725300000E-6	4.994600000E+0	9.999506836E+3	1.891887000E+3
-8.239640000E-5	-3.755110000E-6	5.006900000E+0	9.999506836E+3	1.894747000E+3
-8.225490000E-5	-3.747660000E-6	5.020100000E+0	9.999506836E+3	1.897104000E+3
-8.202390000E-5	-3.837080000E-6	5.030900000E+0	9.999506836E+3	1.899632000E+3
-8.183760000E-5	-3.896680000E-6	5.042200000E+0	9.999506836E+3	1.901637000E+3
-8.161410000E-5	-3.904130000E-6	5.053800000E+0	9.999506836E+3	1.904040000E+3
-8.143530000E-5	-3.941390000E-6	5.064700000E+0	9.999506836E+3	1.905908000E+3
-8.122670000E-5	-3.986090000E-6	5.075600000E+0	9.999506836E+3	1.908154000E+3
-8.095850000E-5	-4.008440000E-6	5.087200000E+0	9.999506836E+3	1.910201000E+3
-8.085420000E-5	-4.008440000E-6	5.097600000E+0	9.999506836E+3	1.912970000E+3
-8.062320000E-5	-4.068050000E-6	5.108500000E+0	9.999506836E+3	1.914585000E+3
-8.036240000E-5	-4.082950000E-6	5.120400000E+0	9.999506836E+3	1.917402000E+3
-8.009420000E-5	-4.135100000E-6	5.130800000E+0	9.999506836E+3	1.919389000E+3
-7.993030000E-5	-4.142550000E-6	5.142700000E+0	9.999506836E+3	1.921839000E+3
-7.974400000E-5	-4.194710000E-6	5.152900000E+0	9.999506836E+3	1.923423000E+3
-7.951310000E-5	-4.194710000E-6	5.165200000E+0	9.999506836E+3	1.926361000E+3
-7.921500000E-5	-4.246860000E-6	5.175300000E+0	9.999506836E+3	1.928441000E+3
-7.904370000E-5	-4.239410000E-6	5.187100000E+0	9.999506836E+3	1.930115000E+3
-7.881270000E-5	-4.261760000E-6	5.198900000E+0	9.999506836E+3	1.932904000E+3
-7.853700000E-5	-4.261760000E-6	5.209000000E+0	9.999506836E+3	1.934836000E+3
-7.826880000E-5	-4.336270000E-6	5.219200000E+0	9.999506836E+3	1.937233000E+3
-7.815710000E-5	-4.366070000E-6	5.231500000E+0	9.999506836E+3	1.939235000E+3
-7.771750000E-5	-4.418220000E-6	5.243300000E+0	9.999506836E+3	1.942087000E+3
-7.752380000E-5	-4.433120000E-6	5.254800000E+0	9.999506836E+3	1.944035000E+3
-7.723320000E-5	-4.433120000E-6	5.265200000E+0	9.999506836E+3	1.946588000E+3
-7.709160000E-5	-4.448030000E-6	5.276200000E+0	9.999506836E+3	1.948168000E+3
-7.677120000E-5	-4.507630000E-6	5.288100000E+0	9.999506836E+3	1.951014000E+3
-7.657750000E-5	-4.537430000E-6	5.298300000E+0	9.999506836E+3	1.953039000E+3
-7.627950000E-5	-4.567240000E-6	5.310800000E+0	9.999506836E+3	1.955013000E+3
-7.593680000E-5	-4.552330000E-6	5.322100000E+0	9.999506836E+3	1.957817000E+3
-7.559410000E-5	-4.574690000E-6	5.332900000E+0	9.999506836E+3	1.960093000E+3
-7.537800000E-5	-4.611940000E-6	5.345500000E+0	9.999506836E+3	1.962316000E+3
-7.510230000E-5	-4.693890000E-6	5.355700000E+0	9.999506836E+3	1.964303000E+3
-7.481920000E-5	-4.671540000E-6	5.366800000E+0	9.999506836E+3	1.966348000E+3
-7.446900000E-5	-4.731150000E-6	5.377500000E+0	9.999506836E+3	1.968748000E+3
-7.424550000E-5	-4.783300000E-6	5.387900000E+0	9.999506836E+3	1.971113000E+3
-7.395490000E-5	-4.798200000E-6	5.398800000E+0	9.999506836E+3	1.972721000E+3
-7.350790000E-5	-4.820550000E-6	5.410400000E+0	9.999506836E+3	1.975504000E+3
-7.326950000E-5	-4.828010000E-6	5.420900000E+0	9.999506836E+3	1.977655000E+3
-7.303110000E-5	-4.909960000E-6	5.433900000E+0	9.999506836E+3	1.979293000E+3
-7.258400000E-5	-4.895060000E-6	5.444600000E+0	9.999506836E+3	1.982185000E+3
-7.226360000E-5	-4.977020000E-6	5.455700000E+0	9.999506836E+3	1.984207000E+3
-7.188370000E-5	-4.984470000E-6	5.466400000E+0	9.999506836E+3	1.986640000E+3
-7.159310000E-5	-5.014270000E-6	5.479400000E+0	9.999506836E+3	1.988616000E+3
-7.110880000E-5	-5.096230000E-6	5.489800000E+0	9.999506836E+3	1.990969000E+3
-7.075120000E-5	-5.155830000E-6	5.500100000E+0	9.999506836E+3	1.993013000E+3
-7.035630000E-5	-5.215440000E-6	5.511000000E+0	9.999506836E+3	1.995385000E+3
-6.999120000E-5	-5.252690000E-6	5.522400000E+0	9.999506836E+3	1.997596000E+3
-6.961870000E-5	-5.297390000E-6	5.534300000E+0	9.999506836E+3	1.999567000E+3
-6.908970000E-5	-5.334640000E-6	5.546200000E+0	9.999506836E+3	2.002394000E+3
-6.860540000E-5	-5.461300000E-6	5.558200000E+0	9.999506836E+3	2.005089000E+3
-6.821050000E-5	-5.506010000E-6	5.569200000E+0	9.999506836E+3	2.006707000E+3
-6.765920000E-5	-5.640120000E-6	5.581700000E+0	9.999506836E+3	2.009525000E+3
-6.711530000E-5	-5.692270000E-6	5.593900000E+0	9.999506836E+3	2.011935000E+3
-6.664590000E-5	-5.751880000E-6	5.604600000E+0	9.999506836E+3	2.014364000E+3
-6.630320000E-5	-5.833830000E-6	5.614700000E+0	9.999506836E+3	2.015952000E+3
-6.561770000E-5	-6.012650000E-6	5.625600000E+0	9.999506836E+3	2.018215000E+3
-6.516320000E-5	-6.109510000E-6	5.637100000E+0	9.999506836E+3	2.020836000E+3
-6.468640000E-5	-6.161660000E-6	5.648900000E+0	9.999506836E+3	2.022886000E+3
-6.404570000E-5	-6.265970000E-6	5.659500000E+0	9.999506836E+3	2.024916000E+3
-6.353900000E-5	-6.407530000E-6	5.670400000E+0	9.999506836E+3	2.026935000E+3
-6.290570000E-5	-6.511840000E-6	5.680700000E+0	9.999506836E+3	2.029788000E+3
-6.240650000E-5	-6.653400000E-6	5.693000000E+0	9.999506836E+3	2.031389000E+3
-6.159440000E-5	-6.750260000E-6	5.705100000E+0	9.999506836E+3	2.034241000E+3
-6.082680000E-5	-6.958870000E-6	5.716100000E+0	9.999506836E+3	2.036236000E+3
-6.008170000E-5	-7.115330000E-6	5.726800000E+0	9.999506836E+3	2.038628000E+3
-5.952290000E-5	-7.219640000E-6	5.737900000E+0	9.999506836E+3	2.040998000E+3
-5.871830000E-5	-7.353750000E-6	5.750500000E+0	9.999506836E+3	2.043128000E+3
-5.790610000E-5	-7.525120000E-6	5.761900000E+0	9.999506836E+3	2.045535000E+3
-5.713130000E-5	-7.748660000E-6	5.773500000E+0	9.999506836E+3	2.047957000E+3
-5.631170000E-5	-7.845520000E-6	5.786700000E+0	9.999506836E+3	2.050041000E+3
-5.545490000E-5	-8.016880000E-6	5.797200000E+0	9.999506836E+3	2.052566000E+3
-5.454590000E-5	-8.180800000E-6	5.808300000E+0	9.999506836E+3	2.054835000E+3
-5.369660000E-5	-8.359610000E-6	5.820600000E+0	9.999506836E+3	2.057247000E+3
-5.290680000E-5	-8.493720000E-6	5.832500000E+0	9.999506836E+3	2.059229000E+3
-5.189350000E-5	-8.627830000E-6	5.842800000E+0	9.999506836E+3	2.061636000E+3
-5.099200000E-5	-8.776840000E-6	5.852900000E+0	9.999506836E+3	2.064043000E+3
-5.023200000E-5	-8.873700000E-6	5.865600000E+0	9.999506836E+3	2.066047000E+3
-4.922620000E-5	-8.985460000E-6	5.875800000E+0	9.999506836E+3	2.068047000E+3
-4.816820000E-5	-9.186620000E-6	5.886500000E+0	9.999506836E+3	2.070443000E+3
-4.719220000E-5	-9.276030000E-6	5.898600000E+0	9.999506836E+3	2.072881000E+3
-4.614170000E-5	-9.447390000E-6	5.911400000E+0	9.999506836E+3	2.075694000E+3
-4.519550000E-5	-9.507000000E-6	5.923800000E+0	9.999506836E+3	2.077639000E+3
-4.419710000E-5	-9.544250000E-6	5.934500000E+0	9.999506836E+3	2.079767000E+3
-4.306460000E-5	-9.685810000E-6	5.945100000E+0	9.999506836E+3	2.082214000E+3
-4.197680000E-5	-9.730520000E-6	5.958300000E+0	9.999506836E+3	2.085109000E+3
-4.098590000E-5	-9.812470000E-6	5.969400000E+0	9.999506836E+3	2.087179000E+3
-4.001730000E-5	-9.886980000E-6	5.981300000E+0	9.999506836E+3	2.089536000E+3
-3.881780000E-5	-9.946580000E-6	5.992100000E+0	9.999506836E+3	2.091961000E+3
-3.822170000E-5	-9.983840000E-6	6.002800000E+0	9.999506836E+3	2.093483000E+3
-3.705200000E-5	-9.983840000E-6	6.013000000E+0	9.999506836E+3	2.095888000E+3
-3.632180000E-5	-1.000620000E-5	6.023800000E+0	9.999506836E+3	2.097889000E+3
-3.521910000E-5	-1.003600000E-5	6.034500000E+0	9.999506836E+3	2.100330000E+3
-3.457840000E-5	-1.003600000E-5	6.045300000E+0	9.999506836E+3	2.102304000E+3
-3.351290000E-5	-1.001360000E-5	6.056600000E+0	9.999506836E+3	2.104436000E+3
-3.249970000E-5	-1.008810000E-5	6.067400000E+0	9.999506836E+3	2.106880000E+3
-3.173230000E-5	-1.002850000E-5	6.079100000E+0	9.999506836E+3	2.108955000E+3
-3.103190000E-5	-9.961480000E-6	6.090300000E+0	9.999506836E+3	2.110551000E+3
-2.980990000E-5	-9.924230000E-6	6.103200000E+0	9.999506836E+3	2.113755000E+3
-2.886370000E-5	-9.886980000E-6	6.114100000E+0	9.999506836E+3	2.116142000E+3
-2.810370000E-5	-9.819920000E-6	6.126500000E+0	9.999506836E+3	2.118136000E+3
-2.700850000E-5	-9.708160000E-6	6.139500000E+0	9.999506836E+3	2.120986000E+3
-2.624850000E-5	-9.663460000E-6	6.150700000E+0	9.999506836E+3	2.123023000E+3
-2.533950000E-5	-9.596410000E-6	6.161000000E+0	9.999506836E+3	2.125357000E+3
-2.451250000E-5	-9.432490000E-6	6.171100000E+0	9.999506836E+3	2.127869000E+3
-2.396120000E-5	-9.387790000E-6	6.182600000E+0	9.999506836E+3	2.129783000E+3
-2.321610000E-5	-9.313280000E-6	6.193000000E+0	9.999506836E+3	2.131760000E+3
-2.244130000E-5	-9.171720000E-6	6.203300000E+0	9.999506836E+3	2.133753000E+3
-2.167390000E-5	-9.074870000E-6	6.214600000E+0	9.999506836E+3	2.136159000E+3
-2.097350000E-5	-8.836450000E-6	6.226000000E+0	9.999506836E+3	2.138553000E+3
-2.023590000E-5	-8.747040000E-6	6.237300000E+0	9.999506836E+3	2.140624000E+3
-1.946100000E-5	-8.523520000E-6	6.248800000E+0	9.999506836E+3	2.142972000E+3
-1.878300000E-5	-8.277650000E-6	6.259600000E+0	9.999506836E+3	2.145207000E+3
-1.811990000E-5	-8.180800000E-6	6.269700000E+0	9.999506836E+3	2.146832000E+3
-1.745680000E-5	-7.979630000E-6	6.281200000E+0	9.999506836E+3	2.149209000E+3
-1.667450000E-5	-7.636900000E-6	6.293400000E+0	9.999506836E+3	2.151612000E+3
-1.587730000E-5	-7.309050000E-6	6.303500000E+0	9.999506836E+3	2.154030000E+3
-1.533340000E-5	-7.085530000E-6	6.313800000E+0	9.999506836E+3	2.156029000E+3
-1.493100000E-5	-6.794960000E-6	6.323900000E+0	9.999506836E+3	2.157643000E+3
-1.408910000E-5	-6.474580000E-6	6.334100000E+0	9.999506836E+3	2.159999000E+3
-1.353030000E-5	-6.109510000E-6	6.344300000E+0	9.999506836E+3	2.162016000E+3
-1.279270000E-5	-5.662470000E-6	6.355300000E+0	9.999506836E+3	2.164841000E+3
-1.240530000E-5	-5.386800000E-6	6.367700000E+0	9.999506836E+3	2.166464000E+3
-1.168260000E-5	-4.731150000E-6	6.379500000E+0	9.999506836E+3	2.169373000E+3
-1.129510000E-5	-4.299010000E-6	6.391800000E+0	9.999506836E+3	2.171453000E+3
-1.072890000E-5	-3.777460000E-6	6.403500000E+0	9.999506836E+3	2.174266000E+3
-1.049790000E-5	-3.442180000E-6	6.414800000E+0	9.999506836E+3	2.175926000E+3
-1.006580000E-5	-2.875940000E-6	6.426900000E+0	9.999506836E+3	2.178682000E+3
-9.834820000E-6	-2.414000000E-6	6.438000000E+0	9.999506836E+3	2.181155000E+3
-9.633660000E-6	-2.115980000E-6	6.449100000E+0	9.999506836E+3	2.182726000E+3
-9.372890000E-6	-1.579530000E-6	6.461500000E+0	9.999506836E+3	2.185465000E+3
-9.283480000E-6	-1.259160000E-6	6.473300000E+0	9.999506836E+3	2.187444000E+3
-9.186620000E-6	-9.313260000E-7	6.484300000E+0	9.999506836E+3	2.189888000E+3
-9.045060000E-6	-6.258520000E-7	6.495700000E+0	9.999506836E+3	2.192661000E+3
-9.037610000E-6	-4.693880000E-7	6.507700000E+0	9.999506836E+3	2.194665000E+3
-9.067410000E-6	-2.384200000E-7	6.518500000E+0	9.999506836E+3	2.197053000E+3
-8.985460000E-6	-2.235180000E-7	6.528600000E+0	9.999506836E+3	2.199076000E+3
-9.000360000E-6	-1.043090000E-7	6.538900000E+0	9.999506836E+3	2.201145000E+3
-9.007810000E-6	-1.490130000E-8	6.550600000E+0	9.999506836E+3	2.203064000E+3
-9.007810000E-6	3.725310000E-8	6.560800000E+0	9.999506836E+3	2.205465000E+3
-9.022710000E-6	8.195680000E-8	6.571100000E+0	9.999506836E+3	2.207103000E+3
-8.985460000E-6	1.490130000E-8	6.581900000E+0	9.999506836E+3	2.209589000E+3
-8.970560000E-6	6.705570000E-8	6.592300000E+0	9.999506836E+3	2.212035000E+3
-8.933300000E-6	8.195680000E-8	6.602500000E+0	9.999506836E+3	2.213675000E+3
-8.918400000E-6	7.450630000E-8	6.614300000E+0	9.999506836E+3	2.215597000E+3
-8.992910000E-6	5.960510000E-8	6.626100000E+0	9.999506836E+3	2.218134000E+3
-9.015260000E-6	8.940740000E-8	6.637400000E+0	9.999506836E+3	2.220939000E+3
-8.970560000E-6	9.685800000E-8	6.649600000E+0	9.999506836E+3	2.223348000E+3
-9.037610000E-6	7.450640000E-9	6.661900000E+0	9.999506836E+3	2.225368000E+3
-8.978010000E-6	5.215430000E-8	6.673600000E+0	9.999506836E+3	2.227747000E+3
-8.985460000E-6	3.725310000E-8	6.685300000E+0	9.999506836E+3	2.230182000E+3
-9.015260000E-6	6.705570000E-8	6.697500000E+0	9.999506836E+3	2.233057000E+3
-8.948210000E-6	8.940740000E-8	6.708000000E+0	9.999506836E+3	2.234650000E+3
-8.978010000E-6	5.960510000E-8	6.719500000E+0	9.999506836E+3	2.237086000E+3
-8.933300000E-6	8.940740000E-8	6.730100000E+0	9.999506836E+3	2.239455000E+3
-8.933300000E-6	1.266610000E-7	6.742100000E+0	9.999506836E+3	2.241505000E+3
-8.970560000E-6	6.705570000E-8	6.753400000E+0	9.999506836E+3	2.243903000E+3
-8.933300000E-6	-1.490130000E-8	6.766100000E+0	9.999506836E+3	2.246444000E+3
-8.963110000E-6	2.235190000E-8	6.777000000E+0	9.999506836E+3	2.248459000E+3
-9.007810000E-6	1.490130000E-8	6.788900000E+0	9.999506836E+3	2.251229000E+3
-8.955660000E-6	4.470370000E-8	6.799700000E+0	9.999506836E+3	2.253238000E+3
-9.000360000E-6	2.235190000E-8	6.810300000E+0	9.999506836E+3	2.255206000E+3
-8.955660000E-6	7.450630000E-8	6.820800000E+0	9.999506836E+3	2.257216000E+3
-8.963110000E-6	5.960510000E-8	6.832300000E+0	9.999506836E+3	2.260016000E+3
-8.925850000E-6	1.490130000E-8	6.843500000E+0	9.999506836E+3	2.261597000E+3
-8.963110000E-6	5.960510000E-8	6.853700000E+0	9.999506836E+3	2.263613000E+3
-8.933300000E-6	8.940740000E-8	6.863800000E+0	9.999506836E+3	2.265665000E+3
-8.978010000E-6	1.043090000E-7	6.874700000E+0	9.999506836E+3	2.268028000E+3
-9.015260000E-6	5.215430000E-8	6.886100000E+0	9.999506836E+3	2.270823000E+3
-8.978010000E-6	0.000000000E+0	6.898000000E+0	9.999506836E+3	2.272549000E+3
-8.940750000E-6	2.980250000E-8	6.908800000E+0	9.999506836E+3	2.274562000E+3
-8.978010000E-6	9.685800000E-8	6.919900000E+0	9.999506836E+3	2.277350000E+3
-8.940750000E-6	2.235190000E-8	6.932600000E+0	9.999506836E+3	2.279753000E+3
-8.992910000E-6	4.470370000E-8	6.943100000E+0	9.999506836E+3	2.281761000E+3
-8.940750000E-6	4.470370000E-8	6.953800000E+0	9.999506836E+3	2.284144000E+3
-9.015260000E-6	6.705570000E-8	6.965700000E+0	9.999506836E+3	2.286206000E+3
-8.970560000E-6	8.195680000E-8	6.976500000E+0	9.999506836E+3	2.288561000E+3
-9.007810000E-6	5.960510000E-8	6.989300000E+0	9.999506836E+3	2.290971000E+3
-8.903500000E-6	3.725310000E-8	7.002200000E+0	9.999506836E+3	2.293333000E+3
-8.978010000E-6	8.195680000E-8	7.013000000E+0	9.999506836E+3	2.295369000E+3
-8.903500000E-6	3.725310000E-8	7.023400000E+0	9.999506836E+3	2.298015000E+3
-8.940750000E-6	2.235190000E-8	7.036300000E+0	9.999506836E+3	2.300453000E+3
-9.045060000E-6	2.235190000E-8	7.046400000E+0	9.999506836E+3	2.302415000E+3
-8.985460000E-6	4.470370000E-8	7.056800000E+0	9.999506836E+3	2.304494000E+3
-9.000360000E-6	1.490130000E-8	7.067600000E+0	9.999506836E+3	2.306422000E+3
-8.903500000E-6	7.450630000E-8	7.078400000E+0	9.999506836E+3	2.308807000E+3
-8.948210000E-6	0.000000000E+0	7.090200000E+0	9.999506836E+3	2.311608000E+3
-8.948210000E-6	3.725310000E-8	7.100500000E+0	9.999506836E+3	2.313251000E+3
-9.000360000E-6	3.725310000E-8	7.111000000E+0	9.999506836E+3	2.315273000E+3
-8.985460000E-6	9.685800000E-8	7.121100000E+0	9.999506836E+3	2.317648000E+3
-8.955660000E-6	-7.450640000E-9	7.133200000E+0	9.999506836E+3	2.319659000E+3
-8.948210000E-6	2.235190000E-8	7.144000000E+0	9.999506836E+3	2.322078000E+3
-8.933300000E-6	1.043090000E-7	7.154600000E+0	9.999506836E+3	2.324049000E+3
-9.000360000E-6	1.415620000E-7	7.166400000E+0	9.999506836E+3	2.326405000E+3
-8.978010000E-6	2.980250000E-8	7.178100000E+0	9.999506836E+3	2.328921000E+3
-8.948210000E-6	2.980250000E-8	7.188700000E+0	9.999506836E+3	2.330931000E+3
-8.940750000E-6	5.960510000E-8	7.200000000E+0	9.999506836E+3	2.332977000E+3
-8.940750000E-6	1.490130000E-8	7.212000000E+0	9.999506836E+3	2.335793000E+3
-9.067410000E-6	6.705570000E-8	7.222500000E+0	9.999506836E+3	2.338130000E+3
-8.985460000E-6	4.470370000E-8	7.233500000E+0	9.999506836E+3	2.339745000E+3
-8.970560000E-6	7.450640000E-9	7.243900000E+0	9.999506836E+3	2.341352000E+3
-8.933300000E-6	3.725310000E-8	7.254600000E+0	9.999506836E+3	2.344125000E+3
-8.955660000E-6	5.215430000E-8	7.265300000E+0	9.999506836E+3	2.346658000E+3
-9.030160000E-6	3.725310000E-8	7.277800000E+0	9.999506836E+3	2.348274000E+3
-9.007810000E-6	5.960510000E-8	7.288800000E+0	9.999506836E+3	2.351183000E+3
-8.992910000E-6	1.043090000E-7	7.300000000E+0	9.999506836E+3	2.353063000E+3
-8.940750000E-6	5.215430000E-8	7.312300000E+0	9.999506836E+3	2.355483000E+3
-8.985460000E-6	-1.490130000E-8	7.323200000E+0	9.999506836E+3	2.357859000E+3
-8.970560000E-6	2.980250000E-8	7.335100000E+0	9.999506836E+3	2.360312000E+3
-8.963110000E-6	4.470370000E-8	7.345500000E+0	9.999506836E+3	2.362330000E+3
-8.903500000E-6	7.450630000E-8	7.355800000E+0	9.999506836E+3	2.364265000E+3
-9.022710000E-6	7.450640000E-9	7.366800000E+0	9.999506836E+3	2.366303000E+3
-9.059960000E-6	3.725310000E-8	7.378700000E+0	9.999506836E+3	2.369067000E+3
-8.940750000E-6	2.235190000E-8	7.390600000E+0	9.999506836E+3	2.371495000E+3
-8.963110000E-6	4.470370000E-8	7.402300000E+0	9.999506836E+3	2.373605000E+3
-8.948210000E-6	1.043090000E-7	7.414900000E+0	9.999506836E+3	2.376039000E+3
-8.978010000E-6	5.960510000E-8	7.425500000E+0	9.999506836E+3	2.378706000E+3
-8.940750000E-6	0.000000000E+0	7.436100000E+0	9.999506836E+3	2.380562000E+3
-8.985460000E-6	0.000000000E+0	7.446300000E+0	9.999506836E+3	2.382129000E+3
-9.007810000E-6	-7.450640000E-9	7.456500000E+0	9.999506836E+3	2.384546000E+3
-8.873700000E-6	1.490130000E-8	7.467200000E+0	9.999506836E+3	2.386573000E+3
-8.963110000E-6	0.000000000E+0	7.478600000E+0	9.999506836E+3	2.388977000E+3
-8.955660000E-6	3.725310000E-8	7.489200000E+0	9.999506836E+3	2.391378000E+3
-9.022710000E-6	5.960510000E-8	7.501700000E+0	9.999506836E+3	2.393362000E+3
