20240422_HM457MbNbZr2_chiAC_vs_T_B_1T.001.txt Tue, Apr 22, 2025 1:49:55 PM Juan Gabe
Magnet: None
Trigger spacing of 0.010000 on column #3
Offsets:	0.000000000E+0	0.000000000E+0	0.000000000E+0	0.000000000E+0	0.000000000E+0

Scale Factors:	1.000000000E+0	1.000000000E+0	1.000000000E+0	1.000000000E+0	1.000000000E+0

1T
Lockin_V_001	Chan2_V_001	Temperture_001	Field_001	Timestamp_001
-1.988570000E-5	2.436350000E-6	7.497500000E+0	9.999416992E+3	2.800000000E-2
-1.993040000E-5	2.406550000E-6	7.483600000E+0	9.999416992E+3	1.496500000E+1
-1.995280000E-5	2.346950000E-6	7.469600000E+0	9.999416992E+3	1.615100000E+1
-1.995280000E-5	2.309690000E-6	7.456500000E+0	9.999416992E+3	1.702400000E+1
-1.997510000E-5	2.391650000E-6	7.444100000E+0	9.999416992E+3	1.776700000E+1
-2.000490000E-5	2.346950000E-6	7.429100000E+0	9.999416992E+3	1.856600000E+1
-1.995280000E-5	2.361850000E-6	7.413100000E+0	9.999416992E+3	1.949800000E+1
-1.990060000E-5	2.346950000E-6	7.396300000E+0	9.999416992E+3	2.043400000E+1
-1.991550000E-5	2.369300000E-6	7.380600000E+0	9.999416992E+3	2.124700000E+1
-1.996770000E-5	2.339500000E-6	7.364500000E+0	9.999416992E+3	2.201700000E+1
-1.999750000E-5	2.369300000E-6	7.351000000E+0	9.999416992E+3	2.283700000E+1
-1.997510000E-5	2.391650000E-6	7.337400000E+0	9.999416992E+3	2.366900000E+1
-2.001980000E-5	2.391650000E-6	7.326300000E+0	9.999416992E+3	2.447900000E+1
-1.999000000E-5	2.317150000E-6	7.311400000E+0	9.999416992E+3	2.525100000E+1
-1.995280000E-5	2.361850000E-6	7.299400000E+0	9.999416992E+3	2.602900000E+1
-1.993790000E-5	2.391650000E-6	7.286300000E+0	9.999416992E+3	2.684200000E+1
-1.999750000E-5	2.376750000E-6	7.272100000E+0	9.999416992E+3	2.768600000E+1
-1.999750000E-5	2.384200000E-6	7.259100000E+0	9.999416992E+3	2.844400000E+1
-1.997510000E-5	2.332050000E-6	7.243600000E+0	9.999416992E+3	2.929200000E+1
-1.999000000E-5	2.309690000E-6	7.229000000E+0	9.999416992E+3	3.003900000E+1
-1.999000000E-5	2.332050000E-6	7.216900000E+0	9.999416992E+3	3.084100000E+1
-1.999000000E-5	2.332050000E-6	7.204800000E+0	9.999416992E+3	3.163600000E+1
-1.998260000E-5	2.339500000E-6	7.191200000E+0	9.999416992E+3	3.251900000E+1
-1.998260000E-5	2.369300000E-6	7.177600000E+0	9.999416992E+3	3.331100000E+1
-1.997510000E-5	2.354400000E-6	7.165600000E+0	9.999416992E+3	3.403800000E+1
-1.995280000E-5	2.354400000E-6	7.150000000E+0	9.999416992E+3	3.487600000E+1
-1.994530000E-5	2.399100000E-6	7.137200000E+0	9.999416992E+3	3.567800000E+1
-2.001240000E-5	2.339500000E-6	7.125000000E+0	9.999416992E+3	3.645200000E+1
-2.003470000E-5	2.302240000E-6	7.110200000E+0	9.999416992E+3	3.731900000E+1
-2.001240000E-5	2.339500000E-6	7.097800000E+0	9.999416992E+3	3.806300000E+1
-2.002730000E-5	2.391650000E-6	7.085400000E+0	9.999416992E+3	3.882900000E+1
-2.001980000E-5	2.406550000E-6	7.070400000E+0	9.999416992E+3	3.963200000E+1
-2.002730000E-5	2.369300000E-6	7.057700000E+0	9.999416992E+3	4.045300000E+1
-1.999750000E-5	2.369300000E-6	7.046500000E+0	9.999416992E+3	4.128900000E+1
-1.996020000E-5	2.361850000E-6	7.036300000E+0	9.999416992E+3	4.168600000E+1
-1.995280000E-5	2.399100000E-6	7.024600000E+0	9.999416992E+3	4.250000000E+1
-1.993790000E-5	2.384200000E-6	7.010200000E+0	9.999416992E+3	4.324900000E+1
-2.001980000E-5	2.339500000E-6	6.994500000E+0	9.999416992E+3	4.404100000E+1
-1.999000000E-5	2.339500000E-6	6.981200000E+0	9.999416992E+3	4.485200000E+1
-2.002730000E-5	2.287340000E-6	6.967700000E+0	9.999416992E+3	4.572100000E+1
-2.005710000E-5	2.339500000E-6	6.956400000E+0	9.999416992E+3	4.649300000E+1
-1.999000000E-5	2.354400000E-6	6.944200000E+0	9.999416992E+3	4.728200000E+1
-1.995280000E-5	2.376750000E-6	6.931300000E+0	9.999416992E+3	4.803700000E+1
-1.995280000E-5	2.361850000E-6	6.917300000E+0	9.999416992E+3	4.883000000E+1
-1.993040000E-5	2.361850000E-6	6.901200000E+0	9.999416992E+3	4.976900000E+1
-1.999000000E-5	2.317150000E-6	6.885900000E+0	9.999416992E+3	5.097600000E+1
-1.995280000E-5	2.309690000E-6	6.870800000E+0	9.999416992E+3	5.162500000E+1
-1.997510000E-5	2.369300000E-6	6.860500000E+0	9.999416992E+3	5.242900000E+1
-2.003470000E-5	2.369300000E-6	6.844800000E+0	9.999416992E+3	5.311700000E+1
-2.002730000E-5	2.279890000E-6	6.826500000E+0	9.999416992E+3	5.419100000E+1
-2.000490000E-5	2.272440000E-6	6.809100000E+0	9.999416992E+3	5.516500000E+1
-1.998260000E-5	2.376750000E-6	6.793900000E+0	9.999416992E+3	5.637700000E+1
-2.001980000E-5	2.324600000E-6	6.780200000E+0	9.999416992E+3	5.696600000E+1
-1.999000000E-5	2.309690000E-6	6.765300000E+0	9.999416992E+3	5.803100000E+1
-1.998260000E-5	2.354400000E-6	6.751900000E+0	9.999416992E+3	5.914300000E+1
-1.996020000E-5	2.361850000E-6	6.740800000E+0	9.999416992E+3	5.949300000E+1
-1.996770000E-5	2.324600000E-6	6.724600000E+0	9.999416992E+3	6.046000000E+1
-1.998260000E-5	2.384200000E-6	6.705800000E+0	9.999416992E+3	6.168700000E+1
-1.999000000E-5	2.361850000E-6	6.690300000E+0	9.999416992E+3	6.259000000E+1
-2.001980000E-5	2.294790000E-6	6.672800000E+0	9.999416992E+3	6.345300000E+1
-1.997510000E-5	2.309690000E-6	6.656900000E+0	9.999416992E+3	6.429600000E+1
-2.000490000E-5	2.406550000E-6	6.642400000E+0	9.999416992E+3	6.551000000E+1
-2.001980000E-5	2.399100000E-6	6.625600000E+0	9.999416992E+3	6.620500000E+1
-1.996770000E-5	2.369300000E-6	6.610100000E+0	9.999416992E+3	6.723300000E+1
-1.999000000E-5	2.339500000E-6	6.595100000E+0	9.999416992E+3	6.818000000E+1
-2.002730000E-5	2.406550000E-6	6.580400000E+0	9.999416992E+3	6.937600000E+1
-2.000490000E-5	2.376750000E-6	6.564200000E+0	9.999416992E+3	7.013100000E+1
-1.997510000E-5	2.369300000E-6	6.547300000E+0	9.999416992E+3	7.118200000E+1
-2.004220000E-5	2.339500000E-6	6.531200000E+0	9.999416992E+3	7.234500000E+1
-2.007200000E-5	2.317150000E-6	6.516800000E+0	9.999416992E+3	7.331600000E+1
-2.001980000E-5	2.339500000E-6	6.499800000E+0	9.999416992E+3	7.405000000E+1
-2.003470000E-5	2.339500000E-6	6.484200000E+0	9.999416992E+3	7.501500000E+1
-2.002730000E-5	2.391650000E-6	6.470300000E+0	9.999416992E+3	7.618900000E+1
-1.996770000E-5	2.361850000E-6	6.457100000E+0	9.999416992E+3	7.687000000E+1
-2.001980000E-5	2.399100000E-6	6.441800000E+0	9.999416992E+3	7.791100000E+1
-1.997510000E-5	2.376750000E-6	6.424700000E+0	9.999416992E+3	7.926500000E+1
-1.999750000E-5	2.369300000E-6	6.413900000E+0	9.999416992E+3	8.020700000E+1
-1.998260000E-5	2.384200000E-6	6.403300000E+0	9.999416992E+3	8.111700000E+1
-1.993040000E-5	2.339500000E-6	6.387100000E+0	9.999416992E+3	8.206500000E+1
-1.992300000E-5	2.302240000E-6	6.370100000E+0	9.999416992E+3	8.296600000E+1
-2.000490000E-5	2.324600000E-6	6.353900000E+0	9.999416992E+3	8.409700000E+1
-2.000490000E-5	2.302240000E-6	6.339800000E+0	9.999416992E+3	8.511600000E+1
-1.999000000E-5	2.309690000E-6	6.329200000E+0	9.999416992E+3	8.545300000E+1
-1.995280000E-5	2.339500000E-6	6.309500000E+0	9.999416992E+3	8.648300000E+1
-2.000490000E-5	2.339500000E-6	6.295000000E+0	9.999416992E+3	8.750000000E+1
-2.000490000E-5	2.332050000E-6	6.283000000E+0	9.999416992E+3	8.791200000E+1
-2.000490000E-5	2.399100000E-6	6.266100000E+0	9.999416992E+3	8.882600000E+1
-1.999000000E-5	2.406550000E-6	6.248900000E+0	9.999416992E+3	9.003200000E+1
-2.001240000E-5	2.421450000E-6	6.238200000E+0	9.999416992E+3	9.037200000E+1
-1.997510000E-5	2.391650000E-6	6.219600000E+0	9.999416992E+3	9.140400000E+1
-1.994530000E-5	2.317150000E-6	6.204000000E+0	9.999416992E+3	9.231400000E+1
-2.001980000E-5	2.339500000E-6	6.187800000E+0	9.999416992E+3	9.350700000E+1
-1.999750000E-5	2.324600000E-6	6.174400000E+0	9.999416992E+3	9.447500000E+1
-2.000490000E-5	2.324600000E-6	6.157200000E+0	9.999416992E+3	9.524100000E+1
-2.001980000E-5	2.376750000E-6	6.141600000E+0	9.999416992E+3	9.618100000E+1
-1.999000000E-5	2.361850000E-6	6.130300000E+0	9.999416992E+3	9.670900000E+1
-1.999750000E-5	2.354400000E-6	6.113900000E+0	9.999416992E+3	9.765800000E+1
-1.998260000E-5	2.399100000E-6	6.097300000E+0	9.999416992E+3	9.869700000E+1
-2.001980000E-5	2.339500000E-6	6.080400000E+0	9.999416992E+3	9.968800000E+1
-1.996020000E-5	2.384200000E-6	6.065100000E+0	9.999416992E+3	1.008470000E+2
-2.000490000E-5	2.384200000E-6	6.049600000E+0	9.999416992E+3	1.015070000E+2
-1.999000000E-5	2.339500000E-6	6.030900000E+0	9.999416992E+3	1.025920000E+2
-1.997510000E-5	2.294790000E-6	6.016600000E+0	9.999416992E+3	1.035260000E+2
-2.003470000E-5	2.324600000E-6	6.004600000E+0	9.999416992E+3	1.046880000E+2
-2.001980000E-5	2.324600000E-6	5.991400000E+0	9.999416992E+3	2.061350000E+2
-2.001980000E-5	2.294790000E-6	5.981000000E+0	9.999416992E+3	2.078960000E+2
-2.002730000E-5	2.384200000E-6	5.970500000E+0	9.999416992E+3	2.098510000E+2
-1.997510000E-5	2.361850000E-6	5.959400000E+0	9.999416992E+3	2.121780000E+2
-2.000490000E-5	2.339500000E-6	5.945200000E+0	9.999416992E+3	2.142860000E+2
-1.996770000E-5	2.406550000E-6	5.933800000E+0	9.999416992E+3	2.172300000E+2
-2.000490000E-5	2.369300000E-6	5.923700000E+0	9.999416992E+3	2.189730000E+2
-2.004960000E-5	2.384200000E-6	5.911600000E+0	9.999416992E+3	2.213310000E+2
-2.005710000E-5	2.369300000E-6	5.901500000E+0	9.999416992E+3	2.231040000E+2
-1.995280000E-5	2.391650000E-6	5.891400000E+0	9.999416992E+3	2.255900000E+2
-1.999750000E-5	2.414000000E-6	5.880500000E+0	9.999416992E+3	2.277520000E+2
-2.007940000E-5	2.361850000E-6	5.870000000E+0	9.999416992E+3	2.299230000E+2
-2.008690000E-5	2.414000000E-6	5.857300000E+0	9.999416992E+3	2.315890000E+2
-2.003470000E-5	2.376750000E-6	5.846000000E+0	9.999416992E+3	2.346990000E+2
-2.003470000E-5	2.346950000E-6	5.835300000E+0	9.999416992E+3	2.366790000E+2
-2.004220000E-5	2.384200000E-6	5.823600000E+0	9.999416992E+3	2.393470000E+2
-2.004960000E-5	2.376750000E-6	5.812300000E+0	9.999416992E+3	2.409240000E+2
-2.001980000E-5	2.414000000E-6	5.800900000E+0	9.999416992E+3	2.430610000E+2
-1.997510000E-5	2.406550000E-6	5.789500000E+0	9.999416992E+3	2.460020000E+2
-1.989320000E-5	2.458710000E-6	5.778500000E+0	9.999416992E+3	2.481400000E+2
-2.004960000E-5	2.466160000E-6	5.765800000E+0	9.999416992E+3	2.501570000E+2
-1.997510000E-5	2.406550000E-6	5.754200000E+0	9.999416992E+3	2.528020000E+2
-1.999000000E-5	2.473610000E-6	5.743800000E+0	9.999416992E+3	2.554840000E+2
-1.999750000E-5	2.466160000E-6	5.731000000E+0	9.999416992E+3	2.571910000E+2
-1.996020000E-5	2.421450000E-6	5.716700000E+0	9.999416992E+3	2.601190000E+2
-2.007940000E-5	2.414000000E-6	5.704700000E+0	9.999416992E+3	2.630630000E+2
-1.998260000E-5	2.488510000E-6	5.693000000E+0	9.999416992E+3	2.652140000E+2
-2.002730000E-5	2.458710000E-6	5.679900000E+0	9.999416992E+3	2.672220000E+2
-2.004220000E-5	2.466160000E-6	5.668600000E+0	9.999416992E+3	2.700510000E+2
-2.004960000E-5	2.414000000E-6	5.657400000E+0	9.999416992E+3	2.723790000E+2
-2.007940000E-5	2.458710000E-6	5.647200000E+0	9.999416992E+3	2.738580000E+2
-2.006450000E-5	2.466160000E-6	5.635300000E+0	9.999416992E+3	2.762670000E+2
-2.004220000E-5	2.369300000E-6	5.622500000E+0	9.999416992E+3	2.792030000E+2
-2.004960000E-5	2.421450000E-6	5.608900000E+0	9.999416992E+3	2.819870000E+2
-2.004220000E-5	2.473610000E-6	5.596000000E+0	9.999416992E+3	2.839930000E+2
-1.999750000E-5	2.481060000E-6	5.585300000E+0	9.999416992E+3	2.867740000E+2
-2.000490000E-5	2.458710000E-6	5.573800000E+0	9.999416992E+3	2.888480000E+2
-1.987080000E-5	2.510860000E-6	5.560300000E+0	9.999416992E+3	2.911970000E+2
-1.964730000E-5	2.466160000E-6	5.547600000E+0	9.999416992E+3	2.939780000E+2
-1.997510000E-5	2.421450000E-6	5.536600000E+0	9.999416992E+3	2.959930000E+2
-1.999000000E-5	2.533210000E-6	5.526100000E+0	9.999416992E+3	2.990610000E+2
-1.998260000E-5	2.518310000E-6	5.514700000E+0	9.999416992E+3	3.007680000E+2
-1.999750000E-5	2.458710000E-6	5.503300000E+0	9.999416992E+3	3.028980000E+2
-1.984850000E-5	2.451260000E-6	5.492200000E+0	9.999416992E+3	3.050920000E+2
-1.990810000E-5	2.384200000E-6	5.481300000E+0	9.999416992E+3	3.075770000E+2
-1.997510000E-5	2.495960000E-6	5.470600000E+0	9.999416992E+3	3.098360000E+2
-2.001240000E-5	2.376750000E-6	5.459000000E+0	9.999416992E+3	3.118270000E+2
-2.004960000E-5	2.466160000E-6	5.446200000E+0	9.999416992E+3	3.144360000E+2
-1.998260000E-5	2.451260000E-6	5.434700000E+0	9.999416992E+3	3.166180000E+2
-2.007940000E-5	2.428900000E-6	5.423800000E+0	9.999416992E+3	3.186890000E+2
-2.001980000E-5	2.466160000E-6	5.411100000E+0	9.999416992E+3	3.215030000E+2
-2.007940000E-5	2.414000000E-6	5.399200000E+0	9.999416992E+3	3.238490000E+2
-2.004220000E-5	2.421450000E-6	5.388400000E+0	9.999416992E+3	3.259860000E+2
-2.008690000E-5	2.458710000E-6	5.377400000E+0	9.999416992E+3	3.282670000E+2
-2.013900000E-5	2.518310000E-6	5.367000000E+0	9.999416992E+3	3.304310000E+2
-2.002730000E-5	2.443800000E-6	5.356800000E+0	9.999416992E+3	3.325320000E+2
-1.999750000E-5	2.488510000E-6	5.344300000E+0	9.999416992E+3	3.346230000E+2
-2.010180000E-5	2.436350000E-6	5.333000000E+0	9.999416992E+3	3.367930000E+2
-2.006450000E-5	2.488510000E-6	5.321700000E+0	9.999416992E+3	3.393520000E+2
-2.010920000E-5	2.481060000E-6	5.310800000E+0	9.999416992E+3	3.415880000E+2
-2.001240000E-5	2.466160000E-6	5.300500000E+0	9.999416992E+3	3.435630000E+2
-2.005710000E-5	2.458710000E-6	5.289600000E+0	9.999416992E+3	3.454200000E+2
-1.999750000E-5	2.399100000E-6	5.279000000E+0	9.999416992E+3	3.478840000E+2
-2.001240000E-5	2.376750000E-6	5.268700000E+0	9.999416992E+3	3.503900000E+2
-2.003470000E-5	2.369300000E-6	5.256200000E+0	9.999416992E+3	3.520990000E+2
-2.008690000E-5	2.421450000E-6	5.243900000E+0	9.999416992E+3	3.546300000E+2
-2.003470000E-5	2.421450000E-6	5.232100000E+0	9.999416992E+3	3.574270000E+2
-2.008690000E-5	2.384200000E-6	5.218700000E+0	9.999416992E+3	3.598430000E+2
-2.005710000E-5	2.384200000E-6	5.206600000E+0	9.999416992E+3	3.622110000E+2
-2.008690000E-5	2.399100000E-6	5.194900000E+0	9.999416992E+3	3.640910000E+2
-2.003470000E-5	2.421450000E-6	5.181400000E+0	9.999416992E+3	3.674710000E+2
-2.007940000E-5	2.384200000E-6	5.169500000E+0	9.999416992E+3	3.695950000E+2
-2.008690000E-5	2.436350000E-6	5.158400000E+0	9.999416992E+3	3.722640000E+2
-2.000490000E-5	2.384200000E-6	5.147700000E+0	9.999416992E+3	3.739650000E+2
-2.012410000E-5	2.443800000E-6	5.136600000E+0	9.999416992E+3	3.761720000E+2
-2.007940000E-5	2.495960000E-6	5.123600000E+0	9.999416992E+3	3.789970000E+2
-2.001980000E-5	2.399100000E-6	5.112600000E+0	9.999416992E+3	3.815770000E+2
-1.998260000E-5	2.488510000E-6	5.100700000E+0	9.999416992E+3	3.833260000E+2
-2.005710000E-5	2.391650000E-6	5.090500000E+0	9.999416992E+3	3.858590000E+2
-2.001980000E-5	2.406550000E-6	5.080400000E+0	9.999416992E+3	3.876690000E+2
-1.962490000E-5	2.339500000E-6	5.068300000E+0	9.999416992E+3	3.896790000E+2
-1.994530000E-5	2.399100000E-6	5.055800000E+0	9.999416992E+3	3.925450000E+2
-1.994530000E-5	2.458710000E-6	5.043300000E+0	9.999416992E+3	3.944750000E+2
-1.997510000E-5	2.451260000E-6	5.030900000E+0	9.999416992E+3	3.974870000E+2
-1.999000000E-5	2.384200000E-6	5.020000000E+0	9.999416992E+3	3.996600000E+2
-1.996020000E-5	2.406550000E-6	5.006500000E+0	9.999416992E+3	4.021970000E+2
-1.992300000E-5	2.503410000E-6	4.996400000E+0	9.999416992E+3	4.040700000E+2
-1.998260000E-5	2.481060000E-6	4.985800000E+0	9.999416992E+3	4.065520000E+2
-2.004960000E-5	2.451260000E-6	4.974100000E+0	9.999416992E+3	4.090330000E+2
-2.009430000E-5	2.369300000E-6	4.961600000E+0	9.999416992E+3	4.109360000E+2
-2.004960000E-5	2.414000000E-6	4.951000000E+0	9.999416992E+3	4.138590000E+2
-2.010180000E-5	2.339500000E-6	4.939100000E+0	9.999416992E+3	4.156850000E+2
-2.007940000E-5	2.190490000E-6	4.928900000E+0	9.999416992E+3	4.171720000E+2
-2.012410000E-5	2.048920000E-6	4.918700000E+0	9.999416992E+3	4.202070000E+2
-2.022840000E-5	1.780700000E-6	4.907300000E+0	9.999416992E+3	4.223410000E+2
-2.024330000E-5	1.430520000E-6	4.896900000E+0	9.999416992E+3	4.240660000E+2
-2.052650000E-5	9.983850000E-7	4.885600000E+0	9.999416992E+3	4.267270000E+2
-2.062330000E-5	7.301610000E-7	4.875400000E+0	9.999416992E+3	4.287310000E+2
-2.079470000E-5	2.831240000E-7	4.865200000E+0	9.999416992E+3	4.306690000E+2
-2.115230000E-5	-2.607720000E-7	4.854300000E+0	9.999416992E+3	4.330060000E+2
-2.128640000E-5	-5.960500000E-7	4.842500000E+0	9.999416992E+3	4.351490000E+2
-2.147270000E-5	-1.020740000E-6	4.832500000E+0	9.999416992E+3	4.369100000E+2
-2.177070000E-5	-1.430520000E-6	4.821500000E+0	9.999416992E+3	4.398460000E+2
-2.207620000E-5	-1.765790000E-6	4.809400000E+0	9.999416992E+3	4.416850000E+2
-2.228480000E-5	-2.123430000E-6	4.799300000E+0	9.999416992E+3	4.436770000E+2
-2.268710000E-5	-2.637520000E-6	4.788000000E+0	9.999416992E+3	4.463640000E+2
-2.283610000E-5	-3.002600000E-6	4.775400000E+0	9.999416992E+3	4.480770000E+2
-2.331300000E-5	-3.449630000E-6	4.764600000E+0	9.999416992E+3	4.510170000E+2
-2.372280000E-5	-3.948840000E-6	4.753000000E+0	9.999416992E+3	4.533330000E+2
-2.396860000E-5	-4.388420000E-6	4.742700000E+0	9.999416992E+3	4.548270000E+2
-2.458700000E-5	-5.014270000E-6	4.730400000E+0	9.999416992E+3	4.578270000E+2
-2.500430000E-5	-5.453850000E-6	4.719700000E+0	9.999416992E+3	4.595990000E+2
-2.559290000E-5	-5.990300000E-6	4.708000000E+0	9.999416992E+3	4.620630000E+2
-2.603240000E-5	-6.467130000E-6	4.697600000E+0	9.999416992E+3	4.639990000E+2
-2.660610000E-5	-7.189840000E-6	4.686800000E+0	9.999416992E+3	4.659520000E+2
-2.750020000E-5	-7.838070000E-6	4.675400000E+0	9.999416992E+3	4.690110000E+2
-2.805900000E-5	-8.300000000E-6	4.662700000E+0	9.999416992E+3	4.707640000E+2
-2.907230000E-5	-9.119570000E-6	4.651400000E+0	9.999416992E+3	4.737090000E+2
-2.975770000E-5	-9.603860000E-6	4.640200000E+0	9.999416992E+3	4.755510000E+2
-3.097970000E-5	-1.042340000E-5	4.629100000E+0	9.999416992E+3	4.780040000E+2
-3.170990000E-5	-1.080340000E-5	4.617300000E+0	9.999416992E+3	4.799310000E+2
-3.286470000E-5	-1.146650000E-5	4.605800000E+0	9.999416992E+3	4.823780000E+2
-3.405680000E-5	-1.209240000E-5	4.595800000E+0	9.999416992E+3	4.847520000E+2
-3.483910000E-5	-1.251700000E-5	4.585600000E+0	9.999416992E+3	4.868870000E+2
-3.603870000E-5	-1.300130000E-5	4.573900000E+0	9.999416992E+3	4.886190000E+2
-3.741700000E-5	-1.361230000E-5	4.562300000E+0	9.999416992E+3	4.911560000E+2
-3.886990000E-5	-1.412640000E-5	4.552100000E+0	9.999416992E+3	4.934280000E+2
-4.014400000E-5	-1.452120000E-5	4.540100000E+0	9.999416992E+3	4.954670000E+2
-4.129880000E-5	-1.479690000E-5	4.529200000E+0	9.999416992E+3	4.983980000E+2
-4.173840000E-5	-1.478200000E-5	4.518400000E+0	9.999416992E+3	4.998390000E+2
-4.403320000E-5	-1.527380000E-5	4.505100000E+0	9.999416992E+3	5.028200000E+2
-4.556800000E-5	-1.539300000E-5	4.493800000E+0	9.999416992E+3	5.052760000E+2
-4.649190000E-5	-1.557930000E-5	4.483000000E+0	9.999416992E+3	5.065600000E+2
-4.864510000E-5	-1.574320000E-5	4.471100000E+0	9.999416992E+3	5.094250000E+2
-5.056730000E-5	-1.578790000E-5	4.458700000E+0	9.999416992E+3	5.118160000E+2
-5.282480000E-5	-1.579530000E-5	4.447500000E+0	9.999416992E+3	5.143030000E+2
-5.392010000E-5	-1.586990000E-5	4.436600000E+0	9.999416992E+3	5.162180000E+2
-5.572310000E-5	-1.581770000E-5	4.425300000E+0	9.999416992E+3	5.184710000E+2
-5.742930000E-5	-1.581020000E-5	4.414000000E+0	9.999416992E+3	5.210090000E+2
-5.904610000E-5	-1.573570000E-5	4.402100000E+0	9.999416992E+3	5.230150000E+2
-6.094600000E-5	-1.565380000E-5	4.390400000E+0	9.999416992E+3	5.258210000E+2
-6.239160000E-5	-1.548990000E-5	4.377600000E+0	9.999416992E+3	5.278150000E+2
-6.460450000E-5	-1.535580000E-5	4.364600000E+0	9.999416992E+3	5.308030000E+2
-6.612440000E-5	-1.522160000E-5	4.353800000E+0	9.999416992E+3	5.330050000E+2
-6.739100000E-5	-1.505770000E-5	4.342200000E+0	9.999416992E+3	5.346200000E+2
-6.929090000E-5	-1.464040000E-5	4.330100000E+0	9.999416992E+3	5.375490000E+2
-7.090760000E-5	-1.443180000E-5	4.319900000E+0	9.999416992E+3	5.398360000E+2
-7.213700000E-5	-1.423810000E-5	4.307700000E+0	9.999416992E+3	5.418140000E+2
-7.379100000E-5	-1.394010000E-5	4.296000000E+0	9.999416992E+3	5.443870000E+2
-7.532580000E-5	-1.353780000E-5	4.285200000E+0	9.999416992E+3	5.466570000E+2
-7.665200000E-5	-1.328440000E-5	4.272700000E+0	9.999416992E+3	5.492070000E+2
-7.795590000E-5	-1.302370000E-5	4.261800000E+0	9.999416992E+3	5.511610000E+2
-7.911070000E-5	-1.274060000E-5	4.251300000E+0	9.999416992E+3	5.534290000E+2
-8.045180000E-5	-1.240530000E-5	4.239600000E+0	9.999416992E+3	5.559920000E+2
-8.170350000E-5	-1.215200000E-5	4.229400000E+0	9.999416992E+3	5.580770000E+2
-8.298500000E-5	-1.183160000E-5	4.218800000E+0	9.999416992E+3	5.602500000E+2
-8.385680000E-5	-1.158570000E-5	4.204500000E+0	9.999416992E+3	5.621900000E+2
-8.544370000E-5	-1.123550000E-5	4.193700000E+0	9.999416992E+3	5.652990000E+2
-8.641230000E-5	-1.090030000E-5	4.183600000E+0	9.999416992E+3	5.670000000E+2
-8.754480000E-5	-1.066180000E-5	4.172700000E+0	9.999416992E+3	5.696200000E+2
-8.846120000E-5	-1.041600000E-5	4.160700000E+0	9.999416992E+3	5.714240000E+2
-8.962350000E-5	-1.002850000E-5	4.149600000E+0	9.999416992E+3	5.738500000E+2
-9.047290000E-5	-9.805020000E-6	4.138500000E+0	9.999416992E+3	5.758720000E+2
-9.153830000E-5	-9.507000000E-6	4.127000000E+0	9.999416992E+3	5.782010000E+2
-9.236530000E-5	-9.305830000E-6	4.115500000E+0	9.999416992E+3	5.801920000E+2
-9.349040000E-5	-8.978010000E-6	4.102900000E+0	9.999416992E+3	5.835230000E+2
-9.443660000E-5	-8.724690000E-6	4.088600000E+0	9.999416992E+3	5.856470000E+2
-9.538280000E-5	-8.389410000E-6	4.078500000E+0	9.999416992E+3	5.879560000E+2
-9.598630000E-5	-8.247850000E-6	4.067200000E+0	9.999416992E+3	5.899460000E+2
-9.718580000E-5	-7.920030000E-6	4.055200000E+0	9.999416992E+3	5.930520000E+2
-9.770740000E-5	-7.703960000E-6	4.044300000E+0	9.999416992E+3	5.947800000E+2
-9.862380000E-5	-7.480410000E-6	4.033100000E+0	9.999416992E+3	5.971250000E+2
-9.927200000E-5	-7.346300000E-6	4.022500000E+0	9.999416992E+3	5.990180000E+2
-1.001210000E-4	-7.085530000E-6	4.010800000E+0	9.999416992E+3	6.019740000E+2
-1.006650000E-4	-6.891820000E-6	3.999700000E+0	9.999416992E+3	6.034160000E+2
-1.014250000E-4	-6.720450000E-6	3.988200000E+0	9.999416992E+3	6.061800000E+2
-1.018500000E-4	-6.571440000E-6	3.978000000E+0	9.999416992E+3	6.077910000E+2
-1.026250000E-4	-6.325570000E-6	3.966400000E+0	9.999416992E+3	6.103180000E+2
-1.032430000E-4	-6.057350000E-6	3.954400000E+0	9.999416992E+3	6.129660000E+2
-1.038320000E-4	-5.923240000E-6	3.942100000E+0	9.999416992E+3	6.146320000E+2
-1.045470000E-4	-5.684820000E-6	3.930900000E+0	9.999416992E+3	6.175200000E+2
-1.051650000E-4	-5.550710000E-6	3.919600000E+0	9.999416992E+3	6.197820000E+2
-1.058880000E-4	-5.357000000E-6	3.908700000E+0	9.999416992E+3	6.224190000E+2
-1.062460000E-4	-5.193080000E-6	3.898300000E+0	9.999416992E+3	6.239270000E+2
-1.068270000E-4	-5.088780000E-6	3.886500000E+0	9.999416992E+3	6.266180000E+2
-1.071770000E-4	-4.880160000E-6	3.874300000E+0	9.999416992E+3	6.286190000E+2
-1.078180000E-4	-4.746050000E-6	3.864100000E+0	9.999416992E+3	6.306000000E+2
-1.083020000E-4	-4.597040000E-6	3.853100000E+0	9.999416992E+3	6.330250000E+2
-1.088090000E-4	-4.410770000E-6	3.840300000E+0	9.999416992E+3	6.359250000E+2
-1.093300000E-4	-4.291560000E-6	3.828300000E+0	9.999416992E+3	6.379080000E+2
-1.098520000E-4	-4.112750000E-6	3.816200000E+0	9.999416992E+3	6.402580000E+2
-1.103810000E-4	-3.963740000E-6	3.803900000E+0	9.999416992E+3	6.430950000E+2
-1.107760000E-4	-3.874330000E-6	3.792900000E+0	9.999416992E+3	6.451010000E+2
-1.112080000E-4	-3.688050000E-6	3.778400000E+0	9.999416992E+3	6.476260000E+2
-1.116920000E-4	-3.524140000E-6	3.766500000E+0	9.999416992E+3	6.505190000E+2
-1.120720000E-4	-3.337870000E-6	3.754800000E+0	9.999416992E+3	6.524640000E+2
-1.123630000E-4	-3.263370000E-6	3.741400000E+0	9.999416992E+3	6.553620000E+2
-1.129740000E-4	-3.024950000E-6	3.730400000E+0	9.999416992E+3	6.578810000E+2
-1.134360000E-4	-3.010050000E-6	3.717100000E+0	9.999416992E+3	6.601580000E+2
-1.136370000E-4	-2.861040000E-6	3.706000000E+0	9.999416992E+3	6.621890000E+2
-1.140690000E-4	-2.712030000E-6	3.691400000E+0	9.999416992E+3	6.651930000E+2
-1.145460000E-4	-2.644970000E-6	3.678400000E+0	9.999416992E+3	6.681270000E+2
-1.149480000E-4	-2.555560000E-6	3.666400000E+0	9.999416992E+3	6.703350000E+2
-1.151940000E-4	-2.481060000E-6	3.656200000E+0	9.999416992E+3	6.722620000E+2
-1.155220000E-4	-2.309690000E-6	3.646100000E+0	9.999416992E+3	6.742600000E+2
-1.158500000E-4	-2.257540000E-6	3.635700000E+0	9.999416992E+3	6.766740000E+2
-1.162070000E-4	-2.197940000E-6	3.624300000E+0	9.999416992E+3	6.786770000E+2
-1.165500000E-4	-2.093630000E-6	3.611900000E+0	9.999416992E+3	6.811040000E+2
-1.169220000E-4	-1.952070000E-6	3.599600000E+0	9.999416992E+3	6.842950000E+2
-1.171680000E-4	-1.892450000E-6	3.587500000E+0	9.999416992E+3	6.864460000E+2
-1.174510000E-4	-1.847750000E-6	3.576600000E+0	9.999416992E+3	6.885280000E+2
-1.177870000E-4	-1.728540000E-6	3.563000000E+0	9.999416992E+3	6.912430000E+2
-1.180920000E-4	-1.631680000E-6	3.550600000E+0	9.999416992E+3	6.942940000E+2
-1.184350000E-4	-1.572080000E-6	3.539900000E+0	9.999416992E+3	6.964870000E+2
-1.186510000E-4	-1.467770000E-6	3.523700000E+0	9.999416992E+3	6.995980000E+2
-1.189790000E-4	-1.363460000E-6	3.511400000E+0	9.999416992E+3	7.028580000E+2
-1.192690000E-4	-1.296410000E-6	3.498200000E+0	9.999416992E+3	7.049450000E+2
-1.195970000E-4	-1.207000000E-6	3.485700000E+0	9.999416992E+3	7.081400000E+2
-1.197980000E-4	-1.102690000E-6	3.472300000E+0	9.999416992E+3	7.102700000E+2
-1.200810000E-4	-1.102690000E-6	3.458800000E+0	9.999416992E+3	7.133270000E+2
-1.203650000E-4	-9.909340000E-7	3.447900000E+0	9.999416992E+3	7.166090000E+2
-1.206780000E-4	-9.462270000E-7	3.430700000E+0	9.999416992E+3	7.187130000E+2
-1.208710000E-4	-8.121170000E-7	3.414200000E+0	9.999416992E+3	7.229270000E+2
-1.212590000E-4	-7.003580000E-7	3.402400000E+0	9.999416992E+3	7.250510000E+2
-1.214150000E-4	-6.854570000E-7	3.391600000E+0	9.999416992E+3	7.283130000E+2
-1.216090000E-4	-5.736980000E-7	3.376800000E+0	9.999416992E+3	7.303930000E+2
-1.219140000E-4	-5.513470000E-7	3.364400000E+0	9.999416992E+3	7.335850000E+2
-1.221310000E-4	-5.066430000E-7	3.352800000E+0	9.999416992E+3	7.357570000E+2
-1.222870000E-4	-4.097840000E-7	3.337200000E+0	9.999416992E+3	7.389460000E+2
-1.225110000E-4	-3.799810000E-7	3.325700000E+0	9.999416992E+3	7.421330000E+2
-1.226750000E-4	-2.980250000E-7	3.311600000E+0	9.999416992E+3	7.442910000E+2
-1.228540000E-4	-3.129260000E-7	3.301400000E+0	9.999416992E+3	7.473540000E+2
-1.230400000E-4	-1.713640000E-7	3.285300000E+0	9.999416992E+3	7.494630000E+2
-1.231590000E-4	-8.195680000E-8	3.271800000E+0	9.999416992E+3	7.530680000E+2
-1.231740000E-4	-7.450640000E-9	3.259400000E+0	9.999416992E+3	7.552220000E+2
-1.236880000E-4	-5.215430000E-8	3.245400000E+0	9.999416992E+3	7.589050000E+2
-1.239190000E-4	6.705570000E-8	3.230500000E+0	9.999416992E+3	7.610570000E+2
-1.240900000E-4	5.960510000E-8	3.219200000E+0	9.999416992E+3	7.643490000E+2
-1.241800000E-4	1.490130000E-7	3.206500000E+0	9.999416992E+3	7.664350000E+2
-1.244480000E-4	1.490130000E-7	3.191400000E+0	9.999416992E+3	7.699660000E+2
-1.245600000E-4	1.713640000E-7	3.180100000E+0	9.999416992E+3	7.720820000E+2
-1.247760000E-4	2.533220000E-7	3.166000000E+0	9.999416992E+3	7.758470000E+2
-1.249100000E-4	2.756730000E-7	3.151000000E+0	9.999416992E+3	7.779990000E+2
-1.250960000E-4	3.054760000E-7	3.138600000E+0	9.999416992E+3	7.810830000E+2
-1.252600000E-4	3.799810000E-7	3.127500000E+0	9.999416992E+3	7.832000000E+2
-1.254090000E-4	4.097840000E-7	3.114700000E+0	9.999416992E+3	7.863750000E+2
-1.255730000E-4	5.289950000E-7	3.100100000E+0	9.999416992E+3	7.885560000E+2
-1.257000000E-4	4.917420000E-7	3.088500000E+0	9.999416992E+3	7.915970000E+2
-1.258860000E-4	5.811490000E-7	3.078400000E+0	9.999416992E+3	7.937560000E+2
-1.258930000E-4	4.991930000E-7	3.067200000E+0	9.999416992E+3	7.962940000E+2
-1.260720000E-4	6.631050000E-7	3.053900000E+0	9.999416992E+3	7.984100000E+2
-1.253640000E-4	1.169750000E-6	3.038200000E+0	9.999416992E+3	8.018420000E+2
-1.258340000E-4	1.020740000E-6	3.027000000E+0	9.999416992E+3	8.046280000E+2
-1.261690000E-4	8.493700000E-7	3.012100000E+0	9.999416992E+3	8.077050000E+2
-1.262360000E-4	8.270180000E-7	3.001400000E+0	9.999416992E+3	8.098530000E+2
-1.264970000E-4	8.121170000E-7	2.983500000E+0	9.999416992E+3	8.130840000E+2
-1.266910000E-4	9.089740000E-7	2.969500000E+0	9.999416992E+3	8.166560000E+2
-1.267650000E-4	8.866230000E-7	2.959400000E+0	9.999416992E+3	8.187730000E+2
-1.268770000E-4	9.909340000E-7	2.944600000E+0	9.999416992E+3	8.220000000E+2
-1.267280000E-4	9.313260000E-7	2.934400000E+0	9.999416992E+3	8.241600000E+2
-1.270850000E-4	1.087790000E-6	2.920900000E+0	9.999416992E+3	8.267600000E+2
-1.272420000E-4	1.147400000E-6	2.908700000E+0	9.999416992E+3	8.300010000E+2
-1.273690000E-4	1.184650000E-6	2.896300000E+0	9.999416992E+3	8.321190000E+2
-1.274130000E-4	1.102690000E-6	2.885200000E+0	9.999416992E+3	8.343250000E+2
-1.273460000E-4	1.177200000E-6	2.874000000E+0	9.999416992E+3	8.367840000E+2
-1.276220000E-4	1.326210000E-6	2.859000000E+0	9.999416992E+3	8.400380000E+2
-1.276890000E-4	1.385820000E-6	2.841900000E+0	9.999416992E+3	8.437750000E+2
-1.279200000E-4	1.423070000E-6	2.830200000E+0	9.999416992E+3	8.458550000E+2
-1.241130000E-4	-2.741830000E-6	2.815800000E+0	9.999416992E+3	8.490630000E+2
-1.282030000E-4	1.356010000E-6	2.804800000E+0	9.999416992E+3	8.512330000E+2
-1.283220000E-4	1.341110000E-6	2.794300000E+0	9.999416992E+3	8.537060000E+2
-1.284860000E-4	1.348560000E-6	2.783000000E+0	9.999416992E+3	8.558500000E+2
-1.285460000E-4	1.437970000E-6	2.768200000E+0	9.999416992E+3	8.590610000E+2
-1.287250000E-4	1.393270000E-6	2.755200000E+0	9.999416992E+3	8.622680000E+2
-1.283600000E-4	1.594430000E-6	2.743600000E+0	9.999416992E+3	8.644330000E+2
-1.286500000E-4	1.579530000E-6	2.730900000E+0	9.999416992E+3	8.675870000E+2
-1.289180000E-4	1.579530000E-6	2.718500000E+0	9.999416992E+3	8.697780000E+2
-1.290970000E-4	1.572080000E-6	2.705100000E+0	9.999416992E+3	8.729370000E+2
-1.292090000E-4	1.579530000E-6	2.694300000E+0	9.999416992E+3	8.750970000E+2
-1.291790000E-4	1.512480000E-6	2.683200000E+0	9.999416992E+3	8.771840000E+2
-1.292980000E-4	1.579530000E-6	2.665600000E+0	9.999416992E+3	8.809580000E+2
-1.294700000E-4	1.594430000E-6	2.651600000E+0	9.999416992E+3	8.841160000E+2
-1.294770000E-4	1.646590000E-6	2.641500000E+0	9.999416992E+3	8.863490000E+2
-1.295370000E-4	1.624230000E-6	2.631300000E+0	9.999416992E+3	8.883730000E+2
-1.296110000E-4	1.654040000E-6	2.619900000E+0	9.999416992E+3	8.905200000E+2
-1.297600000E-4	1.668940000E-6	2.604400000E+0	9.999416992E+3	8.941270000E+2
-1.297970000E-4	1.706190000E-6	2.593400000E+0	9.999416992E+3	8.962450000E+2
-1.299320000E-4	1.750890000E-6	2.579100000E+0	9.999416992E+3	8.994740000E+2
-1.299690000E-4	1.706190000E-6	2.565700000E+0	9.999416992E+3	9.026500000E+2
-1.300140000E-4	1.758340000E-6	2.553200000E+0	9.999416992E+3	9.047610000E+2
-1.300960000E-4	1.750890000E-6	2.540400000E+0	9.999416992E+3	9.079770000E+2
-1.301100000E-4	1.728540000E-6	2.526700000E+0	9.999416992E+3	9.101340000E+2
-1.302220000E-4	1.803050000E-6	2.511200000E+0	9.999416992E+3	9.138260000E+2
-1.302820000E-4	1.817950000E-6	2.500600000E+0	9.999416992E+3	9.166740000E+2
-1.304080000E-4	1.855200000E-6	2.483900000E+0	9.999416992E+3	9.192130000E+2
-1.305280000E-4	1.803050000E-6	2.470400000E+0	9.999416992E+3	9.223720000E+2
-1.305430000E-4	1.899910000E-6	2.457700000E+0	9.999416992E+3	9.254510000E+2
-1.305800000E-4	1.892450000E-6	2.444600000E+0	9.999416992E+3	9.276830000E+2
-1.306620000E-4	1.877550000E-6	2.434200000E+0	9.999416992E+3	9.301240000E+2
-1.306920000E-4	1.780700000E-6	2.422600000E+0	9.999416992E+3	9.323070000E+2
-1.308110000E-4	1.907360000E-6	2.407600000E+0	9.999416992E+3	9.355260000E+2
-1.309080000E-4	1.899910000E-6	2.394900000E+0	9.999416992E+3	9.387210000E+2
-1.309820000E-4	1.959520000E-6	2.383900000E+0	9.999416992E+3	9.407820000E+2
-1.310190000E-4	1.966970000E-6	2.373000000E+0	9.999416992E+3	9.429670000E+2
-1.310860000E-4	2.004220000E-6	2.357100000E+0	9.999416992E+3	9.461560000E+2
-1.311310000E-4	1.959520000E-6	2.340400000E+0	9.999416992E+3	9.498720000E+2
-1.305570000E-4	2.458710000E-6	2.328600000E+0	9.999416992E+3	9.529970000E+2
-1.304750000E-4	2.525760000E-6	2.314100000E+0	9.999416992E+3	9.550510000E+2
-1.305950000E-4	2.525760000E-6	2.302800000E+0	9.999416992E+3	9.583460000E+2
-1.306990000E-4	2.533210000E-6	2.290000000E+0	9.999416992E+3	9.604580000E+2
-1.309080000E-4	2.391650000E-6	2.278400000E+0	9.999416992E+3	9.635740000E+2
-1.310790000E-4	2.406550000E-6	2.263500000E+0	9.999416992E+3	9.657390000E+2
-1.311160000E-4	2.339500000E-6	2.253300000E+0	9.999416992E+3	9.689650000E+2
-1.312210000E-4	2.406550000E-6	2.237400000E+0	9.999416992E+3	9.710810000E+2
-1.313620000E-4	2.309690000E-6	2.226100000E+0	9.999416992E+3	9.741370000E+2
-1.313990000E-4	2.339500000E-6	2.215400000E+0	9.999416992E+3	9.762770000E+2
-1.314440000E-4	2.346950000E-6	2.199700000E+0	9.999416992E+3	9.794550000E+2
-1.315560000E-4	2.332050000E-6	2.187800000E+0	9.999416992E+3	9.826780000E+2
-1.316080000E-4	2.354400000E-6	2.174600000E+0	9.999416992E+3	9.848190000E+2
-1.315190000E-4	2.235190000E-6	2.162600000E+0	9.999416992E+3	9.880520000E+2
-1.316230000E-4	2.272440000E-6	2.149000000E+0	9.999416992E+3	9.901410000E+2
-1.316150000E-4	2.272440000E-6	2.136400000E+0	9.999416992E+3	9.933600000E+2
-1.316300000E-4	2.332050000E-6	2.124300000E+0	9.999416992E+3	9.954910000E+2
-1.318390000E-4	2.339500000E-6	2.110700000E+0	9.999416992E+3	9.986370000E+2
-1.317420000E-4	2.399100000E-6	2.100100000E+0	9.999416992E+3	1.000825000E+3
-1.318460000E-4	2.361850000E-6	2.085200000E+0	9.999416992E+3	1.003990000E+3
-1.320250000E-4	2.294790000E-6	2.071700000E+0	9.999416992E+3	1.007195000E+3
-1.321520000E-4	2.399100000E-6	2.058400000E+0	9.999416992E+3	1.009357000E+3
-1.321220000E-4	2.279890000E-6	2.045800000E+0	9.999416992E+3	1.012605000E+3
-1.321520000E-4	2.406550000E-6	2.033700000E+0	9.999416992E+3	1.014665000E+3
-1.323160000E-4	2.391650000E-6	2.019200000E+0	9.999416992E+3	1.017880000E+3
-1.323750000E-4	2.421450000E-6	2.007200000E+0	9.999416992E+3	1.021070000E+3
-1.324950000E-4	2.451260000E-6	1.996000000E+0	9.999416992E+3	1.023189000E+3
-1.324570000E-4	2.428900000E-6	2.009400000E+0	9.999416992E+3	1.149110000E+3
-1.323980000E-4	2.399100000E-6	2.019500000E+0	9.999416992E+3	1.150687000E+3
-1.322340000E-4	2.361850000E-6	2.032700000E+0	9.999416992E+3	1.153446000E+3
-1.322790000E-4	2.406550000E-6	2.043700000E+0	9.999416992E+3	1.155862000E+3
-1.321890000E-4	2.391650000E-6	2.054000000E+0	9.999416992E+3	1.157852000E+3
-1.322110000E-4	2.339500000E-6	2.064900000E+0	9.999416992E+3	1.159874000E+3
-1.321520000E-4	2.443800000E-6	2.076000000E+0	9.999416992E+3	1.162388000E+3
-1.322110000E-4	2.421450000E-6	2.087000000E+0	9.999416992E+3	1.164142000E+3
-1.321300000E-4	2.354400000E-6	2.099300000E+0	9.999416992E+3	1.166957000E+3
-1.321000000E-4	2.361850000E-6	2.109800000E+0	9.999416992E+3	1.169169000E+3
-1.320700000E-4	2.287340000E-6	2.121300000E+0	9.999416992E+3	1.171376000E+3
-1.320250000E-4	2.324600000E-6	2.131500000E+0	9.999416992E+3	1.173378000E+3
-1.319730000E-4	2.384200000E-6	2.141600000E+0	9.999416992E+3	1.175359000E+3
-1.318020000E-4	2.205390000E-6	2.152300000E+0	9.999416992E+3	1.177734000E+3
-1.318690000E-4	2.332050000E-6	2.163800000E+0	9.999416992E+3	1.179974000E+3
-1.318240000E-4	2.302240000E-6	2.175100000E+0	9.999416992E+3	1.181961000E+3
-1.317790000E-4	2.250090000E-6	2.186600000E+0	9.999416992E+3	1.184768000E+3
-1.317940000E-4	2.346950000E-6	2.197100000E+0	9.999416992E+3	1.186232000E+3
-1.317570000E-4	2.250090000E-6	2.208900000E+0	9.999416992E+3	1.189046000E+3
-1.316150000E-4	2.212840000E-6	2.219600000E+0	9.999416992E+3	1.191025000E+3
-1.315410000E-4	2.197940000E-6	2.230200000E+0	9.999416992E+3	1.193459000E+3
-1.315260000E-4	2.145780000E-6	2.241500000E+0	9.999416992E+3	1.195362000E+3
-1.314740000E-4	2.220290000E-6	2.252600000E+0	9.999416992E+3	1.197877000E+3
-1.314220000E-4	2.153230000E-6	2.264500000E+0	9.999416992E+3	1.200042000E+3
-1.314960000E-4	2.160680000E-6	2.274800000E+0	9.999416992E+3	1.201987000E+3
-1.314520000E-4	2.160680000E-6	2.285200000E+0	9.999416992E+3	1.204405000E+3
-1.314140000E-4	2.205390000E-6	2.296600000E+0	9.999416992E+3	1.206483000E+3
-1.314140000E-4	2.212840000E-6	2.307500000E+0	9.999416992E+3	1.208486000E+3
-1.313030000E-4	2.197940000E-6	2.317800000E+0	9.999416992E+3	1.210814000E+3
-1.312650000E-4	2.160680000E-6	2.330500000E+0	9.999416992E+3	1.213197000E+3
-1.312060000E-4	2.212840000E-6	2.341600000E+0	9.999416992E+3	1.215636000E+3
-1.311390000E-4	2.138330000E-6	2.352300000E+0	9.999416992E+3	1.217738000E+3
-1.311830000E-4	2.086180000E-6	2.363800000E+0	9.999416992E+3	1.219831000E+3
-1.308930000E-4	2.108530000E-6	2.376600000E+0	9.999416992E+3	1.222617000E+3
-1.309150000E-4	2.086180000E-6	2.387400000E+0	9.999416992E+3	1.224400000E+3
-1.309520000E-4	2.026570000E-6	2.397900000E+0	9.999416992E+3	1.227073000E+3
-1.309000000E-4	1.989320000E-6	2.408600000E+0	9.999416992E+3	1.228557000E+3
-1.308550000E-4	2.026570000E-6	2.418800000E+0	9.999416992E+3	1.230904000E+3
-1.307590000E-4	2.048920000E-6	2.430000000E+0	9.999416992E+3	1.232956000E+3
-1.306990000E-4	2.004220000E-6	2.440900000E+0	9.999416992E+3	1.235583000E+3
-1.306620000E-4	1.944620000E-6	2.451600000E+0	9.999416992E+3	1.237204000E+3
-1.306320000E-4	1.981870000E-6	2.462100000E+0	9.999416992E+3	1.239736000E+3
-1.305570000E-4	1.937170000E-6	2.472200000E+0	9.999416992E+3	1.241283000E+3
-1.305430000E-4	1.907360000E-6	2.483500000E+0	9.999416992E+3	1.244081000E+3
-1.304530000E-4	1.952070000E-6	2.495000000E+0	9.999416992E+3	1.245890000E+3
-1.303340000E-4	1.959520000E-6	2.506500000E+0	9.999416992E+3	1.248680000E+3
-1.303260000E-4	1.877550000E-6	2.516800000E+0	9.999416992E+3	1.250360000E+3
-1.302300000E-4	1.899910000E-6	2.527500000E+0	9.999416992E+3	1.252940000E+3
-1.301700000E-4	1.862650000E-6	2.537500000E+0	9.999416992E+3	1.254648000E+3
-1.301550000E-4	1.862650000E-6	2.548600000E+0	9.999416992E+3	1.256612000E+3
-1.299840000E-4	1.832850000E-6	2.558700000E+0	9.999416992E+3	1.259005000E+3
-1.298570000E-4	1.773250000E-6	2.570800000E+0	9.999416992E+3	1.261039000E+3
-1.298790000E-4	1.735990000E-6	2.582200000E+0	9.999416992E+3	1.263815000E+3
-1.297970000E-4	1.773250000E-6	2.593200000E+0	9.999416992E+3	1.266139000E+3
-1.297600000E-4	1.676390000E-6	2.603900000E+0	9.999416992E+3	1.268155000E+3
-1.297900000E-4	1.758340000E-6	2.614800000E+0	9.999416992E+3	1.269721000E+3
-1.295220000E-4	1.698740000E-6	2.628800000E+0	9.999416992E+3	1.272838000E+3
-1.295810000E-4	1.646590000E-6	2.641300000E+0	9.999416992E+3	1.275565000E+3
-1.294400000E-4	1.654040000E-6	2.653100000E+0	9.999416992E+3	1.277985000E+3
-1.294620000E-4	1.616780000E-6	2.663900000E+0	9.999416992E+3	1.279963000E+3
-1.293650000E-4	1.579530000E-6	2.674500000E+0	9.999416992E+3	1.281979000E+3
-1.291420000E-4	1.482670000E-6	2.684900000E+0	9.999416992E+3	1.284498000E+3
-1.290820000E-4	1.579530000E-6	2.696000000E+0	9.999416992E+3	1.286227000E+3
-1.290970000E-4	1.519930000E-6	2.706400000E+0	9.999416992E+3	1.288214000E+3
-1.290450000E-4	1.579530000E-6	2.719000000E+0	9.999416992E+3	1.291314000E+3
-1.289180000E-4	1.557180000E-6	2.732700000E+0	9.999416992E+3	1.293738000E+3
-1.288890000E-4	1.527380000E-6	2.744000000E+0	9.999416992E+3	1.295741000E+3
-1.288590000E-4	1.467770000E-6	2.754200000E+0	9.999416992E+3	1.298131000E+3
-1.287620000E-4	1.512480000E-6	2.765200000E+0	9.999416992E+3	1.300087000E+3
-1.286500000E-4	1.408170000E-6	2.775400000E+0	9.999416992E+3	1.302309000E+3
-1.285760000E-4	1.467770000E-6	2.786800000E+0	9.999416992E+3	1.304630000E+3
-1.285090000E-4	1.423070000E-6	2.797700000E+0	9.999416992E+3	1.306248000E+3
-1.283450000E-4	1.333660000E-6	2.807700000E+0	9.999416992E+3	1.308955000E+3
-1.281580000E-4	1.363460000E-6	2.818700000E+0	9.999416992E+3	1.310955000E+3
-1.281430000E-4	1.266610000E-6	2.829100000E+0	9.999416992E+3	1.312907000E+3
-1.281290000E-4	1.393270000E-6	2.839800000E+0	9.999416992E+3	1.315341000E+3
-1.281290000E-4	1.370910000E-6	2.851900000E+0	9.999416992E+3	1.317560000E+3
-1.279940000E-4	1.303860000E-6	2.862500000E+0	9.999416992E+3	1.319485000E+3
-1.277490000E-4	1.274060000E-6	2.875400000E+0	9.999416992E+3	1.322416000E+3
-1.273240000E-4	1.199550000E-6	2.886500000E+0	9.999416992E+3	1.324430000E+3
-1.273760000E-4	1.311310000E-6	2.896700000E+0	9.999416992E+3	1.326922000E+3
-1.272570000E-4	1.139950000E-6	2.907600000E+0	9.999416992E+3	1.328535000E+3
-1.272720000E-4	1.139950000E-6	2.918000000E+0	9.999416992E+3	1.331238000E+3
-1.273090000E-4	1.095240000E-6	2.928700000E+0	9.999416992E+3	1.332645000E+3
-1.271820000E-4	1.184650000E-6	2.940400000E+0	9.999416992E+3	1.335437000E+3
-1.271750000E-4	1.125040000E-6	2.950900000E+0	9.999416992E+3	1.337057000E+3
-1.270850000E-4	1.117590000E-6	2.962500000E+0	9.999416992E+3	1.339975000E+3
-1.269070000E-4	9.834840000E-7	2.974300000E+0	9.999416992E+3	1.341754000E+3
-1.268100000E-4	9.909340000E-7	2.985600000E+0	9.999416992E+3	1.344575000E+3
-1.267870000E-4	9.685830000E-7	2.996100000E+0	9.999416992E+3	1.346163000E+3
-1.264970000E-4	9.238760000E-7	3.007000000E+0	9.999416992E+3	1.348704000E+3
-1.265640000E-4	9.164250000E-7	3.017700000E+0	9.999416992E+3	1.351084000E+3
-1.263850000E-4	8.866230000E-7	3.028500000E+0	9.999416992E+3	1.352652000E+3
-1.263400000E-4	8.866230000E-7	3.038700000E+0	9.999416992E+3	1.355068000E+3
-1.262360000E-4	8.419190000E-7	3.048700000E+0	9.999416992E+3	1.356848000E+3
-1.258710000E-4	7.674130000E-7	3.058900000E+0	9.999416992E+3	1.358786000E+3
-1.257520000E-4	6.035010000E-7	3.072000000E+0	9.999416992E+3	1.361728000E+3
-1.257670000E-4	6.929080000E-7	3.083100000E+0	9.999416992E+3	1.363711000E+3
-1.256850000E-4	7.078090000E-7	3.093700000E+0	9.999416992E+3	1.366301000E+3
-1.256400000E-4	6.333030000E-7	3.106600000E+0	9.999416992E+3	1.368369000E+3
-1.255060000E-4	6.482040000E-7	3.116800000E+0	9.999416992E+3	1.370828000E+3
-1.254020000E-4	5.886000000E-7	3.128500000E+0	9.999416992E+3	1.372854000E+3
-1.252150000E-4	5.066430000E-7	3.138700000E+0	9.999416992E+3	1.374794000E+3
-1.250660000E-4	4.917420000E-7	3.149500000E+0	9.999416992E+3	1.377265000E+3
-1.249250000E-4	4.768410000E-7	3.160100000E+0	9.999416992E+3	1.379186000E+3
-1.248280000E-4	4.321350000E-7	3.172900000E+0	9.999416992E+3	1.381666000E+3
-1.246860000E-4	4.470370000E-7	3.184300000E+0	9.999416992E+3	1.384252000E+3
-1.245150000E-4	3.799810000E-7	3.196400000E+0	9.999416992E+3	1.386237000E+3
-1.244180000E-4	2.980250000E-7	3.207200000E+0	9.999416992E+3	1.388649000E+3
-1.242840000E-4	2.533220000E-7	3.218000000E+0	9.999416992E+3	1.390660000E+3
-1.241130000E-4	2.384200000E-7	3.229000000E+0	9.999416992E+3	1.393320000E+3
-1.240160000E-4	2.086170000E-7	3.240700000E+0	9.999416992E+3	1.395396000E+3
-1.238520000E-4	1.415620000E-7	3.253800000E+0	9.999416992E+3	1.397769000E+3
-1.235990000E-4	9.685800000E-8	3.264600000E+0	9.999416992E+3	1.400167000E+3
-1.235460000E-4	3.725310000E-8	3.275000000E+0	9.999416992E+3	1.402110000E+3
-1.232340000E-4	5.960510000E-8	3.287800000E+0	9.999416992E+3	1.404916000E+3
-1.231440000E-4	-5.960510000E-8	3.298900000E+0	9.999416992E+3	1.407103000E+3
-1.229880000E-4	-4.470370000E-8	3.309200000E+0	9.999416992E+3	1.409063000E+3
-1.228390000E-4	-1.192100000E-7	3.320900000E+0	9.999416992E+3	1.411183000E+3
-1.225930000E-4	-1.564630000E-7	3.332200000E+0	9.999416992E+3	1.413983000E+3
-1.224880000E-4	-2.607720000E-7	3.342600000E+0	9.999416992E+3	1.415744000E+3
-1.222580000E-4	-2.980250000E-7	3.353500000E+0	9.999416992E+3	1.418162000E+3
-1.221160000E-4	-3.203770000E-7	3.365800000E+0	9.999416992E+3	1.419747000E+3
-1.218920000E-4	-4.172340000E-7	3.376300000E+0	9.999416992E+3	1.422656000E+3
-1.217650000E-4	-4.470370000E-7	3.387100000E+0	9.999416992E+3	1.424317000E+3
-1.214600000E-4	-4.693880000E-7	3.399500000E+0	9.999416992E+3	1.427059000E+3
-1.212590000E-4	-5.662480000E-7	3.410300000E+0	9.999416992E+3	1.429493000E+3
-1.211390000E-4	-6.184020000E-7	3.421100000E+0	9.999416992E+3	1.430637000E+3
-1.209230000E-4	-7.003580000E-7	3.432500000E+0	9.999416992E+3	1.434001000E+3
-1.207450000E-4	-7.301610000E-7	3.444600000E+0	9.999416992E+3	1.435623000E+3
-1.205290000E-4	-8.270180000E-7	3.454600000E+0	9.999416992E+3	1.438035000E+3
-1.202160000E-4	-8.344690000E-7	3.465600000E+0	9.999416992E+3	1.440602000E+3
-1.201190000E-4	-8.791720000E-7	3.476700000E+0	9.999416992E+3	1.442257000E+3
-1.198060000E-4	-9.760330000E-7	3.486800000E+0	9.999416992E+3	1.444662000E+3
-1.196270000E-4	-1.050540000E-6	3.497700000E+0	9.999416992E+3	1.446673000E+3
-1.189940000E-4	-7.748640000E-7	3.510000000E+0	9.999416992E+3	1.449054000E+3
-1.184350000E-4	-7.227100000E-7	3.520500000E+0	9.999416992E+3	1.451056000E+3
-1.180700000E-4	-8.940730000E-7	3.531500000E+0	9.999416992E+3	1.453988000E+3
-1.178390000E-4	-9.685830000E-7	3.543000000E+0	9.999416992E+3	1.455983000E+3
-1.177050000E-4	-1.154850000E-6	3.553600000E+0	9.999416992E+3	1.457649000E+3
-1.175480000E-4	-1.274060000E-6	3.564200000E+0	9.999416992E+3	1.460141000E+3
-1.173470000E-4	-1.385820000E-6	3.574700000E+0	9.999416992E+3	1.462198000E+3
-1.172350000E-4	-1.527380000E-6	3.586800000E+0	9.999416992E+3	1.464129000E+3
-1.169970000E-4	-1.683840000E-6	3.599800000E+0	9.999416992E+3	1.467337000E+3
-1.167060000E-4	-1.825400000E-6	3.610600000E+0	9.999416992E+3	1.469470000E+3
-1.164010000E-4	-1.877550000E-6	3.621400000E+0	9.999416992E+3	1.471653000E+3
-1.162670000E-4	-1.907360000E-6	3.631900000E+0	9.999416992E+3	1.473586000E+3
-1.159610000E-4	-2.034020000E-6	3.643200000E+0	9.999416992E+3	1.475615000E+3
-1.156480000E-4	-2.190490000E-6	3.653600000E+0	9.999416992E+3	1.478014000E+3
-1.153350000E-4	-2.227740000E-6	3.665400000E+0	9.999416992E+3	1.480013000E+3
-1.149550000E-4	-2.406550000E-6	3.676300000E+0	9.999416992E+3	1.482799000E+3
-1.147020000E-4	-2.466160000E-6	3.690300000E+0	9.999416992E+3	1.484985000E+3
-1.142770000E-4	-2.592820000E-6	3.700900000E+0	9.999416992E+3	1.487474000E+3
-1.140390000E-4	-2.726930000E-6	3.710900000E+0	9.999416992E+3	1.489505000E+3
-1.137630000E-4	-2.793980000E-6	3.721200000E+0	9.999416992E+3	1.491156000E+3
-1.133390000E-4	-2.898290000E-6	3.732700000E+0	9.999416992E+3	1.493857000E+3
-1.130410000E-4	-2.950440000E-6	3.744500000E+0	9.999416992E+3	1.495924000E+3
-1.124300000E-4	-3.226120000E-6	3.757100000E+0	9.999416992E+3	1.498808000E+3
-1.121240000E-4	-3.255920000E-6	3.769900000E+0	9.999416992E+3	1.501220000E+3
-1.116400000E-4	-3.360230000E-6	3.781000000E+0	9.999416992E+3	1.503663000E+3
-1.112970000E-4	-3.546490000E-6	3.792400000E+0	9.999416992E+3	1.505596000E+3
-1.108280000E-4	-3.576290000E-6	3.804600000E+0	9.999416992E+3	1.508194000E+3
-1.104630000E-4	-3.755110000E-6	3.814900000E+0	9.999416992E+3	1.509796000E+3
-1.098890000E-4	-3.986090000E-6	3.825700000E+0	9.999416992E+3	1.512545000E+3
-1.095240000E-4	-4.030790000E-6	3.836800000E+0	9.999416992E+3	1.514595000E+3
-1.090700000E-4	-4.194710000E-6	3.848400000E+0	9.999416992E+3	1.516669000E+3
-1.086370000E-4	-4.366070000E-6	3.859000000E+0	9.999416992E+3	1.519097000E+3
-1.082720000E-4	-4.440580000E-6	3.870800000E+0	9.999416992E+3	1.521213000E+3
-1.076760000E-4	-4.634290000E-6	3.881100000E+0	9.999416992E+3	1.523196000E+3
-1.072220000E-4	-4.753500000E-6	3.891300000E+0	9.999416992E+3	1.525636000E+3
-1.068340000E-4	-4.857810000E-6	3.902700000E+0	9.999416992E+3	1.527432000E+3
-1.061340000E-4	-5.073870000E-6	3.913100000E+0	9.999416992E+3	1.530191000E+3
-1.057990000E-4	-5.230340000E-6	3.923600000E+0	9.999416992E+3	1.531744000E+3
-1.049340000E-4	-5.461300000E-6	3.935600000E+0	9.999416992E+3	1.534563000E+3
-1.044430000E-4	-5.655020000E-6	3.945600000E+0	9.999416992E+3	1.536139000E+3
-1.038090000E-4	-5.833830000E-6	3.956500000E+0	9.999416992E+3	1.538557000E+3
-1.034740000E-4	-5.930690000E-6	3.967100000E+0	9.999416992E+3	1.540563000E+3
-1.028860000E-4	-6.012650000E-6	3.977100000E+0	9.999416992E+3	1.542304000E+3
-1.022450000E-4	-6.251070000E-6	3.987500000E+0	9.999416992E+3	1.545073000E+3
-1.016930000E-4	-6.467130000E-6	3.999500000E+0	9.999416992E+3	1.546736000E+3
-1.008660000E-4	-6.660850000E-6	4.011300000E+0	9.999416992E+3	1.549230000E+3
-1.001880000E-4	-6.891820000E-6	4.023100000E+0	9.999416992E+3	1.552049000E+3
-9.949550000E-5	-7.174940000E-6	4.035500000E+0	9.999416992E+3	1.554006000E+3
-9.855670000E-5	-7.353750000E-6	4.045800000E+0	9.999416992E+3	1.556550000E+3
-9.786380000E-5	-7.569820000E-6	4.059300000E+0	9.999416992E+3	1.558997000E+3
-9.693250000E-5	-7.897670000E-6	4.069500000E+0	9.999416992E+3	1.561177000E+3
-9.629180000E-5	-8.098840000E-6	4.079600000E+0	9.999416992E+3	1.563539000E+3
-9.565100000E-5	-8.255300000E-6	4.092100000E+0	9.999416992E+3	1.565066000E+3
-9.467500000E-5	-8.449020000E-6	4.102200000E+0	9.999416992E+3	1.567500000E+3
-9.362450000E-5	-8.866250000E-6	4.114500000E+0	9.999416992E+3	1.570292000E+3
-9.296140000E-5	-9.015260000E-6	4.125200000E+0	9.999416992E+3	1.572274000E+3
-9.202260000E-5	-9.216430000E-6	4.135600000E+0	9.999416992E+3	1.573885000E+3
-9.108380000E-5	-9.588960000E-6	4.146500000E+0	9.999416992E+3	1.576686000E+3
-9.003330000E-5	-9.864630000E-6	4.159000000E+0	9.999416992E+3	1.578962000E+3
-8.899020000E-5	-1.019250000E-5	4.170200000E+0	9.999416992E+3	1.581350000E+3
-8.797690000E-5	-1.046810000E-5	4.181000000E+0	9.999416992E+3	1.583413000E+3
-8.682210000E-5	-1.081830000E-5	4.192100000E+0	9.999416992E+3	1.586236000E+3
-8.604720000E-5	-1.095990000E-5	4.203200000E+0	9.999416992E+3	1.587745000E+3
-8.493710000E-5	-1.122810000E-5	4.214000000E+0	9.999416992E+3	1.589814000E+3
-8.364810000E-5	-1.150380000E-5	4.225600000E+0	9.999416992E+3	1.592537000E+3
-8.231450000E-5	-1.182410000E-5	4.237700000E+0	9.999416992E+3	1.594493000E+3
-8.066050000E-5	-1.230100000E-5	4.249100000E+0	9.999416992E+3	1.597663000E+3
-7.975890000E-5	-1.241270000E-5	4.260600000E+0	9.999416992E+3	1.599253000E+3
-7.826880000E-5	-1.284490000E-5	4.273100000E+0	9.999416992E+3	1.602017000E+3
-7.696500000E-5	-1.320250000E-5	4.285900000E+0	9.999416992E+3	1.604452000E+3
-7.581760000E-5	-1.343350000E-5	4.297000000E+0	9.999416992E+3	1.606437000E+3
-7.429020000E-5	-1.379110000E-5	4.308100000E+0	9.999416992E+3	1.608825000E+3
-7.265850000E-5	-1.415620000E-5	4.319600000E+0	9.999416992E+3	1.611268000E+3
-7.130250000E-5	-1.434990000E-5	4.332400000E+0	9.999416992E+3	1.613666000E+3
-6.974540000E-5	-1.465540000E-5	4.343100000E+0	9.999416992E+3	1.615622000E+3
-6.818820000E-5	-1.493850000E-5	4.355700000E+0	9.999416992E+3	1.618149000E+3
-6.631810000E-5	-1.520670000E-5	4.367700000E+0	9.999416992E+3	1.621153000E+3
-6.511110000E-5	-1.535580000E-5	4.379300000E+0	9.999416992E+3	1.622728000E+3
-6.288340000E-5	-1.569850000E-5	4.391800000E+0	9.999416992E+3	1.625881000E+3
-6.178070000E-5	-1.581770000E-5	4.401900000E+0	9.999416992E+3	1.627501000E+3
-5.973150000E-5	-1.601140000E-5	4.412600000E+0	9.999416992E+3	1.630011000E+3
-5.836810000E-5	-1.607100000E-5	4.423200000E+0	9.999416992E+3	1.632112000E+3
-5.711640000E-5	-1.613060000E-5	4.433500000E+0	9.999416992E+3	1.633635000E+3
-5.541770000E-5	-1.623490000E-5	4.445200000E+0	9.999416992E+3	1.636195000E+3
-5.365930000E-5	-1.623490000E-5	4.455700000E+0	9.999416992E+3	1.638152000E+3
-5.155080000E-5	-1.615300000E-5	4.465900000E+0	9.999416992E+3	1.640565000E+3
-5.054500000E-5	-1.616040000E-5	4.476800000E+0	9.999416992E+3	1.642568000E+3
-4.887600000E-5	-1.604120000E-5	4.488800000E+0	9.999416992E+3	1.644547000E+3
-4.706560000E-5	-1.592200000E-5	4.499700000E+0	9.999416992E+3	1.647398000E+3
-4.580640000E-5	-1.570590000E-5	4.511300000E+0	9.999416992E+3	1.649434000E+3
-4.415240000E-5	-1.540050000E-5	4.521600000E+0	9.999416992E+3	1.651424000E+3
-4.275910000E-5	-1.508000000E-5	4.532300000E+0	9.999416992E+3	1.653513000E+3
-4.106780000E-5	-1.458080000E-5	4.543900000E+0	9.999416992E+3	1.656352000E+3
-4.005460000E-5	-1.432750000E-5	4.554000000E+0	9.999416992E+3	1.657934000E+3
-3.842290000E-5	-1.377620000E-5	4.564900000E+0	9.999416992E+3	1.660380000E+3
-3.714140000E-5	-1.332170000E-5	4.576900000E+0	9.999416992E+3	1.662885000E+3
-3.614300000E-5	-1.296410000E-5	4.588100000E+0	9.999416992E+3	1.664425000E+3
-3.468270000E-5	-1.229350000E-5	4.599700000E+0	9.999416992E+3	1.667229000E+3
-3.343840000E-5	-1.159320000E-5	4.613000000E+0	9.999416992E+3	1.669758000E+3
-3.207500000E-5	-1.091520000E-5	4.623300000E+0	9.999416992E+3	1.672209000E+3
-3.138950000E-5	-1.048300000E-5	4.634800000E+0	9.999416992E+3	1.674177000E+3
-3.038360000E-5	-9.879530000E-6	4.645200000E+0	9.999416992E+3	1.676233000E+3
-2.954910000E-5	-9.246230000E-6	4.656700000E+0	9.999416992E+3	1.678753000E+3
-2.869980000E-5	-8.575680000E-6	4.668600000E+0	9.999416992E+3	1.680722000E+3
-2.783550000E-5	-7.942380000E-6	4.679400000E+0	9.999416992E+3	1.683505000E+3
-2.727670000E-5	-7.577270000E-6	4.690200000E+0	9.999416992E+3	1.685114000E+3
-2.647950000E-5	-6.794960000E-6	4.701400000E+0	9.999416992E+3	1.687566000E+3
-2.596540000E-5	-6.310670000E-6	4.711500000E+0	9.999416992E+3	1.689501000E+3
-2.530230000E-5	-5.744430000E-6	4.723000000E+0	9.999416992E+3	1.691947000E+3
-2.479560000E-5	-5.297390000E-6	4.733800000E+0	9.999416992E+3	1.694105000E+3
-2.443060000E-5	-4.753500000E-6	4.744600000E+0	9.999416992E+3	1.696045000E+3
-2.394630000E-5	-4.239410000E-6	4.756300000E+0	9.999416992E+3	1.698451000E+3
-2.356630000E-5	-3.732760000E-6	4.768600000E+0	9.999416992E+3	1.700832000E+3
-2.313420000E-5	-3.203760000E-6	4.779500000E+0	9.999416992E+3	1.702883000E+3
-2.279890000E-5	-2.779080000E-6	4.789800000E+0	9.999416992E+3	1.705273000E+3
-2.246360000E-5	-2.361850000E-6	4.800600000E+0	9.999416992E+3	1.707649000E+3
-2.226250000E-5	-2.071280000E-6	4.811300000E+0	9.999416992E+3	1.709163000E+3
-2.194210000E-5	-1.601880000E-6	4.823400000E+0	9.999416992E+3	1.711927000E+3
-2.159930000E-5	-1.132500000E-6	4.834600000E+0	9.999416992E+3	1.714415000E+3
-2.145030000E-5	-8.344690000E-7	4.845700000E+0	9.999416992E+3	1.716301000E+3
-2.123430000E-5	-4.917420000E-7	4.855800000E+0	9.999416992E+3	1.717934000E+3
-2.095110000E-5	-8.195680000E-8	4.866100000E+0	9.999416992E+3	1.720360000E+3
-2.072760000E-5	3.576300000E-7	4.876900000E+0	9.999416992E+3	1.722723000E+3
-2.054140000E-5	7.152590000E-7	4.889200000E+0	9.999416992E+3	1.725118000E+3
-2.034020000E-5	1.177200000E-6	4.900000000E+0	9.999416992E+3	1.727323000E+3
-2.021350000E-5	1.542280000E-6	4.911700000E+0	9.999416992E+3	1.729658000E+3
-2.005710000E-5	1.944620000E-6	4.925100000E+0	9.999416992E+3	1.732062000E+3
-2.011670000E-5	2.250090000E-6	4.936800000E+0	9.999416992E+3	1.734447000E+3
-2.010180000E-5	2.421450000E-6	4.947400000E+0	9.999416992E+3	1.736611000E+3
-2.002730000E-5	2.481060000E-6	4.958700000E+0	9.999416992E+3	1.739388000E+3
-2.001980000E-5	2.481060000E-6	4.969800000E+0	9.999416992E+3	1.740977000E+3
-1.999750000E-5	2.525760000E-6	4.980000000E+0	9.999416992E+3	1.743509000E+3
-2.001980000E-5	2.563010000E-6	4.991200000E+0	9.999416992E+3	1.745390000E+3
-2.006450000E-5	2.540660000E-6	5.001400000E+0	9.999416992E+3	1.747376000E+3
-2.002730000E-5	2.615170000E-6	5.011700000E+0	9.999416992E+3	1.749390000E+3
-2.002730000E-5	2.577920000E-6	5.022800000E+0	9.999416992E+3	1.751843000E+3
-2.002730000E-5	2.548110000E-6	5.033400000E+0	9.999416992E+3	1.754324000E+3
-2.001980000E-5	2.615170000E-6	5.045500000E+0	9.999416992E+3	1.756565000E+3
-2.001980000E-5	2.570460000E-6	5.057000000E+0	9.999416992E+3	1.758520000E+3
-2.007200000E-5	2.615170000E-6	5.068000000E+0	9.999416992E+3	1.760849000E+3
-2.001240000E-5	2.570460000E-6	5.079500000E+0	9.999416992E+3	1.763665000E+3
-2.004960000E-5	2.607720000E-6	5.091800000E+0	9.999416992E+3	1.765288000E+3
-1.997510000E-5	2.600270000E-6	5.102500000E+0	9.999416992E+3	1.768095000E+3
-1.997510000E-5	2.637520000E-6	5.113200000E+0	9.999416992E+3	1.770069000E+3
-2.007200000E-5	2.563010000E-6	5.123300000E+0	9.999416992E+3	1.772110000E+3
-2.010180000E-5	2.525760000E-6	5.134000000E+0	9.999416992E+3	1.773657000E+3
-2.000490000E-5	2.607720000E-6	5.144600000E+0	9.999416992E+3	1.776634000E+3
-2.004960000E-5	2.622620000E-6	5.155600000E+0	9.999416992E+3	1.778289000E+3
-1.996770000E-5	2.592820000E-6	5.165700000E+0	9.999416992E+3	1.780635000E+3
-2.001980000E-5	2.592820000E-6	5.176200000E+0	9.999416992E+3	1.782234000E+3
-2.001980000E-5	2.548110000E-6	5.187600000E+0	9.999416992E+3	1.784776000E+3
-2.002730000E-5	2.533210000E-6	5.198600000E+0	9.999416992E+3	1.787245000E+3
-2.002730000E-5	2.540660000E-6	5.209300000E+0	9.999416992E+3	1.789143000E+3
-2.001240000E-5	2.555560000E-6	5.220500000E+0	9.999416992E+3	1.791183000E+3
-2.003470000E-5	2.503410000E-6	5.231200000E+0	9.999416992E+3	1.793116000E+3
-1.998260000E-5	2.555560000E-6	5.241700000E+0	9.999416992E+3	1.795939000E+3
-2.004960000E-5	2.555560000E-6	5.253200000E+0	9.999416992E+3	1.797933000E+3
-2.002730000E-5	2.548110000E-6	5.264000000E+0	9.999416992E+3	1.799990000E+3
-2.004220000E-5	2.555560000E-6	5.274100000E+0	9.999416992E+3	1.802092000E+3
-2.004960000E-5	2.585370000E-6	5.285200000E+0	9.999416992E+3	1.804503000E+3
-2.007940000E-5	2.585370000E-6	5.296300000E+0	9.999416992E+3	1.806448000E+3
-2.003470000E-5	2.548110000E-6	5.308700000E+0	9.999416992E+3	1.808848000E+3
-2.004220000E-5	2.555560000E-6	5.318900000E+0	9.999416992E+3	1.811014000E+3
-2.003470000E-5	2.592820000E-6	5.331200000E+0	9.999416992E+3	1.813418000E+3
-1.998260000E-5	2.525760000E-6	5.342600000E+0	9.999416992E+3	1.815413000E+3
-1.999750000E-5	2.555560000E-6	5.354200000E+0	9.999416992E+3	1.818199000E+3
-2.001980000E-5	2.540660000E-6	5.367400000E+0	9.999416992E+3	1.820646000E+3
-2.008690000E-5	2.555560000E-6	5.378200000E+0	9.999416992E+3	1.822631000E+3
-2.010920000E-5	2.570460000E-6	5.389200000E+0	9.999416992E+3	1.825388000E+3
-2.005710000E-5	2.577920000E-6	5.400700000E+0	9.999416992E+3	1.827418000E+3
-2.002730000E-5	2.495960000E-6	5.413400000E+0	9.999416992E+3	1.829796000E+3
-2.006450000E-5	2.540660000E-6	5.423500000E+0	9.999416992E+3	1.831529000E+3
-2.001980000E-5	2.563010000E-6	5.435000000E+0	9.999416992E+3	1.834540000E+3
-2.007200000E-5	2.533210000E-6	5.447900000E+0	9.999416992E+3	1.836518000E+3
-2.006450000E-5	2.607720000E-6	5.459900000E+0	9.999416992E+3	1.839369000E+3
-2.002730000E-5	2.555560000E-6	5.470400000E+0	9.999416992E+3	1.840921000E+3
-2.006450000E-5	2.585370000E-6	5.481900000E+0	9.999416992E+3	1.844121000E+3
-2.001980000E-5	2.592820000E-6	5.492100000E+0	9.999416992E+3	1.845260000E+3
-2.009430000E-5	2.592820000E-6	5.503200000E+0	9.999416992E+3	1.848122000E+3
-2.005710000E-5	2.585370000E-6	5.514300000E+0	9.999416992E+3	1.850062000E+3
-2.008690000E-5	2.592820000E-6	5.524700000E+0	9.999416992E+3	1.852263000E+3
-2.001240000E-5	2.577920000E-6	5.537000000E+0	9.999416992E+3	1.854265000E+3
-2.007940000E-5	2.533210000E-6	5.549600000E+0	9.999416992E+3	1.856997000E+3
-2.003470000E-5	2.525760000E-6	5.561900000E+0	9.999416992E+3	1.859417000E+3
-2.004960000E-5	2.570460000E-6	5.573600000E+0	9.999416992E+3	1.862196000E+3
-2.000490000E-5	2.592820000E-6	5.585500000E+0	9.999416992E+3	1.864191000E+3
-2.010180000E-5	2.548110000E-6	5.597500000E+0	9.999416992E+3	1.866592000E+3
-2.006450000E-5	2.577920000E-6	5.607900000E+0	9.999416992E+3	1.869139000E+3
-2.010920000E-5	2.503410000E-6	5.620100000E+0	9.999416992E+3	1.871582000E+3
-2.001240000E-5	2.533210000E-6	5.630300000E+0	9.999416992E+3	1.873179000E+3
-2.001240000E-5	2.563010000E-6	5.640400000E+0	9.999416992E+3	1.875121000E+3
-2.007940000E-5	2.570460000E-6	5.652300000E+0	9.999416992E+3	1.877587000E+3
-2.007940000E-5	2.637520000E-6	5.664400000E+0	9.999416992E+3	1.880333000E+3
-2.001240000E-5	2.540660000E-6	5.675900000E+0	9.999416992E+3	1.882372000E+3
-1.999750000E-5	2.585370000E-6	5.687400000E+0	9.999416992E+3	1.884479000E+3
-2.001980000E-5	2.563010000E-6	5.698800000E+0	9.999416992E+3	1.887280000E+3
-1.999750000E-5	2.533210000E-6	5.710400000E+0	9.999416992E+3	1.889306000E+3
-2.005710000E-5	2.592820000E-6	5.721500000E+0	9.999416992E+3	1.891863000E+3
-2.009430000E-5	2.548110000E-6	5.732000000E+0	9.999416992E+3	1.893821000E+3
-2.005710000E-5	2.540660000E-6	5.743900000E+0	9.999416992E+3	1.896248000E+3
-2.002730000E-5	2.495960000E-6	5.754100000E+0	9.999416992E+3	1.897874000E+3
-2.003470000E-5	2.533210000E-6	5.765800000E+0	9.999416992E+3	1.900224000E+3
-2.000490000E-5	2.630070000E-6	5.776900000E+0	9.999416992E+3	1.902608000E+3
-2.003470000E-5	2.637520000E-6	5.788400000E+0	9.999416992E+3	1.905007000E+3
-2.004220000E-5	2.525760000E-6	5.800200000E+0	9.999416992E+3	1.907131000E+3
-2.003470000E-5	2.555560000E-6	5.810900000E+0	9.999416992E+3	1.909202000E+3
-2.002730000E-5	2.577920000E-6	5.822200000E+0	9.999416992E+3	1.911612000E+3
-2.006450000E-5	2.622620000E-6	5.832400000E+0	9.999416992E+3	1.914010000E+3
-1.996020000E-5	2.622620000E-6	5.842600000E+0	9.999416992E+3	1.915976000E+3
-2.001240000E-5	2.674770000E-6	5.853000000E+0	9.999416992E+3	1.917941000E+3
-1.999000000E-5	2.630070000E-6	5.864100000E+0	9.999416992E+3	1.919991000E+3
-2.004220000E-5	2.630070000E-6	5.875300000E+0	9.999416992E+3	1.922367000E+3
-1.997510000E-5	2.585370000E-6	5.888000000E+0	9.999416992E+3	1.924745000E+3
-2.000490000E-5	2.630070000E-6	5.899800000E+0	9.999416992E+3	1.927150000E+3
-2.002730000E-5	2.674770000E-6	5.910800000E+0	9.999416992E+3	1.929296000E+3
-1.999750000E-5	2.630070000E-6	5.921000000E+0	9.999416992E+3	1.931663000E+3
-2.007200000E-5	2.563010000E-6	5.932500000E+0	9.999416992E+3	1.933765000E+3
-1.996020000E-5	2.533210000E-6	5.943100000E+0	9.999416992E+3	1.935732000E+3
-1.999750000E-5	2.577920000E-6	5.954800000E+0	9.999416992E+3	1.938152000E+3
-1.998260000E-5	2.555560000E-6	5.967000000E+0	9.999416992E+3	1.941111000E+3
-2.006450000E-5	2.563010000E-6	5.979300000E+0	9.999416992E+3	1.943011000E+3
-1.999750000E-5	2.577920000E-6	5.990400000E+0	9.999416992E+3	1.945022000E+3
-2.004220000E-5	2.652420000E-6	6.001300000E+0	9.999416992E+3	1.947425000E+3
-1.989320000E-5	2.615170000E-6	6.013400000E+0	9.999416992E+3	2.091611000E+3
-1.998260000E-5	2.644970000E-6	6.025900000E+0	9.999416992E+3	2.092390000E+3
-1.996770000E-5	2.585370000E-6	6.043700000E+0	9.999416992E+3	2.093372000E+3
-1.996770000E-5	2.570460000E-6	6.061100000E+0	9.999416992E+3	2.094153000E+3
-1.997510000E-5	2.540660000E-6	6.078400000E+0	9.999416992E+3	2.094920000E+3
-1.995280000E-5	2.585370000E-6	6.093600000E+0	9.999416992E+3	2.095793000E+3
-2.003470000E-5	2.607720000E-6	6.108400000E+0	9.999416992E+3	2.096560000E+3
-1.999000000E-5	2.600270000E-6	6.123300000E+0	9.999416992E+3	2.097335000E+3
-1.999750000E-5	2.615170000E-6	6.135500000E+0	9.999416992E+3	2.098125000E+3
-1.992300000E-5	2.548110000E-6	6.149100000E+0	9.999416992E+3	2.099143000E+3
-1.990810000E-5	2.525760000E-6	6.162400000E+0	9.999416992E+3	2.099895000E+3
-1.991550000E-5	2.503410000E-6	6.174800000E+0	9.999416992E+3	2.100660000E+3
-1.999000000E-5	2.510860000E-6	6.188100000E+0	9.999416992E+3	2.101473000E+3
-1.992300000E-5	2.533210000E-6	6.201700000E+0	9.999416992E+3	2.102330000E+3
-1.988570000E-5	2.548110000E-6	6.215100000E+0	9.999416992E+3	2.103132000E+3
-1.989320000E-5	2.540660000E-6	6.229500000E+0	9.999416992E+3	2.103931000E+3
-1.994530000E-5	2.585370000E-6	6.243800000E+0	9.999416992E+3	2.104979000E+3
-1.995280000E-5	2.533210000E-6	6.256900000E+0	9.999416992E+3	2.105602000E+3
-1.996020000E-5	2.548110000E-6	6.271800000E+0	9.999416992E+3	2.106399000E+3
-1.993790000E-5	2.577920000E-6	6.285100000E+0	9.999416992E+3	2.107276000E+3
-1.991550000E-5	2.533210000E-6	6.298200000E+0	9.999416992E+3	2.108057000E+3
-1.995280000E-5	2.570460000E-6	6.313100000E+0	9.999416992E+3	2.108808000E+3
-1.995280000E-5	2.592820000E-6	6.326000000E+0	9.999416992E+3	2.109630000E+3
-1.990060000E-5	2.525760000E-6	6.338600000E+0	9.999416992E+3	2.110433000E+3
-1.989320000E-5	2.540660000E-6	6.350400000E+0	9.999416992E+3	2.111229000E+3
-1.988570000E-5	2.548110000E-6	6.364300000E+0	9.999416992E+3	2.112012000E+3
-1.988570000E-5	2.548110000E-6	6.380900000E+0	9.999416992E+3	2.113074000E+3
-1.990060000E-5	2.585370000E-6	6.397100000E+0	9.999416992E+3	2.113861000E+3
-1.991550000E-5	2.525760000E-6	6.410200000E+0	9.999416992E+3	2.114655000E+3
-1.984850000E-5	2.548110000E-6	6.422900000E+0	9.999416992E+3	2.115518000E+3
