20240422_HM457MbNbZr2_chiAC_vs_T_B_0T.002.txt Tue, Apr 22, 2025 1:13:34 PM Juan Gabe
Magnet: None
Trigger spacing of 0.010000 on column #3
Offsets:	0.000000000E+0	0.000000000E+0	0.000000000E+0	0.000000000E+0	0.000000000E+0

Scale Factors:	1.000000000E+0	1.000000000E+0	1.000000000E+0	1.000000000E+0	1.000000000E+0

)T
Lockin_V_002	Chan2_V_002	Temperture_002	Field_002	Timestamp_002
5.960510000E-8	1.892450000E-6	7.501200000E+0	7.522476465E-2	3.600000000E-2
7.450630000E-8	1.922260000E-6	7.491000000E+0	7.522476465E-2	4.164600000E+1
4.470370000E-8	1.899910000E-6	7.479900000E+0	7.522476465E-2	4.322700000E+1
5.960510000E-8	1.944620000E-6	7.469700000E+0	7.522476465E-2	4.480300000E+1
5.960510000E-8	1.959520000E-6	7.457800000E+0	7.522476465E-2	4.719800000E+1
5.960510000E-8	1.937170000E-6	7.447200000E+0	7.522476465E-2	4.898000000E+1
5.215430000E-8	1.937170000E-6	7.434300000E+0	7.522476465E-2	5.172300000E+1
-1.490130000E-8	1.899910000E-6	7.422100000E+0	7.522476465E-2	5.385500000E+1
5.960510000E-8	1.929710000E-6	7.411700000E+0	7.522476465E-2	5.600900000E+1
7.450630000E-8	1.877550000E-6	7.400400000E+0	7.522476465E-2	5.883800000E+1
1.266610000E-7	1.929710000E-6	7.390400000E+0	7.522476465E-2	6.081300000E+1
-7.450640000E-9	1.899910000E-6	7.378600000E+0	7.522476465E-2	6.284500000E+1
8.195680000E-8	1.959520000E-6	7.367200000E+0	7.522476465E-2	6.521700000E+1
5.215430000E-8	1.944620000E-6	7.355100000E+0	7.522476465E-2	6.724100000E+1
4.470370000E-8	1.929710000E-6	7.344900000E+0	7.522476465E-2	6.966300000E+1
5.960510000E-8	1.959520000E-6	7.333500000E+0	7.522476465E-2	7.165700000E+1
0.000000000E+0	1.952070000E-6	7.322100000E+0	7.522476465E-2	7.440400000E+1
0.000000000E+0	1.899910000E-6	7.310400000E+0	7.522476465E-2	7.681000000E+1
1.117590000E-7	1.929710000E-6	7.300300000E+0	7.522476465E-2	7.840600000E+1
1.490130000E-8	1.914810000E-6	7.289100000E+0	7.522476465E-2	8.042100000E+1
8.195680000E-8	1.959520000E-6	7.278200000E+0	7.522476465E-2	8.283800000E+1
3.725310000E-8	1.959520000E-6	7.267300000E+0	7.522476465E-2	8.526300000E+1
3.725310000E-8	1.847750000E-6	7.254900000E+0	7.522476465E-2	8.763100000E+1
4.470370000E-8	2.026570000E-6	7.243800000E+0	7.522476465E-2	8.965500000E+1
3.725310000E-8	1.937170000E-6	7.233300000E+0	7.522476465E-2	9.168200000E+1
5.960510000E-8	1.952070000E-6	7.223200000E+0	7.522476465E-2	9.400500000E+1
0.000000000E+0	1.944620000E-6	7.212500000E+0	7.522476465E-2	9.649800000E+1
-2.235190000E-8	1.914810000E-6	7.200600000E+0	7.522476465E-2	9.842400000E+1
8.195680000E-8	1.899910000E-6	7.189400000E+0	7.522476465E-2	1.008270000E+2
8.195680000E-8	1.996770000E-6	7.177800000E+0	7.522476465E-2	1.028890000E+2
0.000000000E+0	1.981870000E-6	7.167100000E+0	7.522476465E-2	1.052360000E+2
1.490130000E-8	1.892450000E-6	7.155700000E+0	7.522476465E-2	1.072670000E+2
9.685800000E-8	1.885000000E-6	7.145200000E+0	7.522476465E-2	1.093900000E+2
0.000000000E+0	1.922260000E-6	7.133800000E+0	7.522476465E-2	1.118400000E+2
3.725310000E-8	1.899910000E-6	7.121600000E+0	7.522476465E-2	1.145660000E+2
2.980250000E-8	1.899910000E-6	7.110500000E+0	7.522476465E-2	1.162890000E+2
2.980250000E-8	1.899910000E-6	7.099900000E+0	7.522476465E-2	1.183080000E+2
-7.450640000E-9	1.922260000E-6	7.088700000E+0	7.522476465E-2	1.207510000E+2
3.725310000E-8	1.899910000E-6	7.077200000E+0	7.522476465E-2	1.235140000E+2
5.215430000E-8	1.899910000E-6	7.066700000E+0	7.522476465E-2	1.251150000E+2
0.000000000E+0	1.952070000E-6	7.055500000E+0	7.522476465E-2	1.274890000E+2
4.470370000E-8	1.937170000E-6	7.043600000E+0	7.522476465E-2	1.299040000E+2
5.960510000E-8	1.914810000E-6	7.032900000E+0	7.522476465E-2	1.314910000E+2
6.705570000E-8	1.922260000E-6	7.022300000E+0	7.522476465E-2	1.339000000E+2
1.490130000E-8	1.937170000E-6	7.011800000E+0	7.522476465E-2	1.359370000E+2
4.470370000E-8	1.944620000E-6	7.000100000E+0	7.522476465E-2	1.383740000E+2
4.470370000E-8	1.877550000E-6	6.990000000E+0	7.522476465E-2	1.408280000E+2
-1.490130000E-8	1.899910000E-6	6.979900000E+0	7.522476465E-2	1.429290000E+2
2.980250000E-8	1.914810000E-6	6.968200000E+0	7.522476465E-2	1.448260000E+2
2.980250000E-8	1.922260000E-6	6.957000000E+0	7.522476465E-2	1.472750000E+2
-2.980250000E-8	1.862650000E-6	6.944400000E+0	7.522476465E-2	1.493730000E+2
1.490130000E-8	1.937170000E-6	6.932400000E+0	7.522476465E-2	1.521610000E+2
1.490130000E-8	1.922260000E-6	6.922200000E+0	7.522476465E-2	1.539760000E+2
-5.960510000E-8	1.885000000E-6	6.910400000E+0	7.522476465E-2	1.564370000E+2
-3.725310000E-8	1.832850000E-6	6.898400000E+0	7.522476465E-2	1.588400000E+2
-6.705570000E-8	1.840300000E-6	6.887700000E+0	7.522476465E-2	1.607630000E+2
-5.960510000E-8	1.885000000E-6	6.875900000E+0	7.522476465E-2	1.635110000E+2
-8.940740000E-8	1.907360000E-6	6.862900000E+0	7.522476465E-2	1.661670000E+2
-2.086170000E-7	1.862650000E-6	6.851500000E+0	7.522476465E-2	1.681640000E+2
-1.937160000E-7	1.862650000E-6	6.841400000E+0	7.522476465E-2	1.699730000E+2
-2.160680000E-7	1.899910000E-6	6.831100000E+0	7.522476465E-2	1.724420000E+2
-2.607720000E-7	1.877550000E-6	6.819700000E+0	7.522476465E-2	1.745650000E+2
-2.607720000E-7	1.862650000E-6	6.808000000E+0	7.522476465E-2	1.770310000E+2
-2.756730000E-7	1.885000000E-6	6.797600000E+0	7.522476465E-2	1.788520000E+2
-3.129260000E-7	1.959520000E-6	6.786200000E+0	7.522476465E-2	1.812910000E+2
-3.576300000E-7	1.959520000E-6	6.775600000E+0	7.522476465E-2	1.834150000E+2
-3.129260000E-7	1.996770000E-6	6.765400000E+0	7.522476465E-2	1.855610000E+2
-3.650800000E-7	1.944620000E-6	6.753700000E+0	7.522476465E-2	1.872760000E+2
-3.725310000E-7	1.885000000E-6	6.741000000E+0	7.522476465E-2	1.901640000E+2
-3.501790000E-7	1.937170000E-6	6.730400000E+0	7.522476465E-2	1.927480000E+2
-2.980250000E-7	2.011670000E-6	6.719900000E+0	7.522476465E-2	1.947410000E+2
-3.725310000E-7	1.989320000E-6	6.708900000E+0	7.522476465E-2	1.965560000E+2
-3.129260000E-7	1.922260000E-6	6.697600000E+0	7.522476465E-2	1.990180000E+2
-3.278270000E-7	2.011670000E-6	6.687100000E+0	7.522476465E-2	2.010960000E+2
-3.278270000E-7	1.952070000E-6	6.675400000E+0	7.522476465E-2	2.036420000E+2
-3.278270000E-7	2.011670000E-6	6.664600000E+0	7.522476465E-2	2.053670000E+2
-3.501790000E-7	1.966970000E-6	6.652800000E+0	7.522476465E-2	2.077980000E+2
-2.756730000E-7	1.996770000E-6	6.642600000E+0	7.522476465E-2	2.100280000E+2
-3.278270000E-7	1.885000000E-6	6.632400000E+0	7.522476465E-2	2.124570000E+2
-3.203770000E-7	1.862650000E-6	6.621300000E+0	7.522476465E-2	2.141700000E+2
-3.129260000E-7	1.959520000E-6	6.609000000E+0	7.522476465E-2	2.167340000E+2
-2.756730000E-7	1.981870000E-6	6.598100000E+0	7.522476465E-2	2.192130000E+2
-2.980250000E-7	1.966970000E-6	6.585700000E+0	7.522476465E-2	2.212320000E+2
-2.980250000E-7	1.959520000E-6	6.575500000E+0	7.522476465E-2	2.234890000E+2
-2.607720000E-7	1.959520000E-6	6.564800000E+0	7.522476465E-2	2.257830000E+2
-3.203770000E-7	1.862650000E-6	6.553000000E+0	7.522476465E-2	2.281620000E+2
-3.203770000E-7	1.989320000E-6	6.542200000E+0	7.522476465E-2	2.300270000E+2
-3.203770000E-7	1.952070000E-6	6.530400000E+0	7.522476465E-2	2.324280000E+2
-3.203770000E-7	1.952070000E-6	6.518000000E+0	7.522476465E-2	2.349940000E+2
-3.427290000E-7	1.974420000E-6	6.506800000E+0	7.522476465E-2	2.373470000E+2
-3.352780000E-7	1.944620000E-6	6.494200000E+0	7.522476465E-2	2.392280000E+2
-2.905740000E-7	1.959520000E-6	6.481900000E+0	7.522476465E-2	2.420570000E+2
-3.874320000E-7	1.981870000E-6	6.471100000E+0	7.522476465E-2	2.443250000E+2
-3.948830000E-7	1.996770000E-6	6.459800000E+0	7.522476465E-2	2.467690000E+2
-3.948830000E-7	2.041470000E-6	6.449600000E+0	7.522476465E-2	2.484340000E+2
-3.725310000E-7	2.011670000E-6	6.438900000E+0	7.522476465E-2	2.505890000E+2
-3.874320000E-7	2.063830000E-6	6.427600000E+0	7.522476465E-2	2.530750000E+2
-4.023330000E-7	2.026570000E-6	6.415700000E+0	7.522476465E-2	2.555400000E+2
-4.395860000E-7	2.041470000E-6	6.404700000E+0	7.522476465E-2	2.573970000E+2
-3.874320000E-7	2.034020000E-6	6.392500000E+0	7.522476465E-2	2.597710000E+2
-3.427290000E-7	2.063830000E-6	6.381300000E+0	7.522476465E-2	2.624370000E+2
-3.203770000E-7	2.063830000E-6	6.371100000E+0	7.522476465E-2	2.644320000E+2
-3.427290000E-7	2.048920000E-6	6.358900000E+0	7.522476465E-2	2.665760000E+2
-3.054760000E-7	2.026570000E-6	6.348000000E+0	7.522476465E-2	2.689350000E+2
-3.054760000E-7	2.078730000E-6	6.337700000E+0	7.522476465E-2	2.713270000E+2
-3.352780000E-7	2.011670000E-6	6.325700000E+0	7.522476465E-2	2.734760000E+2
-2.980250000E-7	1.937170000E-6	6.313900000E+0	7.522476465E-2	2.759020000E+2
-2.682230000E-7	1.944620000E-6	6.302400000E+0	7.522476465E-2	2.780830000E+2
-2.905740000E-7	2.026570000E-6	6.290300000E+0	7.522476465E-2	2.805700000E+2
-2.905740000E-7	2.086180000E-6	6.280000000E+0	7.522476465E-2	2.823330000E+2
-3.129260000E-7	2.004220000E-6	6.268700000E+0	7.522476465E-2	2.847860000E+2
-2.011670000E-7	1.959520000E-6	6.257600000E+0	7.522476465E-2	2.870140000E+2
-2.309690000E-7	1.959520000E-6	6.247000000E+0	7.522476465E-2	2.893590000E+2
-2.309690000E-7	1.981870000E-6	6.235400000E+0	7.522476465E-2	2.911220000E+2
-2.905740000E-7	2.041470000E-6	6.224900000E+0	7.522476465E-2	2.932990000E+2
-2.160680000E-7	2.034020000E-6	6.214500000E+0	7.522476465E-2	2.958340000E+2
-2.086170000E-7	2.056370000E-6	6.204200000E+0	7.522476465E-2	2.979700000E+2
-2.607720000E-7	1.966970000E-6	6.192400000E+0	7.522476465E-2	3.000260000E+2
-2.682230000E-7	2.019120000E-6	6.181200000E+0	7.522476465E-2	3.024370000E+2
-2.980250000E-7	1.929710000E-6	6.171000000E+0	7.522476465E-2	3.042990000E+2
-2.309690000E-7	1.944620000E-6	6.158700000E+0	7.522476465E-2	3.063250000E+2
-2.682230000E-7	1.966970000E-6	6.147300000E+0	7.522476465E-2	3.090420000E+2
-2.384200000E-7	1.966970000E-6	6.135900000E+0	7.522476465E-2	3.116100000E+2
-2.831240000E-7	1.959520000E-6	6.125600000E+0	7.522476465E-2	3.135110000E+2
-2.011670000E-7	1.996770000E-6	6.115100000E+0	7.522476465E-2	3.154790000E+2
-2.086170000E-7	1.974420000E-6	6.103600000E+0	7.522476465E-2	3.173910000E+2
-2.384200000E-7	1.937170000E-6	6.092700000E+0	7.522476465E-2	3.202760000E+2
-2.831240000E-7	1.959520000E-6	6.081200000E+0	7.522476465E-2	3.220470000E+2
-2.607720000E-7	1.959520000E-6	6.069800000E+0	7.522476465E-2	3.241850000E+2
-2.160680000E-7	1.966970000E-6	6.059300000E+0	7.522476465E-2	3.267740000E+2
-2.607720000E-7	1.944620000E-6	6.047900000E+0	7.522476465E-2	3.292310000E+2
-2.533220000E-7	1.981870000E-6	6.037400000E+0	7.522476465E-2	3.308730000E+2
-2.458710000E-7	1.966970000E-6	6.027300000E+0	7.522476465E-2	3.326950000E+2
-2.607720000E-7	1.959520000E-6	6.016200000E+0	7.522476465E-2	3.351040000E+2
-1.937160000E-7	1.899910000E-6	6.004800000E+0	7.522476465E-2	3.378030000E+2
-2.682230000E-7	1.922260000E-6	5.993300000E+0	7.522476465E-2	3.397800000E+2
-2.235180000E-7	1.892450000E-6	5.982300000E+0	7.522476465E-2	3.419370000E+2
-1.862650000E-7	1.952070000E-6	5.970700000E+0	7.522476465E-2	3.444930000E+2
-2.011670000E-7	1.907360000E-6	5.958800000E+0	7.522476465E-2	3.465660000E+2
-2.756730000E-7	1.981870000E-6	5.947500000E+0	7.522476465E-2	3.488450000E+2
-1.937160000E-7	1.959520000E-6	5.937100000E+0	7.522476465E-2	3.512430000E+2
-2.309690000E-7	2.019120000E-6	5.927000000E+0	7.522476465E-2	3.533770000E+2
-1.713640000E-7	1.959520000E-6	5.915500000E+0	7.522476465E-2	3.550930000E+2
-2.160680000E-7	1.922260000E-6	5.903300000E+0	7.522476465E-2	3.580310000E+2
-2.533220000E-7	1.959520000E-6	5.893100000E+0	7.522476465E-2	3.600470000E+2
-2.011670000E-7	1.959520000E-6	5.880900000E+0	7.522476465E-2	3.618860000E+2
-2.682230000E-7	1.966970000E-6	5.869800000E+0	7.522476465E-2	3.647050000E+2
-2.011670000E-7	1.885000000E-6	5.859100000E+0	7.522476465E-2	3.665970000E+2
-2.533220000E-7	1.952070000E-6	5.848400000E+0	7.522476465E-2	3.689590000E+2
-2.458710000E-7	1.966970000E-6	5.837500000E+0	7.522476465E-2	3.707400000E+2
-2.607720000E-7	1.959520000E-6	5.826600000E+0	7.522476465E-2	3.732420000E+2
-2.011670000E-7	1.996770000E-6	5.814400000E+0	7.522476465E-2	3.754220000E+2
-2.384200000E-7	1.914810000E-6	5.803200000E+0	7.522476465E-2	3.780950000E+2
-2.160680000E-7	1.922260000E-6	5.792800000E+0	7.522476465E-2	3.800320000E+2
-2.235180000E-7	1.989320000E-6	5.781300000E+0	7.522476465E-2	3.822460000E+2
-2.905740000E-7	1.929710000E-6	5.770500000E+0	7.522476465E-2	3.844400000E+2
-2.533220000E-7	1.952070000E-6	5.760000000E+0	7.522476465E-2	3.864810000E+2
-1.937160000E-7	2.004220000E-6	5.749700000E+0	7.522476465E-2	3.883430000E+2
-2.458710000E-7	1.877550000E-6	5.738500000E+0	7.522476465E-2	3.908250000E+2
-2.384200000E-7	1.914810000E-6	5.726800000E+0	7.522476465E-2	3.931300000E+2
-2.980250000E-7	1.929710000E-6	5.716400000E+0	7.522476465E-2	3.947760000E+2
-3.427290000E-7	1.817950000E-6	5.705800000E+0	7.522476465E-2	3.976430000E+2
-3.650800000E-7	1.683840000E-6	5.693800000E+0	7.522476465E-2	4.000120000E+2
-3.874320000E-7	1.505020000E-6	5.683700000E+0	7.522476465E-2	4.020190000E+2
-4.693880000E-7	1.028190000E-6	5.671000000E+0	7.522476465E-2	4.038280000E+2
-9.238760000E-7	-2.235190000E-8	5.659700000E+0	7.522476465E-2	4.065790000E+2
-1.996770000E-6	-3.010050000E-6	5.649200000E+0	7.522476465E-2	4.090440000E+2
-5.513460000E-6	-8.173350000E-6	5.636100000E+0	7.522476465E-2	4.110310000E+2
-2.020610000E-5	-1.844780000E-5	5.625500000E+0	7.522476465E-2	4.139170000E+2
-3.140440000E-5	-2.072760000E-5	5.615200000E+0	7.522476465E-2	4.158620000E+2
-4.751260000E-5	-1.985590000E-5	5.604400000E+0	7.522476465E-2	4.178180000E+2
-5.936650000E-5	-1.762820000E-5	5.594300000E+0	7.522476465E-2	4.191040000E+2
-7.415610000E-5	-1.392520000E-5	5.581900000E+0	7.522476465E-2	4.220510000E+2
-8.467630000E-5	-1.077360000E-5	5.570200000E+0	7.522476465E-2	4.248770000E+2
-8.912430000E-5	-9.223880000E-6	5.559000000E+0	7.522476465E-2	4.263650000E+2
-9.602350000E-5	-6.899270000E-6	5.548200000E+0	7.522476465E-2	4.291150000E+2
-9.936140000E-5	-5.699720000E-6	5.537300000E+0	7.522476465E-2	4.311820000E+2
-1.020880000E-4	-4.686440000E-6	5.526700000E+0	7.522476465E-2	4.330430000E+2
-1.055450000E-4	-3.375130000E-6	5.515900000E+0	7.522476465E-2	4.353900000E+2
-1.074680000E-4	-2.667320000E-6	5.503100000E+0	7.522476465E-2	4.378580000E+2
-1.093750000E-4	-1.952070000E-6	5.492100000E+0	7.522476465E-2	4.402300000E+2
-1.106490000E-4	-1.475220000E-6	5.479400000E+0	7.522476465E-2	4.421960000E+2
-1.122580000E-4	-8.121170000E-7	5.468100000E+0	7.522476465E-2	4.450290000E+2
-1.131820000E-4	-4.023330000E-7	5.457400000E+0	7.522476465E-2	4.474150000E+2
-1.138450000E-4	-2.533220000E-7	5.446300000E+0	7.522476465E-2	4.488780000E+2
-1.149550000E-4	2.384200000E-7	5.433300000E+0	7.522476465E-2	4.518630000E+2
-1.155890000E-4	4.395860000E-7	5.422700000E+0	7.522476465E-2	4.538350000E+2
-1.161480000E-4	7.376110000E-7	5.412400000E+0	7.522476465E-2	4.561110000E+2
-1.166470000E-4	9.164250000E-7	5.399600000E+0	7.522476465E-2	4.586220000E+2
-1.170710000E-4	1.080340000E-6	5.389400000E+0	7.522476465E-2	4.605040000E+2
-1.175480000E-4	1.274060000E-6	5.378400000E+0	7.522476465E-2	4.628590000E+2
-1.179130000E-4	1.385820000E-6	5.364900000E+0	7.522476465E-2	4.655160000E+2
-1.183530000E-4	1.505020000E-6	5.354100000E+0	7.522476465E-2	4.680760000E+2
-1.184420000E-4	1.586980000E-6	5.343700000E+0	7.522476465E-2	4.700610000E+2
-1.187550000E-4	1.676390000E-6	5.330900000E+0	7.522476465E-2	4.719460000E+2
-1.191050000E-4	1.832850000E-6	5.319500000E+0	7.522476465E-2	4.748820000E+2
-1.192770000E-4	1.974420000E-6	5.309000000E+0	7.522476465E-2	4.770160000E+2
-1.194710000E-4	2.071280000E-6	5.295300000E+0	7.522476465E-2	4.792530000E+2
-1.197540000E-4	2.108530000E-6	5.282800000E+0	7.522476465E-2	4.822400000E+2
-1.198360000E-4	2.168130000E-6	5.272400000E+0	7.522476465E-2	4.840900000E+2
-1.200370000E-4	2.227740000E-6	5.260000000E+0	7.522476465E-2	4.864780000E+2
-1.202450000E-4	2.354400000E-6	5.245500000E+0	7.522476465E-2	4.894830000E+2
-1.203940000E-4	2.384200000E-6	5.235300000E+0	7.522476465E-2	4.913010000E+2
-1.204610000E-4	2.436350000E-6	5.224200000E+0	7.522476465E-2	4.937230000E+2
-1.205730000E-4	2.510860000E-6	5.211100000E+0	7.522476465E-2	4.961380000E+2
-1.206780000E-4	2.473610000E-6	5.200200000E+0	7.522476465E-2	4.981440000E+2
-1.207820000E-4	2.503410000E-6	5.189700000E+0	7.522476465E-2	5.011790000E+2
-1.208410000E-4	2.555560000E-6	5.178600000E+0	7.522476465E-2	5.027330000E+2
-1.209010000E-4	2.607720000E-6	5.167200000E+0	7.522476465E-2	5.047780000E+2
-1.209760000E-4	2.674770000E-6	5.155200000E+0	7.522476465E-2	5.075970000E+2
-1.210800000E-4	2.659870000E-6	5.142100000E+0	7.522476465E-2	5.099960000E+2
-1.211250000E-4	2.719480000E-6	5.131200000E+0	7.522476465E-2	5.121030000E+2
-1.211690000E-4	2.667320000E-6	5.121000000E+0	7.522476465E-2	5.141980000E+2
-1.212440000E-4	2.764180000E-6	5.110000000E+0	7.522476465E-2	5.168100000E+2
-1.213260000E-4	2.831240000E-6	5.099400000E+0	7.522476465E-2	5.186780000E+2
-1.213260000E-4	2.756730000E-6	5.088200000E+0	7.522476465E-2	5.206330000E+2
-1.214670000E-4	2.816330000E-6	5.077200000E+0	7.522476465E-2	5.229320000E+2
-1.214600000E-4	2.816330000E-6	5.065900000E+0	7.522476465E-2	5.258320000E+2
-1.214970000E-4	2.823780000E-6	5.053400000E+0	7.522476465E-2	5.279870000E+2
-1.215420000E-4	2.801430000E-6	5.041300000E+0	7.522476465E-2	5.300810000E+2
-1.215940000E-4	2.883390000E-6	5.030500000E+0	7.522476465E-2	5.326300000E+2
-1.215940000E-4	2.846140000E-6	5.018400000E+0	7.522476465E-2	5.344670000E+2
-1.217210000E-4	2.831240000E-6	5.005600000E+0	7.522476465E-2	5.373960000E+2
-1.217130000E-4	2.905740000E-6	4.993600000E+0	7.522476465E-2	5.402190000E+2
-1.217280000E-4	2.913190000E-6	4.981400000E+0	7.522476465E-2	5.420810000E+2
-1.217800000E-4	2.920640000E-6	4.970000000E+0	7.522476465E-2	5.446210000E+2
-1.217880000E-4	2.972800000E-6	4.959600000E+0	7.522476465E-2	5.464750000E+2
-1.218320000E-4	2.942990000E-6	4.949300000E+0	7.522476465E-2	5.489100000E+2
-1.218990000E-4	2.950440000E-6	4.938500000E+0	7.522476465E-2	5.509740000E+2
-1.218470000E-4	2.972800000E-6	4.927400000E+0	7.522476465E-2	5.531130000E+2
-1.218920000E-4	2.972800000E-6	4.913000000E+0	7.522476465E-2	5.556520000E+2
-1.218620000E-4	2.995150000E-6	4.901300000E+0	7.522476465E-2	5.582340000E+2
-1.219810000E-4	2.942990000E-6	4.889800000E+0	7.522476465E-2	5.614040000E+2
-1.219590000E-4	2.995150000E-6	4.879600000E+0	7.522476465E-2	5.629830000E+2
-1.219590000E-4	3.017500000E-6	4.868000000E+0	7.522476465E-2	5.647560000E+2
-1.220480000E-4	3.032400000E-6	4.855700000E+0	7.522476465E-2	5.676800000E+2
-1.219810000E-4	2.972800000E-6	4.843600000E+0	7.522476465E-2	5.702250000E+2
-1.220480000E-4	3.032400000E-6	4.831400000E+0	7.522476465E-2	5.724530000E+2
-1.220940000E-4	3.069650000E-6	4.818200000E+0	7.522476465E-2	5.744700000E+2
-1.220560000E-4	3.092010000E-6	4.807000000E+0	7.522476465E-2	5.771250000E+2
-1.220560000E-4	3.047300000E-6	4.796200000E+0	7.522476465E-2	5.796800000E+2
-1.220190000E-4	3.039850000E-6	4.782600000E+0	7.522476465E-2	5.816620000E+2
-1.220860000E-4	2.987700000E-6	4.771700000E+0	7.522476465E-2	5.844380000E+2
-1.221460000E-4	3.002600000E-6	4.761000000E+0	7.522476465E-2	5.864570000E+2
-1.221160000E-4	3.054750000E-6	4.750200000E+0	7.522476465E-2	5.884620000E+2
-1.221160000E-4	3.039850000E-6	4.739900000E+0	7.522476465E-2	5.907470000E+2
-1.220710000E-4	3.054750000E-6	4.728200000E+0	7.522476465E-2	5.931790000E+2
-1.221160000E-4	3.017500000E-6	4.718100000E+0	7.522476465E-2	5.946290000E+2
-1.221760000E-4	3.084550000E-6	4.705300000E+0	7.522476465E-2	5.975240000E+2
-1.221310000E-4	3.069650000E-6	4.692200000E+0	7.522476465E-2	6.005950000E+2
-1.222050000E-4	3.039850000E-6	4.680200000E+0	7.522476465E-2	6.023190000E+2
-1.221680000E-4	3.062200000E-6	4.668900000E+0	7.522476465E-2	6.048430000E+2
-1.222650000E-4	3.077100000E-6	4.656200000E+0	7.522476465E-2	6.078100000E+2
-1.222430000E-4	3.077100000E-6	4.644200000E+0	7.522476465E-2	6.095680000E+2
-1.222280000E-4	3.129260000E-6	4.632700000E+0	7.522476465E-2	6.121050000E+2
-1.222580000E-4	3.084550000E-6	4.622100000E+0	7.522476465E-2	6.139560000E+2
-1.222580000E-4	3.099460000E-6	4.611700000E+0	7.522476465E-2	6.160020000E+2
-1.222200000E-4	3.106910000E-6	4.599000000E+0	7.522476465E-2	6.188600000E+2
-1.222870000E-4	3.099460000E-6	4.588300000E+0	7.522476465E-2	6.207870000E+2
-1.222350000E-4	3.159060000E-6	4.576600000E+0	7.522476465E-2	6.227760000E+2
-1.222650000E-4	3.054750000E-6	4.565400000E+0	7.522476465E-2	6.258150000E+2
-1.222950000E-4	3.106910000E-6	4.553400000E+0	7.522476465E-2	6.275540000E+2
-1.223100000E-4	3.129260000E-6	4.540900000E+0	7.522476465E-2	6.305310000E+2
-1.222950000E-4	3.136710000E-6	4.530100000E+0	7.522476465E-2	6.330120000E+2
-1.222950000E-4	3.114360000E-6	4.517900000E+0	7.522476465E-2	6.343580000E+2
-1.223920000E-4	3.159060000E-6	4.506400000E+0	7.522476465E-2	6.373100000E+2
-1.223170000E-4	3.136710000E-6	4.496000000E+0	7.522476465E-2	6.398050000E+2
-1.224070000E-4	3.173960000E-6	4.484600000E+0	7.522476465E-2	6.411700000E+2
-1.223620000E-4	3.099460000E-6	4.472600000E+0	7.522476465E-2	6.441080000E+2
-1.223390000E-4	3.121810000E-6	4.462100000E+0	7.522476465E-2	6.463800000E+2
-1.223690000E-4	3.106910000E-6	4.450300000E+0	7.522476465E-2	6.478860000E+2
-1.223170000E-4	3.114360000E-6	4.439700000E+0	7.522476465E-2	6.508610000E+2
-1.223540000E-4	3.121810000E-6	4.427800000E+0	7.522476465E-2	6.531120000E+2
-1.223770000E-4	3.136710000E-6	4.417700000E+0	7.522476465E-2	6.546200000E+2
-1.223390000E-4	3.159060000E-6	4.405400000E+0	7.522476465E-2	6.576960000E+2
-1.223990000E-4	3.084550000E-6	4.394000000E+0	7.522476465E-2	6.599650000E+2
-1.223770000E-4	3.159060000E-6	4.380200000E+0	7.522476465E-2	6.619650000E+2
-1.224140000E-4	3.211210000E-6	4.369600000E+0	7.522476465E-2	6.649930000E+2
-1.223840000E-4	3.129260000E-6	4.359500000E+0	7.522476465E-2	6.667730000E+2
-1.223920000E-4	3.099460000E-6	4.347100000E+0	7.522476465E-2	6.687300000E+2
-1.224070000E-4	3.144160000E-6	4.336800000E+0	7.522476465E-2	6.710190000E+2
-1.223920000E-4	3.114360000E-6	4.326200000E+0	7.522476465E-2	6.736100000E+2
-1.224440000E-4	3.136710000E-6	4.314500000E+0	7.522476465E-2	6.757030000E+2
-1.224590000E-4	3.159060000E-6	4.304000000E+0	7.522476465E-2	6.774320000E+2
-1.224880000E-4	3.106910000E-6	4.294000000E+0	7.522476465E-2	6.798010000E+2
-1.224960000E-4	3.188860000E-6	4.282000000E+0	7.522476465E-2	6.822470000E+2
-1.223990000E-4	3.181410000E-6	4.271200000E+0	7.522476465E-2	6.842030000E+2
-1.224960000E-4	3.181410000E-6	4.260900000E+0	7.522476465E-2	6.866530000E+2
-1.224590000E-4	3.166510000E-6	4.250100000E+0	7.522476465E-2	6.880650000E+2
-1.224590000E-4	3.173960000E-6	4.238500000E+0	7.522476465E-2	6.910450000E+2
-1.224290000E-4	3.166510000E-6	4.223900000E+0	7.522476465E-2	6.930540000E+2
-1.224510000E-4	3.166510000E-6	4.213500000E+0	7.522476465E-2	6.958640000E+2
-1.224880000E-4	3.188860000E-6	4.202100000E+0	7.522476465E-2	6.982600000E+2
-1.224590000E-4	3.084550000E-6	4.190300000E+0	7.522476465E-2	7.004020000E+2
-1.224660000E-4	3.151610000E-6	4.179600000E+0	7.522476465E-2	7.025880000E+2
-1.224360000E-4	3.129260000E-6	4.169400000E+0	7.522476465E-2	7.046120000E+2
-1.224740000E-4	3.166510000E-6	4.159300000E+0	7.522476465E-2	7.064620000E+2
-1.224290000E-4	3.188860000E-6	4.146400000E+0	7.522476465E-2	7.094420000E+2
-1.225030000E-4	3.121810000E-6	4.134900000E+0	7.522476465E-2	7.118320000E+2
-1.225030000E-4	3.121810000E-6	4.123800000E+0	7.522476465E-2	7.135160000E+2
-1.225410000E-4	3.114360000E-6	4.111600000E+0	7.522476465E-2	7.162710000E+2
-1.224360000E-4	3.203760000E-6	4.099500000E+0	7.522476465E-2	7.186430000E+2
-1.225260000E-4	3.233570000E-6	4.088500000E+0	7.522476465E-2	7.211320000E+2
-1.225110000E-4	3.166510000E-6	4.077300000E+0	7.522476465E-2	7.230260000E+2
-1.224880000E-4	3.173960000E-6	4.064100000E+0	7.522476465E-2	7.254170000E+2
-1.224880000E-4	3.263370000E-6	4.053300000E+0	7.522476465E-2	7.280170000E+2
-1.225480000E-4	3.166510000E-6	4.042100000E+0	7.522476465E-2	7.302450000E+2
-1.224960000E-4	3.054750000E-6	4.029000000E+0	7.522476465E-2	7.322090000E+2
-1.225110000E-4	3.114360000E-6	4.016600000E+0	7.522476465E-2	7.351460000E+2
-1.225030000E-4	3.196310000E-6	4.006500000E+0	7.522476465E-2	7.374260000E+2
-1.224740000E-4	3.241020000E-6	3.995200000E+0	7.522476465E-2	7.390100000E+2
-1.225560000E-4	3.166510000E-6	3.983300000E+0	7.522476465E-2	7.419370000E+2
-1.224660000E-4	3.211210000E-6	3.972700000E+0	7.522476465E-2	7.438720000E+2
-1.225180000E-4	3.188860000E-6	3.962200000E+0	7.522476465E-2	7.458560000E+2
-1.225180000E-4	3.159060000E-6	3.951600000E+0	7.522476465E-2	7.484020000E+2
-1.225330000E-4	3.181410000E-6	3.941200000E+0	7.522476465E-2	7.506230000E+2
-1.224590000E-4	3.129260000E-6	3.930400000E+0	7.522476465E-2	7.521410000E+2
-1.225560000E-4	3.166510000E-6	3.918800000E+0	7.522476465E-2	7.547600000E+2
-1.225330000E-4	3.151610000E-6	3.906700000E+0	7.522476465E-2	7.574480000E+2
-1.225410000E-4	3.166510000E-6	3.894300000E+0	7.522476465E-2	7.594740000E+2
-1.226230000E-4	3.188860000E-6	3.883200000E+0	7.522476465E-2	7.619620000E+2
-1.225410000E-4	3.226120000E-6	3.871200000E+0	7.522476465E-2	7.642170000E+2
-1.225850000E-4	3.188860000E-6	3.860900000E+0	7.522476465E-2	7.662350000E+2
-1.225560000E-4	3.196310000E-6	3.848000000E+0	7.522476465E-2	7.692890000E+2
-1.225330000E-4	3.166510000E-6	3.835500000E+0	7.522476465E-2	7.710380000E+2
-1.224960000E-4	3.173960000E-6	3.824300000E+0	7.522476465E-2	7.739550000E+2
-1.225480000E-4	3.144160000E-6	3.810500000E+0	7.522476465E-2	7.759740000E+2
-1.225630000E-4	3.166510000E-6	3.799700000E+0	7.522476465E-2	7.787650000E+2
-1.225780000E-4	3.218670000E-6	3.787000000E+0	7.522476465E-2	7.808810000E+2
-1.225560000E-4	3.196310000E-6	3.774200000E+0	7.522476465E-2	7.837750000E+2
-1.225700000E-4	3.181410000E-6	3.762800000E+0	7.522476465E-2	7.860910000E+2
-1.225560000E-4	3.166510000E-6	3.751100000E+0	7.522476465E-2	7.880090000E+2
-1.225930000E-4	3.218670000E-6	3.741000000E+0	7.522476465E-2	7.905630000E+2
-1.226000000E-4	3.136710000E-6	3.730400000E+0	7.522476465E-2	7.930660000E+2
-1.225850000E-4	3.166510000E-6	3.719000000E+0	7.522476465E-2	7.943530000E+2
-1.226080000E-4	3.188860000E-6	3.706900000E+0	7.522476465E-2	7.972930000E+2
-1.226150000E-4	3.203760000E-6	3.696400000E+0	7.522476465E-2	7.995090000E+2
-1.226000000E-4	3.211210000E-6	3.685100000E+0	7.522476465E-2	8.012170000E+2
-1.225930000E-4	3.188860000E-6	3.674500000E+0	7.522476465E-2	8.035730000E+2
-1.225780000E-4	3.226120000E-6	3.664000000E+0	7.522476465E-2	8.060230000E+2
-1.225630000E-4	3.226120000E-6	3.653300000E+0	7.522476465E-2	8.079860000E+2
-1.225930000E-4	3.196310000E-6	3.641600000E+0	7.522476465E-2	8.094170000E+2
-1.226300000E-4	3.263370000E-6	3.631200000E+0	7.522476465E-2	8.122770000E+2
-1.226080000E-4	3.188860000E-6	3.619600000E+0	7.522476465E-2	8.148030000E+2
-1.225930000E-4	3.233570000E-6	3.603400000E+0	7.522476465E-2	8.173300000E+2
-1.226150000E-4	3.144160000E-6	3.591900000E+0	7.522476465E-2	8.204230000E+2
-1.226230000E-4	3.121810000E-6	3.578800000E+0	7.522476465E-2	8.225050000E+2
-1.225930000E-4	3.173960000E-6	3.566300000E+0	7.522476465E-2	8.255570000E+2
-1.226150000E-4	3.166510000E-6	3.551200000E+0	7.522476465E-2	8.288040000E+2
-1.225930000E-4	3.226120000E-6	3.537100000E+0	7.522476465E-2	8.319500000E+2
-1.226230000E-4	3.241020000E-6	3.525100000E+0	7.522476465E-2	8.340920000E+2
-1.226150000E-4	3.226120000E-6	3.509400000E+0	7.522476465E-2	8.378460000E+2
-1.226150000E-4	3.166510000E-6	3.498200000E+0	7.522476465E-2	8.400120000E+2
-1.226230000E-4	3.241020000E-6	3.486100000E+0	7.522476465E-2	8.425360000E+2
-1.225560000E-4	3.211210000E-6	3.475600000E+0	7.522476465E-2	8.446620000E+2
-1.226230000E-4	3.166510000E-6	3.460900000E+0	7.522476465E-2	8.478280000E+2
-1.225560000E-4	3.226120000E-6	3.450000000E+0	7.522476465E-2	8.499470000E+2
-1.226520000E-4	3.203760000E-6	3.433000000E+0	7.522476465E-2	8.537030000E+2
-1.226520000E-4	3.226120000E-6	3.422700000E+0	7.522476465E-2	8.558320000E+2
-1.226230000E-4	3.211210000E-6	3.410800000E+0	7.522476465E-2	8.590790000E+2
-1.226370000E-4	3.226120000E-6	3.397500000E+0	7.522476465E-2	8.611940000E+2
-1.226150000E-4	3.188860000E-6	3.382300000E+0	7.522476465E-2	8.643540000E+2
-1.226520000E-4	3.248470000E-6	3.369000000E+0	7.522476465E-2	8.675580000E+2
-1.226080000E-4	3.121810000E-6	3.356100000E+0	7.522476465E-2	8.697480000E+2
-1.226080000E-4	3.218670000E-6	3.343400000E+0	7.522476465E-2	8.729600000E+2
-1.226230000E-4	3.233570000E-6	3.329600000E+0	7.522476465E-2	8.750780000E+2
-1.226750000E-4	3.241020000E-6	3.316000000E+0	7.522476465E-2	8.786190000E+2
-1.226230000E-4	3.203760000E-6	3.301700000E+0	7.522476465E-2	8.808340000E+2
-1.226820000E-4	3.203760000E-6	3.287500000E+0	7.522476465E-2	8.845530000E+2
-1.226230000E-4	3.226120000E-6	3.276300000E+0	7.522476465E-2	8.866650000E+2
-1.226450000E-4	3.203760000E-6	3.262500000E+0	7.522476465E-2	8.896810000E+2
-1.226520000E-4	3.218670000E-6	3.249900000E+0	7.522476465E-2	8.918850000E+2
-1.226750000E-4	3.226120000E-6	3.237700000E+0	7.522476465E-2	8.950090000E+2
-1.226820000E-4	3.188860000E-6	3.226300000E+0	7.522476465E-2	8.971510000E+2
-1.226750000E-4	3.136710000E-6	3.215300000E+0	7.522476465E-2	8.997000000E+2
-1.226750000E-4	3.226120000E-6	3.202400000E+0	7.522476465E-2	9.018450000E+2
-1.226300000E-4	3.196310000E-6	3.187100000E+0	7.522476465E-2	9.055740000E+2
-1.226600000E-4	3.226120000E-6	3.169600000E+0	7.522476465E-2	9.087790000E+2
-1.227120000E-4	3.203760000E-6	3.158300000E+0	7.522476465E-2	9.118160000E+2
-1.226820000E-4	3.181410000E-6	3.146600000E+0	7.522476465E-2	9.139600000E+2
-1.226370000E-4	3.218670000E-6	3.129400000E+0	7.522476465E-2	9.171760000E+2
-1.226520000E-4	3.211210000E-6	3.117000000E+0	7.522476465E-2	9.204170000E+2
-1.226820000E-4	3.188860000E-6	3.106800000E+0	7.522476465E-2	9.224900000E+2
-1.226970000E-4	3.218670000E-6	3.095300000E+0	7.522476465E-2	9.246550000E+2
-1.226450000E-4	3.233570000E-6	3.085000000E+0	7.522476465E-2	9.277150000E+2
-1.226750000E-4	3.226120000E-6	3.070000000E+0	7.522476465E-2	9.298270000E+2
-1.226600000E-4	3.166510000E-6	3.051600000E+0	7.522476465E-2	9.339560000E+2
-1.227270000E-4	3.233570000E-6	3.040200000E+0	7.522476465E-2	9.361230000E+2
-1.226670000E-4	3.270820000E-6	3.029500000E+0	7.522476465E-2	9.386360000E+2
-1.226230000E-4	3.233570000E-6	3.019300000E+0	7.522476465E-2	9.412960000E+2
-1.226900000E-4	3.226120000E-6	3.002200000E+0	7.522476465E-2	9.439060000E+2
-1.226230000E-4	3.241020000E-6	2.988100000E+0	7.522476465E-2	9.475600000E+2
-1.226820000E-4	3.211210000E-6	2.976000000E+0	7.522476465E-2	9.497110000E+2
-1.226820000E-4	3.218670000E-6	2.962400000E+0	7.522476465E-2	9.527460000E+2
-1.226750000E-4	3.166510000E-6	2.951900000E+0	7.522476465E-2	9.549390000E+2
-1.227120000E-4	3.211210000E-6	2.938900000E+0	7.522476465E-2	9.581100000E+2
-1.226600000E-4	3.226120000E-6	2.927400000E+0	7.522476465E-2	9.601010000E+2
-1.225700000E-4	3.255920000E-6	2.909000000E+0	7.522476465E-2	9.632780000E+2
-1.226600000E-4	3.241020000E-6	2.896900000E+0	7.522476465E-2	9.669810000E+2
-1.226750000E-4	3.226120000E-6	2.881900000E+0	7.522476465E-2	9.690600000E+2
-1.226520000E-4	3.233570000E-6	2.868800000E+0	7.522476465E-2	9.728270000E+2
-1.226600000E-4	3.255920000E-6	2.857000000E+0	7.522476465E-2	9.748920000E+2
-1.226750000E-4	3.226120000E-6	2.841700000E+0	7.522476465E-2	9.781000000E+2
-1.227120000E-4	3.218670000E-6	2.826400000E+0	7.522476465E-2	9.812960000E+2
-1.227050000E-4	3.233570000E-6	2.814400000E+0	7.522476465E-2	9.845340000E+2
-1.226600000E-4	3.255920000E-6	2.801700000E+0	7.522476465E-2	9.866490000E+2
-1.226900000E-4	3.233570000E-6	2.785800000E+0	7.522476465E-2	9.899310000E+2
-1.226820000E-4	3.181410000E-6	2.773500000E+0	7.522476465E-2	9.930750000E+2
-1.226900000E-4	3.263370000E-6	2.760400000E+0	7.522476465E-2	9.951710000E+2
-1.227190000E-4	3.166510000E-6	2.747800000E+0	7.522476465E-2	9.983940000E+2
-1.226370000E-4	3.226120000E-6	2.735800000E+0	7.522476465E-2	1.000544000E+3
-1.227050000E-4	3.226120000E-6	2.725500000E+0	7.522476465E-2	1.002704000E+3
-1.226820000E-4	3.270820000E-6	2.710700000E+0	7.522476465E-2	1.005802000E+3
-1.227190000E-4	3.226120000E-6	2.698500000E+0	7.522476465E-2	1.008258000E+3
-1.226370000E-4	3.248470000E-6	2.687700000E+0	7.522476465E-2	1.010914000E+3
-1.227190000E-4	3.241020000E-6	2.675700000E+0	7.522476465E-2	1.013048000E+3
-1.226970000E-4	3.226120000E-6	2.665000000E+0	7.522476465E-2	1.016298000E+3
-1.227490000E-4	3.270820000E-6	2.651300000E+0	7.522476465E-2	1.018426000E+3
-1.226820000E-4	3.166510000E-6	2.635500000E+0	7.522476465E-2	1.021589000E+3
-1.227270000E-4	3.226120000E-6	2.622700000E+0	7.522476465E-2	1.024808000E+3
-1.227420000E-4	3.211210000E-6	2.609100000E+0	7.522476465E-2	1.026897000E+3
-1.227640000E-4	3.203760000E-6	2.598700000E+0	7.522476465E-2	1.029439000E+3
-1.226820000E-4	3.211210000E-6	2.588700000E+0	7.522476465E-2	1.032181000E+3
-1.227120000E-4	3.308070000E-6	2.571800000E+0	7.522476465E-2	1.034686000E+3
-1.227570000E-4	3.285720000E-6	2.556400000E+0	7.522476465E-2	1.038382000E+3
-1.226820000E-4	3.226120000E-6	2.544500000E+0	7.522476465E-2	1.040580000E+3
-1.226820000E-4	3.211210000E-6	2.534200000E+0	7.522476465E-2	1.043082000E+3
-1.226820000E-4	3.293170000E-6	2.523200000E+0	7.522476465E-2	1.045170000E+3
-1.227860000E-4	3.285720000E-6	2.509100000E+0	7.522476465E-2	1.048375000E+3
-1.227190000E-4	3.278270000E-6	2.495500000E+0	7.522476465E-2	1.051689000E+3
-1.227340000E-4	3.270820000E-6	2.483200000E+0	7.522476465E-2	1.053709000E+3
-1.226900000E-4	3.166510000E-6	2.470200000E+0	7.522476465E-2	1.056955000E+3
-1.226600000E-4	3.211210000E-6	2.459700000E+0	7.522476465E-2	1.059032000E+3
-1.227270000E-4	3.278270000E-6	2.447700000E+0	7.522476465E-2	1.061241000E+3
-1.227190000E-4	3.255920000E-6	2.435000000E+0	7.522476465E-2	1.063858000E+3
-1.226670000E-4	3.278270000E-6	2.422200000E+0	7.522476465E-2	1.067091000E+3
-1.227050000E-4	3.226120000E-6	2.408900000E+0	7.522476465E-2	1.069186000E+3
-1.227190000E-4	3.166510000E-6	2.397800000E+0	7.522476465E-2	1.072399000E+3
-1.226600000E-4	3.166510000E-6	2.385900000E+0	7.522476465E-2	1.074522000E+3
-1.227190000E-4	3.211210000E-6	2.373400000E+0	7.522476465E-2	1.077726000E+3
-1.226900000E-4	3.196310000E-6	2.357900000E+0	7.522476465E-2	1.079931000E+3
-1.227270000E-4	3.255920000E-6	2.345400000E+0	7.522476465E-2	1.082920000E+3
-1.227270000E-4	3.285720000E-6	2.333700000E+0	7.522476465E-2	1.086031000E+3
-1.226900000E-4	3.285720000E-6	2.319200000E+0	7.522476465E-2	1.088171000E+3
-1.226970000E-4	3.233570000E-6	2.305800000E+0	7.522476465E-2	1.091248000E+3
-1.227190000E-4	3.196310000E-6	2.291100000E+0	7.522476465E-2	1.094773000E+3
-1.228090000E-4	3.278270000E-6	2.278500000E+0	7.522476465E-2	1.096939000E+3
-1.226820000E-4	3.248470000E-6	2.265400000E+0	7.522476465E-2	1.100115000E+3
-1.226970000E-4	3.203760000E-6	2.253100000E+0	7.522476465E-2	1.102252000E+3
-1.226370000E-4	3.196310000E-6	2.242400000E+0	7.522476465E-2	1.104931000E+3
-1.227490000E-4	3.203760000E-6	2.231800000E+0	7.522476465E-2	1.107475000E+3
-1.226970000E-4	3.188860000E-6	2.218300000E+0	7.522476465E-2	1.109635000E+3
-1.227860000E-4	3.248470000E-6	2.201500000E+0	7.522476465E-2	1.113325000E+3
-1.227340000E-4	3.233570000E-6	2.190100000E+0	7.522476465E-2	1.116410000E+3
-1.226820000E-4	3.226120000E-6	2.173400000E+0	7.522476465E-2	1.118512000E+3
-1.227190000E-4	3.293170000E-6	2.159500000E+0	7.522476465E-2	1.122113000E+3
-1.227190000E-4	3.218670000E-6	2.147900000E+0	7.522476465E-2	1.124381000E+3
-1.227120000E-4	3.263370000E-6	2.136100000E+0	7.522476465E-2	1.126929000E+3
-1.227720000E-4	3.255920000E-6	2.120100000E+0	7.522476465E-2	1.130563000E+3
-1.226820000E-4	3.226120000E-6	2.110000000E+0	7.522476465E-2	1.132726000E+3
-1.227420000E-4	3.233570000E-6	2.092600000E+0	7.522476465E-2	1.135872000E+3
-1.227570000E-4	3.218670000E-6	2.082500000E+0	7.522476465E-2	1.138604000E+3
-1.226900000E-4	3.270820000E-6	2.071800000E+0	7.522476465E-2	1.140685000E+3
-1.227340000E-4	3.248470000E-6	2.058000000E+0	7.522476465E-2	1.143854000E+3
-1.227420000E-4	3.270820000E-6	2.046800000E+0	7.522476465E-2	1.145994000E+3
-1.227340000E-4	3.263370000E-6	2.030700000E+0	7.522476465E-2	1.149193000E+3
-1.227050000E-4	3.255920000E-6	2.017700000E+0	7.522476465E-2	1.152414000E+3
-1.227120000E-4	3.248470000E-6	2.006800000E+0	7.522476465E-2	1.154509000E+3
-1.227050000E-4	3.263370000E-6	2.018200000E+0	7.522476465E-2	1.287662000E+3
-1.227190000E-4	3.151610000E-6	2.029700000E+0	7.522476465E-2	1.290483000E+3
-1.226750000E-4	3.278270000E-6	2.040000000E+0	7.522476465E-2	1.292413000E+3
-1.227640000E-4	3.211210000E-6	2.051100000E+0	7.522476465E-2	1.294822000E+3
-1.227420000E-4	3.270820000E-6	2.061100000E+0	7.522476465E-2	1.296924000E+3
-1.227050000E-4	3.226120000E-6	2.072300000E+0	7.522476465E-2	1.299000000E+3
-1.227270000E-4	3.255920000E-6	2.083300000E+0	7.522476465E-2	1.301433000E+3
-1.227120000E-4	3.226120000E-6	2.095600000E+0	7.522476465E-2	1.303627000E+3
-1.227120000E-4	3.188860000E-6	2.108200000E+0	7.522476465E-2	1.306069000E+3
-1.227720000E-4	3.248470000E-6	2.119000000E+0	7.522476465E-2	1.308713000E+3
-1.227720000E-4	3.263370000E-6	2.130500000E+0	7.522476465E-2	1.310842000E+3
-1.227490000E-4	3.233570000E-6	2.141800000E+0	7.522476465E-2	1.313216000E+3
-1.227050000E-4	3.218670000E-6	2.154000000E+0	7.522476465E-2	1.315279000E+3
-1.227490000E-4	3.233570000E-6	2.165000000E+0	7.522476465E-2	1.317921000E+3
-1.227190000E-4	3.255920000E-6	2.175600000E+0	7.522476465E-2	1.319938000E+3
-1.227490000E-4	3.233570000E-6	2.187400000E+0	7.522476465E-2	1.321827000E+3
-1.227120000E-4	3.173960000E-6	2.197900000E+0	7.522476465E-2	1.324225000E+3
-1.226900000E-4	3.293170000E-6	2.208900000E+0	7.522476465E-2	1.326617000E+3
-1.226970000E-4	3.151610000E-6	2.220100000E+0	7.522476465E-2	1.328561000E+3
-1.227120000E-4	3.226120000E-6	2.231100000E+0	7.522476465E-2	1.330725000E+3
-1.227420000E-4	3.233570000E-6	2.241600000E+0	7.522476465E-2	1.332996000E+3
-1.226820000E-4	3.226120000E-6	2.253300000E+0	7.522476465E-2	1.335365000E+3
-1.226820000E-4	3.241020000E-6	2.265300000E+0	7.522476465E-2	1.337507000E+3
-1.226970000E-4	3.203760000E-6	2.277600000E+0	7.522476465E-2	1.340302000E+3
-1.227790000E-4	3.226120000E-6	2.288300000E+0	7.522476465E-2	1.342050000E+3
-1.226970000E-4	3.196310000E-6	2.301200000E+0	7.522476465E-2	1.344908000E+3
-1.227490000E-4	3.203760000E-6	2.312500000E+0	7.522476465E-2	1.347370000E+3
-1.227720000E-4	3.293170000E-6	2.323600000E+0	7.522476465E-2	1.349099000E+3
-1.226900000E-4	3.211210000E-6	2.334100000E+0	7.522476465E-2	1.351911000E+3
-1.227190000E-4	3.188860000E-6	2.347100000E+0	7.522476465E-2	1.353879000E+3
-1.226820000E-4	3.263370000E-6	2.358400000E+0	7.522476465E-2	1.356572000E+3
-1.227120000E-4	3.241020000E-6	2.370400000E+0	7.522476465E-2	1.358573000E+3
-1.227050000E-4	3.211210000E-6	2.381000000E+0	7.522476465E-2	1.361163000E+3
-1.226600000E-4	3.218670000E-6	2.391500000E+0	7.522476465E-2	1.362771000E+3
-1.226900000E-4	3.248470000E-6	2.402700000E+0	7.522476465E-2	1.365485000E+3
-1.226900000E-4	3.248470000E-6	2.414100000E+0	7.522476465E-2	1.367216000E+3
-1.227790000E-4	3.233570000E-6	2.425200000E+0	7.522476465E-2	1.370168000E+3
-1.227050000E-4	3.218670000E-6	2.435600000E+0	7.522476465E-2	1.371818000E+3
-1.226970000E-4	3.173960000E-6	2.447300000E+0	7.522476465E-2	1.374071000E+3
-1.226820000E-4	3.226120000E-6	2.457400000E+0	7.522476465E-2	1.376063000E+3
-1.227050000E-4	3.233570000E-6	2.470000000E+0	7.522476465E-2	1.378948000E+3
-1.226670000E-4	3.248470000E-6	2.484200000E+0	7.522476465E-2	1.381211000E+3
-1.226450000E-4	3.233570000E-6	2.496800000E+0	7.522476465E-2	1.384158000E+3
-1.226750000E-4	3.173960000E-6	2.508200000E+0	7.522476465E-2	1.385923000E+3
-1.226520000E-4	3.136710000E-6	2.519700000E+0	7.522476465E-2	1.388860000E+3
-1.227190000E-4	3.241020000E-6	2.529800000E+0	7.522476465E-2	1.391000000E+3
-1.227640000E-4	3.211210000E-6	2.542000000E+0	7.522476465E-2	1.393005000E+3
-1.226820000E-4	3.255920000E-6	2.552800000E+0	7.522476465E-2	1.395359000E+3
-1.227340000E-4	3.248470000E-6	2.564900000E+0	7.522476465E-2	1.397796000E+3
-1.226970000E-4	3.203760000E-6	2.575500000E+0	7.522476465E-2	1.399374000E+3
-1.227050000E-4	3.233570000E-6	2.588900000E+0	7.522476465E-2	1.402283000E+3
-1.226600000E-4	3.211210000E-6	2.600400000E+0	7.522476465E-2	1.404996000E+3
-1.226970000E-4	3.248470000E-6	2.612700000E+0	7.522476465E-2	1.406975000E+3
-1.226820000E-4	3.248470000E-6	2.622700000E+0	7.522476465E-2	1.409423000E+3
-1.227050000E-4	3.211210000E-6	2.637600000E+0	7.522476465E-2	1.411917000E+3
-1.226970000E-4	3.270820000E-6	2.648300000E+0	7.522476465E-2	1.414295000E+3
-1.227190000E-4	3.233570000E-6	2.660200000E+0	7.522476465E-2	1.416879000E+3
-1.227570000E-4	3.270820000E-6	2.670500000E+0	7.522476465E-2	1.418437000E+3
-1.226900000E-4	3.293170000E-6	2.680800000E+0	7.522476465E-2	1.420871000E+3
-1.226670000E-4	3.218670000E-6	2.692000000E+0	7.522476465E-2	1.423378000E+3
-1.227120000E-4	3.114360000E-6	2.703600000E+0	7.522476465E-2	1.425089000E+3
-1.227420000E-4	3.233570000E-6	2.714100000E+0	7.522476465E-2	1.427928000E+3
-1.226750000E-4	3.263370000E-6	2.725500000E+0	7.522476465E-2	1.429485000E+3
-1.227120000E-4	3.270820000E-6	2.735900000E+0	7.522476465E-2	1.431902000E+3
-1.226820000E-4	3.226120000E-6	2.747500000E+0	7.522476465E-2	1.434187000E+3
-1.226080000E-4	3.226120000E-6	2.758300000E+0	7.522476465E-2	1.436605000E+3
-1.226820000E-4	3.218670000E-6	2.771000000E+0	7.522476465E-2	1.439010000E+3
-1.227340000E-4	3.241020000E-6	2.781400000E+0	7.522476465E-2	1.441105000E+3
-1.227490000E-4	3.300620000E-6	2.793500000E+0	7.522476465E-2	1.443129000E+3
-1.226520000E-4	3.226120000E-6	2.803900000E+0	7.522476465E-2	1.445545000E+3
-1.227050000E-4	3.285720000E-6	2.816600000E+0	7.522476465E-2	1.448072000E+3
-1.227340000E-4	3.248470000E-6	2.829300000E+0	7.522476465E-2	1.450439000E+3
-1.226820000E-4	3.278270000E-6	2.841700000E+0	7.522476465E-2	1.453002000E+3
-1.226600000E-4	3.263370000E-6	2.852800000E+0	7.522476465E-2	1.455495000E+3
-1.227120000E-4	3.255920000E-6	2.865000000E+0	7.522476465E-2	1.457559000E+3
-1.227490000E-4	3.226120000E-6	2.875800000E+0	7.522476465E-2	1.460044000E+3
-1.226670000E-4	3.263370000E-6	2.886300000E+0	7.522476465E-2	1.461730000E+3
-1.226820000E-4	3.226120000E-6	2.897100000E+0	7.522476465E-2	1.464030000E+3
-1.227190000E-4	3.241020000E-6	2.908500000E+0	7.522476465E-2	1.466513000E+3
-1.226520000E-4	3.263370000E-6	2.918800000E+0	7.522476465E-2	1.468456000E+3
-1.226670000E-4	3.278270000E-6	2.930400000E+0	7.522476465E-2	1.470555000E+3
-1.226300000E-4	3.263370000E-6	2.941900000E+0	7.522476465E-2	1.473088000E+3
-1.226900000E-4	3.233570000E-6	2.954200000E+0	7.522476465E-2	1.475534000E+3
-1.226520000E-4	3.241020000E-6	2.965700000E+0	7.522476465E-2	1.477545000E+3
-1.227190000E-4	3.248470000E-6	2.976900000E+0	7.522476465E-2	1.480186000E+3
-1.226900000E-4	3.233570000E-6	2.987100000E+0	7.522476465E-2	1.481822000E+3
-1.226670000E-4	3.263370000E-6	2.997400000E+0	7.522476465E-2	1.484639000E+3
-1.226970000E-4	3.241020000E-6	3.007500000E+0	7.522476465E-2	1.485816000E+3
-1.227420000E-4	3.218670000E-6	3.017700000E+0	7.522476465E-2	1.488253000E+3
-1.226670000E-4	3.278270000E-6	3.029300000E+0	7.522476465E-2	1.490605000E+3
-1.226600000E-4	3.248470000E-6	3.040700000E+0	7.522476465E-2	1.492639000E+3
-1.226300000E-4	3.233570000E-6	3.054200000E+0	7.522476465E-2	1.495692000E+3
-1.226600000E-4	3.226120000E-6	3.064500000E+0	7.522476465E-2	1.497336000E+3
-1.226000000E-4	3.211210000E-6	3.075500000E+0	7.522476465E-2	1.500060000E+3
-1.226230000E-4	3.196310000E-6	3.085600000E+0	7.522476465E-2	1.501385000E+3
-1.226600000E-4	3.278270000E-6	3.099600000E+0	7.522476465E-2	1.504781000E+3
-1.226670000E-4	3.241020000E-6	3.112400000E+0	7.522476465E-2	1.506760000E+3
-1.226370000E-4	3.226120000E-6	3.123900000E+0	7.522476465E-2	1.509551000E+3
-1.226230000E-4	3.337870000E-6	3.134900000E+0	7.522476465E-2	1.511514000E+3
-1.226450000E-4	3.263370000E-6	3.146000000E+0	7.522476465E-2	1.513915000E+3
-1.226520000E-4	3.285720000E-6	3.156000000E+0	7.522476465E-2	1.516108000E+3
-1.225700000E-4	3.263370000E-6	3.168200000E+0	7.522476465E-2	1.518115000E+3
-1.226670000E-4	3.278270000E-6	3.180100000E+0	7.522476465E-2	1.520861000E+3
-1.226820000E-4	3.278270000E-6	3.190700000E+0	7.522476465E-2	1.522785000E+3
-1.226750000E-4	3.241020000E-6	3.201700000E+0	7.522476465E-2	1.525128000E+3
-1.226900000E-4	3.255920000E-6	3.212600000E+0	7.522476465E-2	1.527580000E+3
-1.226080000E-4	3.248470000E-6	3.223800000E+0	7.522476465E-2	1.529124000E+3
-1.226520000E-4	3.218670000E-6	3.235900000E+0	7.522476465E-2	1.532170000E+3
-1.226900000E-4	3.248470000E-6	3.248500000E+0	7.522476465E-2	1.534094000E+3
-1.226370000E-4	3.255920000E-6	3.260300000E+0	7.522476465E-2	1.536874000E+3
-1.226300000E-4	3.270820000E-6	3.272500000E+0	7.522476465E-2	1.538979000E+3
-1.226670000E-4	3.218670000E-6	3.282800000E+0	7.522476465E-2	1.541413000E+3
-1.226970000E-4	3.248470000E-6	3.293600000E+0	7.522476465E-2	1.543793000E+3
-1.226970000E-4	3.233570000E-6	3.305500000E+0	7.522476465E-2	1.545441000E+3
-1.226150000E-4	3.248470000E-6	3.316900000E+0	7.522476465E-2	1.548322000E+3
-1.226750000E-4	3.270820000E-6	3.328900000E+0	7.522476465E-2	1.550130000E+3
-1.226300000E-4	3.218670000E-6	3.339000000E+0	7.522476465E-2	1.552439000E+3
-1.226230000E-4	3.337870000E-6	3.349700000E+0	7.522476465E-2	1.554837000E+3
-1.226450000E-4	3.211210000E-6	3.359800000E+0	7.522476465E-2	1.556557000E+3
-1.227190000E-4	3.263370000E-6	3.370000000E+0	7.522476465E-2	1.558870000E+3
-1.226520000E-4	3.226120000E-6	3.384100000E+0	7.522476465E-2	1.561457000E+3
-1.226150000E-4	3.203760000E-6	3.395100000E+0	7.522476465E-2	1.563603000E+3
-1.226150000E-4	3.226120000E-6	3.406500000E+0	7.522476465E-2	1.566393000E+3
-1.226450000E-4	3.226120000E-6	3.417900000E+0	7.522476465E-2	1.568321000E+3
-1.226000000E-4	3.241020000E-6	3.429600000E+0	7.522476465E-2	1.570922000E+3
-1.226080000E-4	3.293170000E-6	3.440700000E+0	7.522476465E-2	1.572469000E+3
-1.226080000E-4	3.188860000E-6	3.451200000E+0	7.522476465E-2	1.574896000E+3
-1.226370000E-4	3.270820000E-6	3.461300000E+0	7.522476465E-2	1.577239000E+3
-1.226000000E-4	3.241020000E-6	3.472400000E+0	7.522476465E-2	1.579148000E+3
-1.226450000E-4	3.166510000E-6	3.482400000E+0	7.522476465E-2	1.581428000E+3
-1.226080000E-4	3.226120000E-6	3.494200000E+0	7.522476465E-2	1.583458000E+3
-1.226230000E-4	3.255920000E-6	3.505100000E+0	7.522476465E-2	1.585849000E+3
-1.225850000E-4	3.270820000E-6	3.515400000E+0	7.522476465E-2	1.587924000E+3
-1.226520000E-4	3.241020000E-6	3.526100000E+0	7.522476465E-2	1.589908000E+3
-1.226230000E-4	3.300620000E-6	3.537700000E+0	7.522476465E-2	1.592056000E+3
-1.226900000E-4	3.218670000E-6	3.548500000E+0	7.522476465E-2	1.594882000E+3
-1.226600000E-4	3.226120000E-6	3.559100000E+0	7.522476465E-2	1.596463000E+3
-1.225930000E-4	3.218670000E-6	3.569100000E+0	7.522476465E-2	1.598592000E+3
-1.226080000E-4	3.203760000E-6	3.580600000E+0	7.522476465E-2	1.600592000E+3
-1.225780000E-4	3.196310000E-6	3.590900000E+0	7.522476465E-2	1.602981000E+3
-1.226370000E-4	3.233570000E-6	3.602100000E+0	7.522476465E-2	1.605407000E+3
-1.225700000E-4	3.211210000E-6	3.613300000E+0	7.522476465E-2	1.606983000E+3
-1.225780000E-4	3.255920000E-6	3.623600000E+0	7.522476465E-2	1.609452000E+3
-1.226150000E-4	3.233570000E-6	3.634800000E+0	7.522476465E-2	1.612007000E+3
-1.226300000E-4	3.196310000E-6	3.646700000E+0	7.522476465E-2	1.613903000E+3
-1.226080000E-4	3.255920000E-6	3.657500000E+0	7.522476465E-2	1.616041000E+3
-1.226230000E-4	3.270820000E-6	3.668300000E+0	7.522476465E-2	1.618844000E+3
-1.225560000E-4	3.270820000E-6	3.679000000E+0	7.522476465E-2	1.620438000E+3
-1.226000000E-4	3.226120000E-6	3.690600000E+0	7.522476465E-2	1.622901000E+3
-1.225410000E-4	3.159060000E-6	3.702100000E+0	7.522476465E-2	1.625125000E+3
-1.225560000E-4	3.226120000E-6	3.713100000E+0	7.522476465E-2	1.627122000E+3
-1.225410000E-4	3.129260000E-6	3.723100000E+0	7.522476465E-2	1.629510000E+3
-1.226150000E-4	3.203760000E-6	3.733600000E+0	7.522476465E-2	1.631507000E+3
-1.225260000E-4	3.218670000E-6	3.744500000E+0	7.522476465E-2	1.633517000E+3
-1.225560000E-4	3.181410000E-6	3.754900000E+0	7.522476465E-2	1.635980000E+3
-1.226080000E-4	3.226120000E-6	3.766600000E+0	7.522476465E-2	1.637958000E+3
-1.226000000E-4	3.211210000E-6	3.776600000E+0	7.522476465E-2	1.639930000E+3
-1.226370000E-4	3.241020000E-6	3.786700000E+0	7.522476465E-2	1.642305000E+3
-1.225700000E-4	3.188860000E-6	3.797400000E+0	7.522476465E-2	1.644112000E+3
-1.225260000E-4	3.285720000E-6	3.808400000E+0	7.522476465E-2	1.646187000E+3
-1.225110000E-4	3.293170000E-6	3.819700000E+0	7.522476465E-2	1.648982000E+3
-1.225330000E-4	3.263370000E-6	3.831400000E+0	7.522476465E-2	1.650973000E+3
-1.225330000E-4	3.226120000E-6	3.842800000E+0	7.522476465E-2	1.653387000E+3
-1.225480000E-4	3.226120000E-6	3.853300000E+0	7.522476465E-2	1.655119000E+3
-1.226150000E-4	3.203760000E-6	3.863900000E+0	7.522476465E-2	1.657577000E+3
-1.225410000E-4	3.203760000E-6	3.874100000E+0	7.522476465E-2	1.659638000E+3
-1.225780000E-4	3.226120000E-6	3.885900000E+0	7.522476465E-2	1.661629000E+3
-1.224880000E-4	3.226120000E-6	3.897500000E+0	7.522476465E-2	1.664454000E+3
-1.225030000E-4	3.226120000E-6	3.909200000E+0	7.522476465E-2	1.666469000E+3
-1.225180000E-4	3.211210000E-6	3.920200000E+0	7.522476465E-2	1.668873000E+3
-1.225410000E-4	3.203760000E-6	3.930900000E+0	7.522476465E-2	1.670903000E+3
-1.225560000E-4	3.166510000E-6	3.943500000E+0	7.522476465E-2	1.673642000E+3
-1.225560000E-4	3.226120000E-6	3.954700000E+0	7.522476465E-2	1.675400000E+3
-1.224960000E-4	3.188860000E-6	3.964900000E+0	7.522476465E-2	1.677805000E+3
-1.225180000E-4	3.226120000E-6	3.977200000E+0	7.522476465E-2	1.680169000E+3
-1.224960000E-4	3.196310000E-6	3.989000000E+0	7.522476465E-2	1.682167000E+3
-1.224960000E-4	3.233570000E-6	4.000200000E+0	7.522476465E-2	1.685175000E+3
-1.224960000E-4	3.181410000E-6	4.012700000E+0	7.522476465E-2	1.686899000E+3
-1.225410000E-4	3.255920000E-6	4.024400000E+0	7.522476465E-2	1.689710000E+3
-1.224660000E-4	3.278270000E-6	4.034600000E+0	7.522476465E-2	1.692079000E+3
-1.225480000E-4	3.159060000E-6	4.046500000E+0	7.522476465E-2	1.693635000E+3
-1.224740000E-4	3.226120000E-6	4.060600000E+0	7.522476465E-2	1.696978000E+3
-1.224880000E-4	3.263370000E-6	4.072500000E+0	7.522476465E-2	1.698980000E+3
-1.225030000E-4	3.226120000E-6	4.083500000E+0	7.522476465E-2	1.701376000E+3
-1.225410000E-4	3.211210000E-6	4.095200000E+0	7.522476465E-2	1.703752000E+3
-1.224810000E-4	3.248470000E-6	4.106400000E+0	7.522476465E-2	1.706157000E+3
-1.224440000E-4	3.188860000E-6	4.117300000E+0	7.522476465E-2	1.707956000E+3
-1.225030000E-4	3.188860000E-6	4.128400000E+0	7.522476465E-2	1.710684000E+3
-1.224810000E-4	3.226120000E-6	4.138800000E+0	7.522476465E-2	1.712306000E+3
-1.224960000E-4	3.233570000E-6	4.151400000E+0	7.522476465E-2	1.715165000E+3
-1.225110000E-4	3.166510000E-6	4.163000000E+0	7.522476465E-2	1.717523000E+3
-1.224440000E-4	3.211210000E-6	4.173200000E+0	7.522476465E-2	1.719232000E+3
-1.224590000E-4	3.218670000E-6	4.184200000E+0	7.522476465E-2	1.721372000E+3
-1.224880000E-4	3.196310000E-6	4.194200000E+0	7.522476465E-2	1.723737000E+3
-1.224440000E-4	3.196310000E-6	4.206800000E+0	7.522476465E-2	1.725814000E+3
-1.224210000E-4	3.196310000E-6	4.219200000E+0	7.522476465E-2	1.728562000E+3
-1.224290000E-4	3.196310000E-6	4.230200000E+0	7.522476465E-2	1.730974000E+3
-1.224070000E-4	3.151610000E-6	4.240600000E+0	7.522476465E-2	1.732624000E+3
-1.224880000E-4	3.233570000E-6	4.251700000E+0	7.522476465E-2	1.735165000E+3
-1.223770000E-4	3.159060000E-6	4.263000000E+0	7.522476465E-2	1.737487000E+3
-1.224740000E-4	3.173960000E-6	4.273100000E+0	7.522476465E-2	1.739094000E+3
-1.224880000E-4	3.211210000E-6	4.284000000E+0	7.522476465E-2	1.741621000E+3
-1.224510000E-4	3.218670000E-6	4.294100000E+0	7.522476465E-2	1.743628000E+3
-1.223540000E-4	3.166510000E-6	4.306100000E+0	7.522476465E-2	1.745694000E+3
-1.224210000E-4	3.136710000E-6	4.317900000E+0	7.522476465E-2	1.748480000E+3
-1.223920000E-4	3.203760000E-6	4.329400000E+0	7.522476465E-2	1.750825000E+3
-1.224290000E-4	3.196310000E-6	4.340100000E+0	7.522476465E-2	1.752464000E+3
-1.223990000E-4	3.166510000E-6	4.350400000E+0	7.522476465E-2	1.754996000E+3
-1.224590000E-4	3.106910000E-6	4.361600000E+0	7.522476465E-2	1.757342000E+3
-1.224440000E-4	3.114360000E-6	4.371900000E+0	7.522476465E-2	1.758553000E+3
-1.223990000E-4	3.188860000E-6	4.384600000E+0	7.522476465E-2	1.761547000E+3
-1.223770000E-4	3.151610000E-6	4.396300000E+0	7.522476465E-2	1.764009000E+3
-1.223690000E-4	3.226120000E-6	4.408500000E+0	7.522476465E-2	1.766726000E+3
-1.223540000E-4	3.226120000E-6	4.420600000E+0	7.522476465E-2	1.768787000E+3
-1.223390000E-4	3.218670000E-6	4.431400000E+0	7.522476465E-2	1.771088000E+3
-1.223770000E-4	3.196310000E-6	4.444300000E+0	7.522476465E-2	1.773519000E+3
-1.223390000E-4	3.159060000E-6	4.457700000E+0	7.522476465E-2	1.776082000E+3
-1.223770000E-4	3.166510000E-6	4.469300000E+0	7.522476465E-2	1.778566000E+3
-1.223470000E-4	3.151610000E-6	4.479700000E+0	7.522476465E-2	1.780953000E+3
-1.223170000E-4	3.129260000E-6	4.491300000E+0	7.522476465E-2	1.782967000E+3
-1.222650000E-4	3.211210000E-6	4.503700000E+0	7.522476465E-2	1.785753000E+3
-1.223320000E-4	3.092010000E-6	4.514700000E+0	7.522476465E-2	1.787442000E+3
-1.223840000E-4	3.159060000E-6	4.525100000E+0	7.522476465E-2	1.789754000E+3
-1.222720000E-4	3.092010000E-6	4.535200000E+0	7.522476465E-2	1.791971000E+3
-1.222950000E-4	3.099460000E-6	4.546300000E+0	7.522476465E-2	1.793968000E+3
-1.223020000E-4	3.106910000E-6	4.557300000E+0	7.522476465E-2	1.795893000E+3
-1.223470000E-4	3.181410000E-6	4.568400000E+0	7.522476465E-2	1.798718000E+3
-1.222280000E-4	3.144160000E-6	4.579000000E+0	7.522476465E-2	1.800309000E+3
-1.222800000E-4	3.181410000E-6	4.591700000E+0	7.522476465E-2	1.803230000E+3
-1.222500000E-4	3.151610000E-6	4.602200000E+0	7.522476465E-2	1.805252000E+3
-1.222580000E-4	3.106910000E-6	4.614200000E+0	7.522476465E-2	1.807246000E+3
-1.223540000E-4	3.151610000E-6	4.626400000E+0	7.522476465E-2	1.810089000E+3
-1.222350000E-4	3.106910000E-6	4.637700000E+0	7.522476465E-2	1.812496000E+3
-1.221980000E-4	3.181410000E-6	4.650300000E+0	7.522476465E-2	1.814438000E+3
-1.222430000E-4	3.136710000E-6	4.660700000E+0	7.522476465E-2	1.817011000E+3
-1.222200000E-4	3.166510000E-6	4.672200000E+0	7.522476465E-2	1.819101000E+3
-1.221760000E-4	3.121810000E-6	4.683800000E+0	7.522476465E-2	1.821926000E+3
-1.221760000E-4	3.114360000E-6	4.695200000E+0	7.522476465E-2	1.823532000E+3
-1.222130000E-4	3.099460000E-6	4.707300000E+0	7.522476465E-2	1.826357000E+3
-1.221830000E-4	3.173960000E-6	4.718400000E+0	7.522476465E-2	1.828769000E+3
-1.221760000E-4	3.166510000E-6	4.730100000E+0	7.522476465E-2	1.830313000E+3
-1.221080000E-4	3.121810000E-6	4.741100000E+0	7.522476465E-2	1.832866000E+3
-1.221160000E-4	3.114360000E-6	4.752400000E+0	7.522476465E-2	1.835240000E+3
-1.221080000E-4	3.099460000E-6	4.763200000E+0	7.522476465E-2	1.837643000E+3
-1.221160000E-4	3.077100000E-6	4.773300000E+0	7.522476465E-2	1.839244000E+3
-1.220630000E-4	3.114360000E-6	4.784500000E+0	7.522476465E-2	1.841697000E+3
-1.220410000E-4	3.114360000E-6	4.796400000E+0	7.522476465E-2	1.844052000E+3
-1.220710000E-4	3.024950000E-6	4.808300000E+0	7.522476465E-2	1.846055000E+3
-1.220710000E-4	3.077100000E-6	4.819800000E+0	7.522476465E-2	1.848921000E+3
-1.220480000E-4	3.047300000E-6	4.832600000E+0	7.522476465E-2	1.851026000E+3
-1.220340000E-4	3.039850000E-6	4.843000000E+0	7.522476465E-2	1.853459000E+3
-1.219660000E-4	3.114360000E-6	4.853900000E+0	7.522476465E-2	1.855398000E+3
-1.220110000E-4	3.099460000E-6	4.864500000E+0	7.522476465E-2	1.857808000E+3
-1.220040000E-4	3.039850000E-6	4.877200000E+0	7.522476465E-2	1.859965000E+3
-1.219660000E-4	3.062200000E-6	4.889700000E+0	7.522476465E-2	1.862771000E+3
-1.219070000E-4	3.024950000E-6	4.900800000E+0	7.522476465E-2	1.865173000E+3
-1.219070000E-4	3.039850000E-6	4.916000000E+0	7.522476465E-2	1.867645000E+3
-1.219070000E-4	3.039850000E-6	4.928100000E+0	7.522476465E-2	1.870524000E+3
-1.218700000E-4	3.017500000E-6	4.938800000E+0	7.522476465E-2	1.872912000E+3
-1.218700000E-4	3.024950000E-6	4.951000000E+0	7.522476465E-2	1.874517000E+3
-1.217880000E-4	2.972800000E-6	4.962700000E+0	7.522476465E-2	1.876991000E+3
-1.217430000E-4	2.980250000E-6	4.973200000E+0	7.522476465E-2	1.878992000E+3
-1.217360000E-4	3.002600000E-6	4.984100000E+0	7.522476465E-2	1.881804000E+3
-1.217360000E-4	2.972800000E-6	4.995100000E+0	7.522476465E-2	1.883810000E+3
-1.217280000E-4	2.957900000E-6	5.005500000E+0	7.522476465E-2	1.885806000E+3
-1.216830000E-4	2.972800000E-6	5.017200000E+0	7.522476465E-2	1.888628000E+3
-1.217060000E-4	2.972800000E-6	5.029000000E+0	7.522476465E-2	1.890183000E+3
-1.215790000E-4	2.913190000E-6	5.039200000E+0	7.522476465E-2	1.892589000E+3
-1.215190000E-4	2.890840000E-6	5.050800000E+0	7.522476465E-2	1.895009000E+3
-1.215790000E-4	2.950440000E-6	5.062600000E+0	7.522476465E-2	1.897430000E+3
-1.214970000E-4	2.898290000E-6	5.074000000E+0	7.522476465E-2	1.899156000E+3
-1.215120000E-4	2.831240000E-6	5.085000000E+0	7.522476465E-2	1.901933000E+3
-1.214150000E-4	2.846140000E-6	5.095400000E+0	7.522476465E-2	1.904083000E+3
-1.213480000E-4	2.846140000E-6	5.106500000E+0	7.522476465E-2	1.905654000E+3
-1.213330000E-4	2.808880000E-6	5.118500000E+0	7.522476465E-2	1.908475000E+3
-1.212290000E-4	2.786530000E-6	5.129800000E+0	7.522476465E-2	1.910855000E+3
-1.211620000E-4	2.719480000E-6	5.141500000E+0	7.522476465E-2	1.912876000E+3
-1.211170000E-4	2.704580000E-6	5.154100000E+0	7.522476465E-2	1.915662000E+3
-1.210430000E-4	2.667320000E-6	5.165100000E+0	7.522476465E-2	1.917864000E+3
-1.209760000E-4	2.585370000E-6	5.177500000E+0	7.522476465E-2	1.920241000E+3
-1.209380000E-4	2.637520000E-6	5.187600000E+0	7.522476465E-2	1.922014000E+3
-1.208340000E-4	2.615170000E-6	5.197800000E+0	7.522476465E-2	1.924359000E+3
-1.207000000E-4	2.548110000E-6	5.211100000E+0	7.522476465E-2	1.927138000E+3
-1.206250000E-4	2.540660000E-6	5.222100000E+0	7.522476465E-2	1.928733000E+3
-1.205960000E-4	2.481060000E-6	5.232200000E+0	7.522476465E-2	1.931130000E+3
-1.203870000E-4	2.421450000E-6	5.243100000E+0	7.522476465E-2	1.933525000E+3
-1.203420000E-4	2.414000000E-6	5.255600000E+0	7.522476465E-2	1.935562000E+3
-1.201410000E-4	2.279890000E-6	5.268200000E+0	7.522476465E-2	1.938343000E+3
-1.200220000E-4	2.250090000E-6	5.278700000E+0	7.522476465E-2	1.940377000E+3
-1.198130000E-4	2.190490000E-6	5.289300000E+0	7.522476465E-2	1.942742000E+3
-1.196490000E-4	2.175580000E-6	5.301800000E+0	7.522476465E-2	1.945134000E+3
-1.194560000E-4	2.019120000E-6	5.313000000E+0	7.522476465E-2	1.947168000E+3
-1.191800000E-4	1.914810000E-6	5.324400000E+0	7.522476465E-2	1.949567000E+3
-1.190010000E-4	1.937170000E-6	5.335000000E+0	7.522476465E-2	1.952188000E+3
-1.187780000E-4	1.795600000E-6	5.346000000E+0	7.522476465E-2	1.953804000E+3
-1.185540000E-4	1.609330000E-6	5.356300000E+0	7.522476465E-2	1.955810000E+3
-1.181960000E-4	1.557180000E-6	5.367500000E+0	7.522476465E-2	1.958217000E+3
-1.178690000E-4	1.415620000E-6	5.379800000E+0	7.522476465E-2	1.960994000E+3
-1.175710000E-4	1.296410000E-6	5.390100000E+0	7.522476465E-2	1.962590000E+3
-1.171380000E-4	1.095240000E-6	5.401400000E+0	7.522476465E-2	1.965067000E+3
-1.166690000E-4	9.387770000E-7	5.411400000E+0	7.522476465E-2	1.967417000E+3
-1.163190000E-4	7.674130000E-7	5.423400000E+0	7.522476465E-2	1.969002000E+3
-1.156780000E-4	4.991930000E-7	5.434600000E+0	7.522476465E-2	1.971551000E+3
-1.150600000E-4	2.682230000E-7	5.444600000E+0	7.522476465E-2	1.973671000E+3
-1.142550000E-4	0.000000000E+0	5.458600000E+0	7.522476465E-2	1.976457000E+3
-1.133010000E-4	-4.470370000E-7	5.469900000E+0	7.522476465E-2	1.978473000E+3
-1.121090000E-4	-8.940730000E-7	5.481800000E+0	7.522476465E-2	1.980873000E+3
-1.107010000E-4	-1.370910000E-6	5.493600000E+0	7.522476465E-2	1.983662000E+3
-1.095990000E-4	-1.862650000E-6	5.503800000E+0	7.522476465E-2	1.985737000E+3
-1.078770000E-4	-2.481060000E-6	5.514300000E+0	7.522476465E-2	1.987710000E+3
-1.056650000E-4	-3.360230000E-6	5.525400000E+0	7.522476465E-2	1.990069000E+3
-1.038760000E-4	-4.045690000E-6	5.536000000E+0	7.522476465E-2	1.991661000E+3
-1.005390000E-4	-5.237790000E-6	5.547500000E+0	7.522476465E-2	1.994083000E+3
-9.667920000E-5	-6.638500000E-6	5.558000000E+0	7.522476465E-2	1.996119000E+3
-9.113600000E-5	-8.620380000E-6	5.569400000E+0	7.522476465E-2	1.998844000E+3
-8.654640000E-5	-1.007320000E-5	5.580000000E+0	7.522476465E-2	2.000850000E+3
-7.808260000E-5	-1.270330000E-5	5.591700000E+0	7.522476465E-2	2.002909000E+3
-6.595300000E-5	-1.613060000E-5	5.603400000E+0	7.522476465E-2	2.005394000E+3
-5.165510000E-5	-1.923010000E-5	5.614000000E+0	7.522476465E-2	2.007799000E+3
-3.578540000E-5	-2.078720000E-5	5.626000000E+0	7.522476465E-2	2.009941000E+3
-1.802310000E-5	-1.741210000E-5	5.637400000E+0	7.522476465E-2	2.011926000E+3
-6.422430000E-6	-9.357990000E-6	5.648300000E+0	7.522476465E-2	2.014391000E+3
-2.138330000E-6	-3.255920000E-6	5.660000000E+0	7.522476465E-2	2.017123000E+3
-1.207000000E-6	-1.028190000E-6	5.670800000E+0	7.522476465E-2	2.018716000E+3
-5.364450000E-7	8.866230000E-7	5.682400000E+0	7.522476465E-2	2.021140000E+3
-3.948830000E-7	1.460320000E-6	5.693700000E+0	7.522476465E-2	2.023709000E+3
-3.278270000E-7	1.661490000E-6	5.705700000E+0	7.522476465E-2	2.025703000E+3
-3.203770000E-7	1.832850000E-6	5.716000000E+0	7.522476465E-2	2.027765000E+3
-2.980250000E-7	1.892450000E-6	5.726100000E+0	7.522476465E-2	2.030083000E+3
-2.980250000E-7	1.922260000E-6	5.737700000E+0	7.522476465E-2	2.032478000E+3
-2.607720000E-7	1.959520000E-6	5.748800000E+0	7.522476465E-2	2.034275000E+3
-2.607720000E-7	1.981870000E-6	5.759300000E+0	7.522476465E-2	2.036256000E+3
-1.639140000E-7	1.937170000E-6	5.770900000E+0	7.522476465E-2	2.039004000E+3
-2.384200000E-7	1.989320000E-6	5.781100000E+0	7.522476465E-2	2.041450000E+3
-2.831240000E-7	1.996770000E-6	5.792900000E+0	7.522476465E-2	2.043030000E+3
-2.607720000E-7	1.944620000E-6	5.805200000E+0	7.522476465E-2	2.045822000E+3
-1.937160000E-7	1.944620000E-6	5.816100000E+0	7.522476465E-2	2.048217000E+3
-2.682230000E-7	1.966970000E-6	5.827200000E+0	7.522476465E-2	2.050305000E+3
-2.533220000E-7	1.937170000E-6	5.837900000E+0	7.522476465E-2	2.052230000E+3
-2.384200000E-7	1.952070000E-6	5.849300000E+0	7.522476465E-2	2.054606000E+3
-1.937160000E-7	1.929710000E-6	5.861700000E+0	7.522476465E-2	2.057476000E+3
-2.160680000E-7	1.959520000E-6	5.872200000E+0	7.522476465E-2	2.059139000E+3
-2.086170000E-7	1.952070000E-6	5.883200000E+0	7.522476465E-2	2.061145000E+3
-2.235180000E-7	1.989320000E-6	5.893400000E+0	7.522476465E-2	2.063587000E+3
-3.054760000E-7	1.929710000E-6	5.904200000E+0	7.522476465E-2	2.065572000E+3
-2.086170000E-7	1.981870000E-6	5.916500000E+0	7.522476465E-2	2.067596000E+3
-1.937160000E-7	1.981870000E-6	5.927700000E+0	7.522476465E-2	2.070631000E+3
-1.937160000E-7	1.989320000E-6	5.938200000E+0	7.522476465E-2	2.072483000E+3
-2.309690000E-7	1.899910000E-6	5.949700000E+0	7.522476465E-2	2.074506000E+3
-2.384200000E-7	1.944620000E-6	5.959800000E+0	7.522476465E-2	2.076561000E+3
-1.862650000E-7	1.981870000E-6	5.970800000E+0	7.522476465E-2	2.078946000E+3
-2.458710000E-7	1.981870000E-6	5.981900000E+0	7.522476465E-2	2.081438000E+3
-2.160680000E-7	1.937170000E-6	5.992300000E+0	7.522476465E-2	2.083031000E+3
-2.309690000E-7	1.952070000E-6	6.005500000E+0	7.522476465E-2	2.085871000E+3
-2.682230000E-7	1.959520000E-6	6.016300000E+0	7.522476465E-2	2.087892000E+3
-2.235180000E-7	1.870100000E-6	6.027400000E+0	7.522476465E-2	2.090614000E+3
-2.235180000E-7	1.959520000E-6	6.039000000E+0	7.522476465E-2	2.092687000E+3
-2.831240000E-7	1.974420000E-6	6.049500000E+0	7.522476465E-2	2.094779000E+3
-1.862650000E-7	1.855200000E-6	6.060100000E+0	7.522476465E-2	2.097154000E+3
-2.607720000E-7	1.937170000E-6	6.071500000E+0	7.522476465E-2	2.098756000E+3
-2.086170000E-7	1.996770000E-6	6.081700000E+0	7.522476465E-2	2.101192000E+3
-2.458710000E-7	1.944620000E-6	6.092400000E+0	7.522476465E-2	2.103199000E+3
-2.160680000E-7	1.966970000E-6	6.103900000E+0	7.522476465E-2	2.105612000E+3
-1.788150000E-7	1.929710000E-6	6.115400000E+0	7.522476465E-2	2.107973000E+3
-2.831240000E-7	1.966970000E-6	6.126400000E+0	7.522476465E-2	2.109972000E+3
-2.533220000E-7	1.981870000E-6	6.136500000E+0	7.522476465E-2	2.111956000E+3
-1.862650000E-7	1.989320000E-6	6.146600000E+0	7.522476465E-2	2.114347000E+3
-1.713640000E-7	1.937170000E-6	6.157900000E+0	7.522476465E-2	2.116399000E+3
-2.607720000E-7	2.041470000E-6	6.168700000E+0	7.522476465E-2	2.118552000E+3
-2.607720000E-7	1.959520000E-6	6.180000000E+0	7.522476465E-2	2.120928000E+3
-2.905740000E-7	1.996770000E-6	6.191000000E+0	7.522476465E-2	2.122936000E+3
-1.862650000E-7	2.011670000E-6	6.202900000E+0	7.522476465E-2	2.125298000E+3
-2.607720000E-7	1.981870000E-6	6.213200000E+0	7.522476465E-2	2.127336000E+3
-2.905740000E-7	2.011670000E-6	6.224600000E+0	7.522476465E-2	2.129757000E+3
-1.937160000E-7	2.041470000E-6	6.236800000E+0	7.522476465E-2	2.132082000E+3
-2.011670000E-7	1.981870000E-6	6.247100000E+0	7.522476465E-2	2.134085000E+3
-2.831240000E-7	2.034020000E-6	6.259600000E+0	7.522476465E-2	2.136630000E+3
-2.607720000E-7	1.974420000E-6	6.270300000E+0	7.522476465E-2	2.139080000E+3
-2.756730000E-7	2.004220000E-6	6.281700000E+0	7.522476465E-2	2.141158000E+3
-2.831240000E-7	2.048920000E-6	6.292600000E+0	7.522476465E-2	2.143219000E+3
-3.054760000E-7	2.048920000E-6	6.304700000E+0	7.522476465E-2	2.145997000E+3
-3.203770000E-7	2.063830000E-6	6.315700000E+0	7.522476465E-2	2.147965000E+3
-2.607720000E-7	1.996770000E-6	6.327000000E+0	7.522476465E-2	2.150025000E+3
-3.054760000E-7	2.026570000E-6	6.338400000E+0	7.522476465E-2	2.152430000E+3
-2.905740000E-7	2.034020000E-6	6.348900000E+0	7.522476465E-2	2.155170000E+3
-3.427290000E-7	1.996770000E-6	6.360000000E+0	7.522476465E-2	2.156760000E+3
-3.427290000E-7	1.996770000E-6	6.371200000E+0	7.522476465E-2	2.158762000E+3
-3.203770000E-7	2.101080000E-6	6.381400000E+0	7.522476465E-2	2.161218000E+3
-3.427290000E-7	2.026570000E-6	6.392600000E+0	7.522476465E-2	2.163711000E+3
-2.905740000E-7	2.078730000E-6	6.403400000E+0	7.522476465E-2	2.165320000E+3
-3.948830000E-7	2.019120000E-6	6.413500000E+0	7.522476465E-2	2.167301000E+3
-3.203770000E-7	2.086180000E-6	6.426600000E+0	7.522476465E-2	2.170496000E+3
-3.501790000E-7	2.026570000E-6	6.437700000E+0	7.522476465E-2	2.172145000E+3
-3.799810000E-7	2.041470000E-6	6.449600000E+0	7.522476465E-2	2.174494000E+3
-3.278270000E-7	1.966970000E-6	6.460200000E+0	7.522476465E-2	2.176920000E+3
-3.427290000E-7	2.004220000E-6	6.471700000E+0	7.522476465E-2	2.179332000E+3
-4.246850000E-7	2.041470000E-6	6.481900000E+0	7.522476465E-2	2.181331000E+3
-3.427290000E-7	1.981870000E-6	6.493200000E+0	7.522476465E-2	2.183428000E+3
-4.023330000E-7	1.959520000E-6	6.503400000E+0	7.522476465E-2	2.185445000E+3
-3.501790000E-7	2.011670000E-6	6.513500000E+0	7.522476465E-2	2.187842000E+3
-3.427290000E-7	1.966970000E-6	6.524900000E+0	7.522476465E-2	2.189418000E+3
-3.054760000E-7	1.952070000E-6	6.535100000E+0	7.522476465E-2	2.191856000E+3
-3.576300000E-7	1.952070000E-6	6.545800000E+0	7.522476465E-2	2.194257000E+3
-2.607720000E-7	1.959520000E-6	6.557600000E+0	7.522476465E-2	2.195845000E+3
-3.501790000E-7	1.959520000E-6	6.570800000E+0	7.522476465E-2	2.199031000E+3
-3.576300000E-7	1.966970000E-6	6.583200000E+0	7.522476465E-2	2.201480000E+3
-2.607720000E-7	1.885000000E-6	6.595100000E+0	7.522476465E-2	2.203424000E+3
-3.054760000E-7	1.944620000E-6	6.606700000E+0	7.522476465E-2	2.205967000E+3
-3.427290000E-7	1.922260000E-6	6.617700000E+0	7.522476465E-2	2.207967000E+3
-3.054760000E-7	1.922260000E-6	6.629800000E+0	7.522476465E-2	2.210964000E+3
-3.203770000E-7	1.974420000E-6	6.642600000E+0	7.522476465E-2	2.213331000E+3
-2.905740000E-7	1.959520000E-6	6.654600000E+0	7.522476465E-2	2.215287000E+3
-3.203770000E-7	1.952070000E-6	6.665900000E+0	7.522476465E-2	2.217709000E+3
-3.874320000E-7	1.937170000E-6	6.676800000E+0	7.522476465E-2	2.220109000E+3
-3.203770000E-7	1.981870000E-6	6.687100000E+0	7.522476465E-2	2.222500000E+3
-3.501790000E-7	1.952070000E-6	6.699000000E+0	7.522476465E-2	2.224578000E+3
-3.799810000E-7	1.952070000E-6	6.710300000E+0	7.522476465E-2	2.226909000E+3
-3.799810000E-7	1.989320000E-6	6.721200000E+0	7.522476465E-2	2.229323000E+3
-3.650800000E-7	1.929710000E-6	6.732400000E+0	7.522476465E-2	2.230962000E+3
-4.023330000E-7	1.892450000E-6	6.743900000E+0	7.522476465E-2	2.233698000E+3
-3.203770000E-7	1.952070000E-6	6.754700000E+0	7.522476465E-2	2.235742000E+3
-3.874320000E-7	1.937170000E-6	6.767000000E+0	7.522476465E-2	2.238272000E+3
-3.203770000E-7	1.914810000E-6	6.777500000E+0	7.522476465E-2	2.240235000E+3
-3.278270000E-7	1.929710000E-6	6.789600000E+0	7.522476465E-2	2.242255000E+3
-3.278270000E-7	1.922260000E-6	6.800300000E+0	7.522476465E-2	2.244654000E+3
-3.799810000E-7	1.929710000E-6	6.810700000E+0	7.522476465E-2	2.247208000E+3
-2.980250000E-7	1.981870000E-6	6.821900000E+0	7.522476465E-2	2.249246000E+3
-2.533220000E-7	1.862650000E-6	6.832200000E+0	7.522476465E-2	2.250785000E+3
-2.458710000E-7	1.914810000E-6	6.844900000E+0	7.522476465E-2	2.253650000E+3
-2.682230000E-7	1.907360000E-6	6.856700000E+0	7.522476465E-2	2.256004000E+3
-2.160680000E-7	1.929710000E-6	6.868100000E+0	7.522476465E-2	2.258770000E+3
-1.713640000E-7	1.847750000E-6	6.878700000E+0	7.522476465E-2	2.260363000E+3
-4.470370000E-8	1.899910000E-6	6.891300000E+0	7.522476465E-2	2.262834000E+3
-6.705570000E-8	1.803050000E-6	6.903500000E+0	7.522476465E-2	2.265625000E+3
-2.980250000E-8	1.817950000E-6	6.915900000E+0	7.522476465E-2	2.268000000E+3
-2.980250000E-8	1.862650000E-6	6.928800000E+0	7.522476465E-2	2.270145000E+3
-7.450640000E-9	1.907360000E-6	6.939900000E+0	7.522476465E-2	2.272542000E+3
-5.960510000E-8	1.870100000E-6	6.950400000E+0	7.522476465E-2	2.274914000E+3
7.450640000E-9	1.974420000E-6	6.961300000E+0	7.522476465E-2	2.277343000E+3
7.450640000E-9	1.914810000E-6	6.972500000E+0	7.522476465E-2	2.279320000E+3
0.000000000E+0	1.922260000E-6	6.984000000E+0	7.522476465E-2	2.281293000E+3
2.980250000E-8	1.959520000E-6	6.994400000E+0	7.522476465E-2	2.283703000E+3
-5.215430000E-8	1.914810000E-6	7.007000000E+0	7.522476465E-2	2.286113000E+3
5.215430000E-8	1.899910000E-6	7.018400000E+0	7.522476465E-2	2.288416000E+3
2.980250000E-8	1.899910000E-6	7.029800000E+0	7.522476465E-2	2.290634000E+3
3.725310000E-8	1.929710000E-6	7.041000000E+0	7.522476465E-2	2.293109000E+3
1.490130000E-8	1.914810000E-6	7.053300000E+0	7.522476465E-2	2.295506000E+3
4.470370000E-8	1.885000000E-6	7.064300000E+0	7.522476465E-2	2.297450000E+3
1.490130000E-8	1.959520000E-6	7.075100000E+0	7.522476465E-2	2.299454000E+3
6.705570000E-8	1.929710000E-6	7.085500000E+0	7.522476465E-2	2.301856000E+3
-7.450640000E-9	1.899910000E-6	7.096500000E+0	7.522476465E-2	2.304276000E+3
9.685800000E-8	1.892450000E-6	7.107700000E+0	7.522476465E-2	2.306257000E+3
3.725310000E-8	1.899910000E-6	7.118600000E+0	7.522476465E-2	2.308267000E+3
4.470370000E-8	1.877550000E-6	7.129800000E+0	7.522476465E-2	2.310658000E+3
3.725310000E-8	1.937170000E-6	7.140400000E+0	7.522476465E-2	2.313052000E+3
5.960510000E-8	1.944620000E-6	7.150400000E+0	7.522476465E-2	2.314657000E+3
3.725310000E-8	1.952070000E-6	7.161200000E+0	7.522476465E-2	2.316704000E+3
7.450630000E-8	1.944620000E-6	7.173900000E+0	7.522476465E-2	2.319749000E+3
7.450640000E-9	1.899910000E-6	7.185000000E+0	7.522476465E-2	2.322116000E+3
2.235190000E-8	1.870100000E-6	7.196300000E+0	7.522476465E-2	2.323778000E+3
-3.725310000E-8	1.929710000E-6	7.206500000E+0	7.522476465E-2	2.325723000E+3
5.215430000E-8	1.981870000E-6	7.216700000E+0	7.522476465E-2	2.328137000E+3
2.980250000E-8	1.974420000E-6	7.227600000E+0	7.522476465E-2	2.330192000E+3
2.980250000E-8	1.907360000E-6	7.241600000E+0	7.522476465E-2	2.332969000E+3
2.980250000E-8	1.899910000E-6	7.253700000E+0	7.522476465E-2	2.334953000E+3
0.000000000E+0	1.907360000E-6	7.264900000E+0	7.522476465E-2	2.337721000E+3
-4.470370000E-8	1.914810000E-6	7.275400000E+0	7.522476465E-2	2.339796000E+3
1.490130000E-8	1.929710000E-6	7.287500000E+0	7.522476465E-2	2.342537000E+3
5.215430000E-8	1.922260000E-6	7.297700000E+0	7.522476465E-2	2.344270000E+3
2.235190000E-8	1.914810000E-6	7.308700000E+0	7.522476465E-2	2.346265000E+3
5.215430000E-8	1.899910000E-6	7.320000000E+0	7.522476465E-2	2.348690000E+3
7.450640000E-9	1.959520000E-6	7.330900000E+0	7.522476465E-2	2.351456000E+3
5.215430000E-8	1.899910000E-6	7.342200000E+0	7.522476465E-2	2.353452000E+3
-1.490130000E-8	1.907360000E-6	7.352600000E+0	7.522476465E-2	2.355461000E+3
7.450630000E-8	1.937170000E-6	7.363400000E+0	7.522476465E-2	2.357059000E+3
1.192100000E-7	1.944620000E-6	7.376000000E+0	7.522476465E-2	2.359852000E+3
-2.235190000E-8	1.899910000E-6	7.386700000E+0	7.522476465E-2	2.361979000E+3
8.940740000E-8	1.937170000E-6	7.398500000E+0	7.522476465E-2	2.364247000E+3
2.980250000E-8	2.041470000E-6	7.410600000E+0	7.522476465E-2	2.367070000E+3
2.235190000E-8	1.944620000E-6	7.422600000E+0	7.522476465E-2	2.369447000E+3
1.490130000E-8	1.892450000E-6	7.433300000E+0	7.522476465E-2	2.371227000E+3
7.450630000E-8	1.937170000E-6	7.444600000E+0	7.522476465E-2	2.373604000E+3
6.705570000E-8	1.952070000E-6	7.455000000E+0	7.522476465E-2	2.375580000E+3
5.960510000E-8	1.929710000E-6	7.466700000E+0	7.522476465E-2	2.378420000E+3
9.685800000E-8	1.959520000E-6	7.478600000E+0	7.522476465E-2	2.380414000E+3
1.043090000E-7	2.004220000E-6	7.488800000E+0	7.522476465E-2	2.382403000E+3
7.450630000E-8	1.959520000E-6	7.500200000E+0	7.522476465E-2	2.384798000E+3
