20240422_HM457MbNbZr2_chiAC_vs_T_B_3T.001.txt Tue, Apr 22, 2025 3:23:39 PM Juan Gabe
Magnet: None
Trigger spacing of 0.010000 on column #3
Offsets:	0.000000000E+0	0.000000000E+0	0.000000000E+0	0.000000000E+0	0.000000000E+0

Scale Factors:	1.000000000E+0	1.000000000E+0	1.000000000E+0	1.000000000E+0	1.000000000E+0

3T
Lockin_V_001	Chan2_V_001	Temperture_001	Field_001	Timestamp_001
-1.119380000E-4	-5.841280000E-6	6.501000000E+0	2.999975391E+4	2.700000000E-2
-1.140240000E-4	-7.391010000E-6	6.489800000E+0	2.999975391E+4	4.183300000E+1
-1.126830000E-4	-6.437330000E-6	6.476400000E+0	2.999975391E+4	4.376700000E+1
-1.128620000E-4	-6.616140000E-6	6.464000000E+0	2.999975391E+4	4.581500000E+1
-1.111630000E-4	-6.675750000E-6	6.452600000E+0	2.999975391E+4	4.858900000E+1
-1.119380000E-4	-7.182390000E-6	6.438800000E+0	2.999975391E+4	5.135000000E+1
-1.112820000E-4	-7.212190000E-6	6.427300000E+0	2.999975391E+4	5.339000000E+1
-1.110440000E-4	-7.271800000E-6	6.416300000E+0	2.999975391E+4	5.537700000E+1
-1.112530000E-4	-6.556540000E-6	6.405800000E+0	2.999975391E+4	5.775000000E+1
-1.117890000E-4	-7.212190000E-6	6.394400000E+0	2.999975391E+4	6.058000000E+1
-1.117890000E-4	-6.884370000E-6	6.383000000E+0	2.999975391E+4	6.217100000E+1
-1.107160000E-4	-6.765160000E-6	6.371700000E+0	2.999975391E+4	6.459300000E+1
-1.114020000E-4	-7.569820000E-6	6.360000000E+0	2.999975391E+4	6.725400000E+1
-1.114310000E-4	-7.599620000E-6	6.349700000E+0	2.999975391E+4	6.883500000E+1
-1.122960000E-4	-7.957280000E-6	6.339100000E+0	2.999975391E+4	7.050300000E+1
-1.115210000E-4	-7.152590000E-6	6.328100000E+0	2.999975391E+4	7.326700000E+1
-1.105370000E-4	-7.391010000E-6	6.317300000E+0	2.999975391E+4	7.528000000E+1
-1.109550000E-4	-8.076490000E-6	6.306800000E+0	2.999975391E+4	7.761900000E+1
-1.113720000E-4	-8.493720000E-6	6.295300000E+0	2.999975391E+4	8.007000000E+1
-1.107160000E-4	-8.076490000E-6	6.282800000E+0	2.999975391E+4	8.204700000E+1
-1.114610000E-4	-1.010300000E-5	6.271900000E+0	2.999975391E+4	8.449500000E+1
-1.111630000E-4	-1.007320000E-5	6.261400000E+0	2.999975391E+4	8.681600000E+1
-1.108350000E-4	-1.022230000E-5	6.249400000E+0	2.999975391E+4	8.888300000E+1
-1.103290000E-4	-9.834820000E-6	6.237600000E+0	2.999975391E+4	9.125700000E+1
-1.103580000E-4	-1.066930000E-5	6.226100000E+0	2.999975391E+4	9.364500000E+1
-1.102990000E-4	-1.060970000E-5	6.215300000E+0	2.999975391E+4	9.565200000E+1
-1.103290000E-4	-1.019250000E-5	6.204100000E+0	2.999975391E+4	9.840200000E+1
-1.102990000E-4	-1.078850000E-5	6.193200000E+0	2.999975391E+4	1.000780000E+2
-1.111630000E-4	-9.089770000E-6	6.181100000E+0	2.999975391E+4	1.024190000E+2
-1.108350000E-4	-9.119570000E-6	6.170600000E+0	2.999975391E+4	1.048640000E+2
-1.107160000E-4	-1.019250000E-5	6.159500000E+0	2.999975391E+4	1.072250000E+2
-1.117290000E-4	-1.013280000E-5	6.149000000E+0	2.999975391E+4	1.090660000E+2
-1.105970000E-4	-9.954030000E-6	6.138900000E+0	2.999975391E+4	1.110110000E+2
-1.108060000E-4	-8.702340000E-6	6.128200000E+0	2.999975391E+4	1.131250000E+2
-1.108650000E-4	-8.851350000E-6	6.118100000E+0	2.999975391E+4	1.154930000E+2
-1.102990000E-4	-8.493720000E-6	6.105000000E+0	2.999975391E+4	1.175950000E+2
-1.104780000E-4	-8.910950000E-6	6.093500000E+0	2.999975391E+4	1.204700000E+2
-1.108950000E-4	-9.268580000E-6	6.080500000E+0	2.999975391E+4	1.222840000E+2
-1.101800000E-4	-9.208980000E-6	6.069900000E+0	2.999975391E+4	1.254690000E+2
-1.101500000E-4	-1.001360000E-5	6.058800000E+0	2.999975391E+4	1.269970000E+2
-1.094050000E-4	-9.775220000E-6	6.047900000E+0	2.999975391E+4	1.286690000E+2
-1.099710000E-4	-1.013280000E-5	6.037800000E+0	2.999975391E+4	1.316860000E+2
-1.096730000E-4	-9.954030000E-6	6.026400000E+0	2.999975391E+4	1.337940000E+2
-1.096730000E-4	-9.626210000E-6	6.015900000E+0	2.999975391E+4	1.353390000E+2
-1.096730000E-4	-9.775220000E-6	6.005600000E+0	2.999975391E+4	1.380770000E+2
-1.100900000E-4	-9.715620000E-6	5.993200000E+0	2.999975391E+4	1.400230000E+2
-1.099110000E-4	-9.477200000E-6	5.983100000E+0	2.999975391E+4	1.423390000E+2
-1.100600000E-4	-1.013280000E-5	5.972300000E+0	2.999975391E+4	1.446770000E+2
-1.101200000E-4	-9.983840000E-6	5.960100000E+0	2.999975391E+4	1.464610000E+2
-1.101200000E-4	-9.626210000E-6	5.948900000E+0	2.999975391E+4	1.492890000E+2
-1.104180000E-4	-9.924230000E-6	5.938500000E+0	2.999975391E+4	1.510800000E+2
-1.100600000E-4	-9.894430000E-6	5.928100000E+0	2.999975391E+4	1.535400000E+2
-1.097030000E-4	-9.775220000E-6	5.918000000E+0	2.999975391E+4	1.553600000E+2
-1.097330000E-4	-9.357990000E-6	5.906300000E+0	2.999975391E+4	1.576390000E+2
-1.098820000E-4	-9.685810000E-6	5.896100000E+0	2.999975391E+4	1.600240000E+2
-1.099110000E-4	-1.004340000E-5	5.884700000E+0	2.999975391E+4	1.621800000E+2
-1.109840000E-4	-1.010300000E-5	5.873500000E+0	2.999975391E+4	1.637260000E+2
-1.114610000E-4	-1.025210000E-5	5.861500000E+0	2.999975391E+4	1.664450000E+2
-1.108350000E-4	-9.387790000E-6	5.851100000E+0	2.999975391E+4	1.683960000E+2
-1.100600000E-4	-9.059960000E-6	5.838900000E+0	2.999975391E+4	1.710670000E+2
-1.102690000E-4	-9.387790000E-6	5.827900000E+0	2.999975391E+4	1.735170000E+2
-1.100600000E-4	-9.477200000E-6	5.816200000E+0	2.999975391E+4	1.752130000E+2
-1.101200000E-4	-9.238780000E-6	5.804900000E+0	2.999975391E+4	1.779840000E+2
-1.103290000E-4	-9.119570000E-6	5.794700000E+0	2.999975391E+4	1.802990000E+2
-1.102090000E-4	-9.357990000E-6	5.784300000E+0	2.999975391E+4	1.822740000E+2
-1.102990000E-4	-9.626210000E-6	5.774200000E+0	2.999975391E+4	1.837480000E+2
-1.109840000E-4	-9.685810000E-6	5.761600000E+0	2.999975391E+4	1.862770000E+2
-1.104480000E-4	-9.357990000E-6	5.750100000E+0	2.999975391E+4	1.891100000E+2
-1.107160000E-4	-9.089770000E-6	5.737800000E+0	2.999975391E+4	1.910890000E+2
-1.100900000E-4	-8.851350000E-6	5.727500000E+0	2.999975391E+4	1.941840000E+2
-1.097920000E-4	-8.702340000E-6	5.715900000E+0	2.999975391E+4	1.958570000E+2
-1.099110000E-4	-8.791740000E-6	5.704500000E+0	2.999975391E+4	1.978720000E+2
-1.102990000E-4	-8.881150000E-6	5.693100000E+0	2.999975391E+4	2.001490000E+2
-1.114610000E-4	-1.007320000E-5	5.682500000E+0	2.999975391E+4	2.027000000E+2
-1.108060000E-4	-9.119570000E-6	5.670900000E+0	2.999975391E+4	2.049270000E+2
-1.103580000E-4	-8.642730000E-6	5.660400000E+0	2.999975391E+4	2.065220000E+2
-1.118780000E-4	-9.805020000E-6	5.647200000E+0	2.999975391E+4	2.093330000E+2
-1.110140000E-4	-9.507000000E-6	5.636300000E+0	2.999975391E+4	2.113090000E+2
-1.098820000E-4	-8.761940000E-6	5.625700000E+0	2.999975391E+4	2.138460000E+2
-1.107460000E-4	-8.374510000E-6	5.614200000E+0	2.999975391E+4	2.161270000E+2
-1.111330000E-4	-8.374510000E-6	5.602400000E+0	2.999975391E+4	2.183040000E+2
-1.109250000E-4	-8.672530000E-6	5.590500000E+0	2.999975391E+4	2.207870000E+2
-1.111330000E-4	-1.031170000E-5	5.578900000E+0	2.999975391E+4	2.233240000E+2
-1.107160000E-4	-9.536800000E-6	5.566500000E+0	2.999975391E+4	2.251830000E+2
-1.100900000E-4	-8.583130000E-6	5.556400000E+0	2.999975391E+4	2.275740000E+2
-1.103880000E-4	-8.553320000E-6	5.544900000E+0	2.999975391E+4	2.297110000E+2
-1.097620000E-4	-8.523520000E-6	5.533800000E+0	2.999975391E+4	2.320220000E+2
-1.106860000E-4	-8.940750000E-6	5.523500000E+0	2.999975391E+4	2.344180000E+2
-1.101200000E-4	-8.076490000E-6	5.511200000E+0	2.999975391E+4	2.366910000E+2
-1.104780000E-4	-8.374510000E-6	5.501000000E+0	2.999975391E+4	2.386390000E+2
-1.106860000E-4	-8.344710000E-6	5.489500000E+0	2.999975391E+4	2.410780000E+2
-1.108950000E-4	-8.255300000E-6	5.478600000E+0	2.999975391E+4	2.425150000E+2
-1.104180000E-4	-9.089770000E-6	5.466000000E+0	2.999975391E+4	2.458310000E+2
-1.102390000E-4	-8.940750000E-6	5.454200000E+0	2.999975391E+4	2.478580000E+2
-1.096730000E-4	-7.957280000E-6	5.444100000E+0	2.999975391E+4	2.498460000E+2
-1.096730000E-4	-8.225500000E-6	5.433800000E+0	2.999975391E+4	2.526470000E+2
-1.099110000E-4	-9.179170000E-6	5.423500000E+0	2.999975391E+4	2.543030000E+2
-1.110140000E-4	-9.805020000E-6	5.412000000E+0	2.999975391E+4	2.559860000E+2
-1.102990000E-4	-9.656010000E-6	5.401900000E+0	2.999975391E+4	2.589310000E+2
-1.104780000E-4	-9.536800000E-6	5.389300000E+0	2.999975391E+4	2.608120000E+2
-1.108950000E-4	-9.805020000E-6	5.377200000E+0	2.999975391E+4	2.631660000E+2
-1.110140000E-4	-1.019250000E-5	5.366200000E+0	2.999975391E+4	2.661360000E+2
-1.107460000E-4	-1.063950000E-5	5.355300000E+0	2.999975391E+4	2.680340000E+2
-1.113720000E-4	-1.046070000E-5	5.342700000E+0	2.999975391E+4	2.699970000E+2
-1.107160000E-4	-9.775220000E-6	5.331800000E+0	2.999975391E+4	2.722700000E+2
-1.107460000E-4	-9.387790000E-6	5.318800000E+0	2.999975391E+4	2.747630000E+2
-1.105670000E-4	-9.536800000E-6	5.307300000E+0	2.999975391E+4	2.778570000E+2
-1.103880000E-4	-9.983840000E-6	5.296000000E+0	2.999975391E+4	2.796140000E+2
-1.105970000E-4	-9.924230000E-6	5.283700000E+0	2.999975391E+4	2.820550000E+2
-1.109250000E-4	-1.019250000E-5	5.272500000E+0	2.999975391E+4	2.844410000E+2
-1.100010000E-4	-9.924230000E-6	5.260200000E+0	2.999975391E+4	2.867710000E+2
-1.099110000E-4	-9.685810000E-6	5.248300000E+0	2.999975391E+4	2.889320000E+2
-1.105370000E-4	-9.566600000E-6	5.236300000E+0	2.999975391E+4	2.916370000E+2
-1.102690000E-4	-9.924230000E-6	5.225700000E+0	2.999975391E+4	2.935610000E+2
-1.110140000E-4	-9.894430000E-6	5.214400000E+0	2.999975391E+4	2.959720000E+2
-1.102990000E-4	-9.924230000E-6	5.202100000E+0	2.999975391E+4	2.980560000E+2
-1.105370000E-4	-9.596410000E-6	5.191800000E+0	2.999975391E+4	3.007740000E+2
-1.104780000E-4	-9.477200000E-6	5.178000000E+0	2.999975391E+4	3.027510000E+2
-1.101800000E-4	-9.864630000E-6	5.165700000E+0	2.999975391E+4	3.056850000E+2
-1.103880000E-4	-9.387790000E-6	5.154200000E+0	2.999975391E+4	3.079620000E+2
-1.108350000E-4	-1.007320000E-5	5.143400000E+0	2.999975391E+4	3.105020000E+2
-1.104480000E-4	-1.046070000E-5	5.133300000E+0	2.999975391E+4	3.118900000E+2
-1.115510000E-4	-1.120570000E-5	5.122600000E+0	2.999975391E+4	3.143900000E+2
-1.105670000E-4	-1.096730000E-5	5.111800000E+0	2.999975391E+4	3.168900000E+2
-1.104480000E-4	-1.120570000E-5	5.099800000E+0	2.999975391E+4	3.186660000E+2
-1.101800000E-4	-9.834820000E-6	5.088800000E+0	2.999975391E+4	3.212140000E+2
-1.101200000E-4	-9.656010000E-6	5.078200000E+0	2.999975391E+4	3.230110000E+2
-1.105070000E-4	-9.715620000E-6	5.068000000E+0	2.999975391E+4	3.250240000E+2
-1.106860000E-4	-9.417590000E-6	5.056200000E+0	2.999975391E+4	3.278690000E+2
-1.106860000E-4	-9.656010000E-6	5.044000000E+0	2.999975391E+4	3.298300000E+2
-1.108350000E-4	-9.954030000E-6	5.033300000E+0	2.999975391E+4	3.325930000E+2
-1.102690000E-4	-1.040110000E-5	5.022300000E+0	2.999975391E+4	3.345210000E+2
-1.105970000E-4	-1.022230000E-5	5.010200000E+0	2.999975391E+4	3.364930000E+2
-1.102690000E-4	-9.805020000E-6	4.998500000E+0	2.999975391E+4	3.388680000E+2
-1.107160000E-4	-1.043090000E-5	4.988100000E+0	2.999975391E+4	3.412590000E+2
-1.105370000E-4	-1.007320000E-5	4.976000000E+0	2.999975391E+4	3.439910000E+2
-1.106270000E-4	-9.983840000E-6	4.961200000E+0	2.999975391E+4	3.461670000E+2
-1.102390000E-4	-9.626210000E-6	4.949600000E+0	2.999975391E+4	3.490620000E+2
-1.114020000E-4	-9.626210000E-6	4.937700000E+0	2.999975391E+4	3.515390000E+2
-1.102690000E-4	-9.656010000E-6	4.927600000E+0	2.999975391E+4	3.533540000E+2
-1.094940000E-4	-9.924230000E-6	4.916400000E+0	2.999975391E+4	3.558760000E+2
-1.101800000E-4	-1.025210000E-5	4.905000000E+0	2.999975391E+4	3.576910000E+2
-1.103290000E-4	-1.022230000E-5	4.894500000E+0	2.999975391E+4	3.597020000E+2
-1.106860000E-4	-9.685810000E-6	4.883500000E+0	2.999975391E+4	3.624700000E+2
-1.111630000E-4	-1.028190000E-5	4.871100000E+0	2.999975391E+4	3.644690000E+2
-1.119680000E-4	-1.037130000E-5	4.861000000E+0	2.999975391E+4	3.669210000E+2
-1.117890000E-4	-9.983840000E-6	4.849900000E+0	2.999975391E+4	3.687880000E+2
-1.112530000E-4	-9.954030000E-6	4.839100000E+0	2.999975391E+4	3.712650000E+2
-1.116400000E-4	-9.805020000E-6	4.827300000E+0	2.999975391E+4	3.732080000E+2
-1.116100000E-4	-1.046070000E-5	4.815700000E+0	2.999975391E+4	3.755280000E+2
-1.119680000E-4	-1.046070000E-5	4.804400000E+0	2.999975391E+4	3.784770000E+2
-1.112530000E-4	-1.108650000E-5	4.792700000E+0	2.999975391E+4	3.803210000E+2
-1.112820000E-4	-1.162300000E-5	4.782000000E+0	2.999975391E+4	3.823850000E+2
-1.108950000E-4	-1.132490000E-5	4.770900000E+0	2.999975391E+4	3.847450000E+2
-1.105970000E-4	-1.129510000E-5	4.759700000E+0	2.999975391E+4	3.867240000E+2
-1.130700000E-4	-1.084810000E-5	4.747500000E+0	2.999975391E+4	3.895430000E+2
-1.117290000E-4	-1.120570000E-5	4.735500000E+0	2.999975391E+4	3.913950000E+2
-1.118780000E-4	-1.093750000E-5	4.723000000E+0	2.999975391E+4	3.939280000E+2
-1.113120000E-4	-1.108650000E-5	4.711800000E+0	2.999975391E+4	3.968440000E+2
-1.112820000E-4	-1.081830000E-5	4.701400000E+0	2.999975391E+4	3.987310000E+2
-1.115210000E-4	-1.019250000E-5	4.689500000E+0	2.999975391E+4	4.007580000E+2
-1.108650000E-4	-1.093750000E-5	4.678600000E+0	2.999975391E+4	4.035120000E+2
-1.103580000E-4	-1.135470000E-5	4.667900000E+0	2.999975391E+4	4.055050000E+2
-1.106860000E-4	-1.153360000E-5	4.656200000E+0	2.999975391E+4	4.076070000E+2
-1.112820000E-4	-1.105670000E-5	4.645400000E+0	2.999975391E+4	4.094370000E+2
-1.115210000E-4	-1.123550000E-5	4.634200000E+0	2.999975391E+4	4.117980000E+2
-1.118780000E-4	-1.156340000E-5	4.623500000E+0	2.999975391E+4	4.141890000E+2
-1.115800000E-4	-1.207000000E-5	4.611400000E+0	2.999975391E+4	4.165850000E+2
-1.110140000E-4	-1.192100000E-5	4.599700000E+0	2.999975391E+4	4.185640000E+2
-1.111630000E-4	-1.186140000E-5	4.589200000E+0	2.999975391E+4	4.210190000E+2
-1.116700000E-4	-1.204020000E-5	4.577100000E+0	2.999975391E+4	4.234300000E+2
-1.114310000E-4	-1.180180000E-5	4.565100000E+0	2.999975391E+4	4.255590000E+2
-1.111330000E-4	-1.108650000E-5	4.554200000E+0	2.999975391E+4	4.282300000E+2
-1.107160000E-4	-1.096730000E-5	4.541000000E+0	2.999975391E+4	4.302370000E+2
-1.108350000E-4	-1.096730000E-5	4.530400000E+0	2.999975391E+4	4.330080000E+2
-1.103880000E-4	-1.156340000E-5	4.517800000E+0	2.999975391E+4	4.353690000E+2
-1.106860000E-4	-1.162300000E-5	4.507300000E+0	2.999975391E+4	4.368470000E+2
-1.111630000E-4	-1.096730000E-5	4.495300000E+0	2.999975391E+4	4.399010000E+2
-1.104480000E-4	-1.177200000E-5	4.485000000E+0	2.999975391E+4	4.416870000E+2
-1.105670000E-4	-1.126530000E-5	4.474100000E+0	2.999975391E+4	4.442210000E+2
-1.114610000E-4	-1.087790000E-5	4.463700000E+0	2.999975391E+4	4.460900000E+2
-1.105970000E-4	-1.165280000E-5	4.451900000E+0	2.999975391E+4	4.484350000E+2
-1.105670000E-4	-1.218920000E-5	4.438800000E+0	2.999975391E+4	4.512140000E+2
-1.108350000E-4	-1.215940000E-5	4.428500000E+0	2.999975391E+4	4.532900000E+2
-1.099710000E-4	-1.165280000E-5	4.417000000E+0	2.999975391E+4	4.557040000E+2
-1.104780000E-4	-1.159320000E-5	4.406600000E+0	2.999975391E+4	4.571520000E+2
-1.098820000E-4	-1.192100000E-5	4.395700000E+0	2.999975391E+4	4.600570000E+2
-1.100900000E-4	-1.230840000E-5	4.382300000E+0	2.999975391E+4	4.621030000E+2
-1.095840000E-4	-1.290450000E-5	4.371000000E+0	2.999975391E+4	4.643220000E+2
-1.099110000E-4	-1.314290000E-5	4.358700000E+0	2.999975391E+4	4.672250000E+2
-1.092260000E-4	-1.275550000E-5	4.345000000E+0	2.999975391E+4	4.697680000E+2
-1.095840000E-4	-1.305350000E-5	4.334600000E+0	2.999975391E+4	4.717110000E+2
-1.097030000E-4	-1.290450000E-5	4.323100000E+0	2.999975391E+4	4.740470000E+2
-1.096730000E-4	-1.305350000E-5	4.310500000E+0	2.999975391E+4	4.769680000E+2
-1.094050000E-4	-1.329190000E-5	4.297000000E+0	2.999975391E+4	4.795590000E+2
-1.090470000E-4	-1.356010000E-5	4.285500000E+0	2.999975391E+4	4.813980000E+2
-1.103290000E-4	-1.251700000E-5	4.275100000E+0	2.999975391E+4	4.838270000E+2
-1.098220000E-4	-1.236800000E-5	4.263000000E+0	2.999975391E+4	4.864720000E+2
-1.099710000E-4	-1.248720000E-5	4.251800000E+0	2.999975391E+4	4.886360000E+2
-1.100600000E-4	-1.332170000E-5	4.240600000E+0	2.999975391E+4	4.906250000E+2
-1.107160000E-4	-1.391770000E-5	4.228400000E+0	2.999975391E+4	4.932360000E+2
-1.109550000E-4	-1.415620000E-5	4.216600000E+0	2.999975391E+4	4.954230000E+2
-1.098220000E-4	-1.391770000E-5	4.206300000E+0	2.999975391E+4	4.974340000E+2
-1.100010000E-4	-1.445420000E-5	4.196100000E+0	2.999975391E+4	4.998990000E+2
-1.105370000E-4	-1.463300000E-5	4.186100000E+0	2.999975391E+4	5.013750000E+2
-1.113720000E-4	-1.430520000E-5	4.174900000E+0	2.999975391E+4	5.039410000E+2
-1.107460000E-4	-1.323230000E-5	4.163400000E+0	2.999975391E+4	5.060870000E+2
-1.108950000E-4	-1.293430000E-5	4.153100000E+0	2.999975391E+4	5.086250000E+2
-1.108650000E-4	-1.332170000E-5	4.141400000E+0	2.999975391E+4	5.107090000E+2
-1.110140000E-4	-1.350050000E-5	4.127400000E+0	2.999975391E+4	5.128840000E+2
-1.114020000E-4	-1.367930000E-5	4.113700000E+0	2.999975391E+4	5.157670000E+2
-1.112530000E-4	-1.412640000E-5	4.103400000E+0	2.999975391E+4	5.183880000E+2
-1.114610000E-4	-1.382830000E-5	4.092800000E+0	2.999975391E+4	5.206030000E+2
-1.121170000E-4	-1.364950000E-5	4.081400000E+0	2.999975391E+4	5.222230000E+2
-1.131000000E-4	-1.388790000E-5	4.070800000E+0	2.999975391E+4	5.251220000E+2
-1.126830000E-4	-1.442440000E-5	4.059900000E+0	2.999975391E+4	5.270220000E+2
-1.125040000E-4	-1.472240000E-5	4.049100000E+0	2.999975391E+4	5.284440000E+2
-1.110140000E-4	-1.457340000E-5	4.038000000E+0	2.999975391E+4	5.314880000E+2
-1.115800000E-4	-1.406680000E-5	4.027800000E+0	2.999975391E+4	5.332460000E+2
-1.112530000E-4	-1.406680000E-5	4.016100000E+0	2.999975391E+4	5.353330000E+2
-1.108950000E-4	-1.370910000E-5	4.003900000E+0	2.999975391E+4	5.383630000E+2
-1.105970000E-4	-1.350050000E-5	3.990200000E+0	2.999975391E+4	5.405760000E+2
-1.103880000E-4	-1.332170000E-5	3.977200000E+0	2.999975391E+4	5.435430000E+2
-1.100010000E-4	-1.347070000E-5	3.966800000E+0	2.999975391E+4	5.454920000E+2
-1.098220000E-4	-1.344090000E-5	3.956500000E+0	2.999975391E+4	5.474000000E+2
-1.094640000E-4	-1.364950000E-5	3.944600000E+0	2.999975391E+4	5.503210000E+2
-1.091070000E-4	-1.394750000E-5	3.932400000E+0	2.999975391E+4	5.523720000E+2
-1.090770000E-4	-1.305350000E-5	3.919600000E+0	2.999975391E+4	5.545780000E+2
-1.098520000E-4	-1.364950000E-5	3.906700000E+0	2.999975391E+4	5.575260000E+2
-1.100310000E-4	-1.347070000E-5	3.894300000E+0	2.999975391E+4	5.600200000E+2
-1.098220000E-4	-1.296410000E-5	3.882200000E+0	2.999975391E+4	5.621690000E+2
-1.098820000E-4	-1.361970000E-5	3.870000000E+0	2.999975391E+4	5.648760000E+2
-1.101800000E-4	-1.308330000E-5	3.859200000E+0	2.999975391E+4	5.668620000E+2
-1.101500000E-4	-1.370910000E-5	3.849100000E+0	2.999975391E+4	5.692530000E+2
-1.102990000E-4	-1.341110000E-5	3.838400000E+0	2.999975391E+4	5.711760000E+2
-1.092560000E-4	-1.353030000E-5	3.824300000E+0	2.999975391E+4	5.736940000E+2
-1.092260000E-4	-1.272560000E-5	3.813300000E+0	2.999975391E+4	5.762270000E+2
-1.087790000E-4	-1.320250000E-5	3.802600000E+0	2.999975391E+4	5.784330000E+2
-1.085700000E-4	-1.308330000E-5	3.789900000E+0	2.999975391E+4	5.808380000E+2
-1.096130000E-4	-1.314290000E-5	3.778300000E+0	2.999975391E+4	5.828480000E+2
-1.088680000E-4	-1.376870000E-5	3.767400000E+0	2.999975391E+4	5.856490000E+2
-1.088980000E-4	-1.302370000E-5	3.756800000E+0	2.999975391E+4	5.872460000E+2
-1.088980000E-4	-1.224880000E-5	3.744700000E+0	2.999975391E+4	5.902300000E+2
-1.092560000E-4	-1.257660000E-5	3.732500000E+0	2.999975391E+4	5.920710000E+2
-1.091370000E-4	-1.281510000E-5	3.718300000E+0	2.999975391E+4	5.949640000E+2
-1.089280000E-4	-1.275550000E-5	3.703900000E+0	2.999975391E+4	5.978980000E+2
-1.084810000E-4	-1.189120000E-5	3.691600000E+0	2.999975391E+4	6.008180000E+2
-1.088390000E-4	-1.141430000E-5	3.681300000E+0	2.999975391E+4	6.029720000E+2
-1.088090000E-4	-1.189120000E-5	3.670700000E+0	2.999975391E+4	6.047770000E+2
-1.085110000E-4	-1.192100000E-5	3.658800000E+0	2.999975391E+4	6.071800000E+2
-1.086000000E-4	-1.180180000E-5	3.646900000E+0	2.999975391E+4	6.097680000E+2
-1.083620000E-4	-1.224880000E-5	3.636300000E+0	2.999975391E+4	6.115020000E+2
-1.081830000E-4	-1.224880000E-5	3.626100000E+0	2.999975391E+4	6.134800000E+2
-1.098520000E-4	-1.281510000E-5	3.608600000E+0	2.999975391E+4	6.168310000E+2
-1.090170000E-4	-1.227860000E-5	3.593800000E+0	2.999975391E+4	6.205550000E+2
-1.086600000E-4	-1.278530000E-5	3.579200000E+0	2.999975391E+4	6.226920000E+2
-1.085110000E-4	-1.248720000E-5	3.567100000E+0	2.999975391E+4	6.263780000E+2
-1.079440000E-4	-1.195080000E-5	3.553100000E+0	2.999975391E+4	6.285060000E+2
-1.077660000E-4	-1.347070000E-5	3.538400000E+0	2.999975391E+4	6.317050000E+2
-1.078850000E-4	-1.344090000E-5	3.524600000E+0	2.999975391E+4	6.353570000E+2
-1.080040000E-4	-1.260640000E-5	3.510600000E+0	2.999975391E+4	6.374710000E+2
-1.079440000E-4	-1.260640000E-5	3.497400000E+0	2.999975391E+4	6.407040000E+2
-1.081530000E-4	-1.293430000E-5	3.485700000E+0	2.999975391E+4	6.428030000E+2
-1.083620000E-4	-1.290450000E-5	3.475300000E+0	2.999975391E+4	6.449470000E+2
-1.088680000E-4	-1.370910000E-5	3.463200000E+0	2.999975391E+4	6.481860000E+2
-1.091960000E-4	-1.320250000E-5	3.450300000E+0	2.999975391E+4	6.502930000E+2
-1.086600000E-4	-1.299390000E-5	3.437500000E+0	2.999975391E+4	6.535030000E+2
-1.088390000E-4	-1.364950000E-5	3.424500000E+0	2.999975391E+4	6.556690000E+2
-1.087490000E-4	-1.314290000E-5	3.413500000E+0	2.999975391E+4	6.581520000E+2
-1.088980000E-4	-1.338130000E-5	3.403300000E+0	2.999975391E+4	6.603420000E+2
-1.093150000E-4	-1.436480000E-5	3.384700000E+0	2.999975391E+4	6.635400000E+2
-1.101800000E-4	-1.552710000E-5	3.367800000E+0	2.999975391E+4	6.676330000E+2
-1.111330000E-4	-1.630200000E-5	3.355600000E+0	2.999975391E+4	6.697430000E+2
-1.096430000E-4	-1.531850000E-5	3.343000000E+0	2.999975391E+4	6.728700000E+2
-1.094350000E-4	-1.540790000E-5	3.331800000E+0	2.999975391E+4	6.749950000E+2
-1.099710000E-4	-1.585500000E-5	3.320500000E+0	2.999975391E+4	6.780340000E+2
-1.103880000E-4	-1.585500000E-5	3.308900000E+0	2.999975391E+4	6.802150000E+2
-1.106860000E-4	-1.615300000E-5	3.292200000E+0	2.999975391E+4	6.833480000E+2
-1.106860000E-4	-1.627220000E-5	3.278600000E+0	2.999975391E+4	6.869460000E+2
-1.116100000E-4	-1.633180000E-5	3.264500000E+0	2.999975391E+4	6.890940000E+2
-1.119980000E-4	-1.701720000E-5	3.248200000E+0	2.999975391E+4	6.928080000E+2
-1.127430000E-4	-1.710660000E-5	3.237400000E+0	2.999975391E+4	6.960100000E+2
-1.132490000E-4	-1.686820000E-5	3.225200000E+0	2.999975391E+4	6.974650000E+2
-1.134880000E-4	-1.764310000E-5	3.214300000E+0	2.999975391E+4	7.001980000E+2
-1.131600000E-4	-1.791130000E-5	3.196600000E+0	2.999975391E+4	7.033510000E+2
-1.139050000E-4	-1.850740000E-5	3.186600000E+0	2.999975391E+4	7.064500000E+2
-1.142920000E-4	-1.874580000E-5	3.173200000E+0	2.999975391E+4	7.085310000E+2
-1.148880000E-4	-1.955040000E-5	3.163200000E+0	2.999975391E+4	7.113510000E+2
-1.157530000E-4	-1.975910000E-5	3.147500000E+0	2.999975391E+4	7.138950000E+2
-1.160810000E-4	-2.038490000E-5	3.132700000E+0	2.999975391E+4	7.171480000E+2
-1.169450000E-4	-2.059350000E-5	3.119100000E+0	2.999975391E+4	7.203100000E+2
-1.173020000E-4	-2.148760000E-5	3.107100000E+0	2.999975391E+4	7.224060000E+2
-1.179280000E-4	-2.193460000E-5	3.092200000E+0	2.999975391E+4	7.260350000E+2
-1.188220000E-4	-2.205380000E-5	3.079500000E+0	2.999975391E+4	7.281680000E+2
-1.197460000E-4	-2.342470000E-5	3.064800000E+0	2.999975391E+4	7.313600000E+2
-1.189710000E-4	-2.402080000E-5	3.053600000E+0	2.999975391E+4	7.340440000E+2
-1.197160000E-4	-2.372280000E-5	3.036500000E+0	2.999975391E+4	7.372370000E+2
-1.222500000E-4	-2.509370000E-5	3.025300000E+0	2.999975391E+4	7.403810000E+2
-1.244850000E-4	-2.568970000E-5	3.011400000E+0	2.999975391E+4	7.424270000E+2
-1.249620000E-4	-2.512350000E-5	2.997700000E+0	2.999975391E+4	7.456170000E+2
-1.251710000E-4	-2.604730000E-5	2.987200000E+0	2.999975391E+4	7.477850000E+2
-1.244550000E-4	-2.622620000E-5	2.977200000E+0	2.999975391E+4	7.502790000E+2
-1.259460000E-4	-2.682220000E-5	2.962700000E+0	2.999975391E+4	7.524810000E+2
-1.289850000E-4	-2.700100000E-5	2.949300000E+0	2.999975391E+4	7.556190000E+2
-1.288660000E-4	-2.744810000E-5	2.938800000E+0	2.999975391E+4	7.583560000E+2
-1.300880000E-4	-2.771630000E-5	2.923700000E+0	2.999975391E+4	7.608490000E+2
-1.310120000E-4	-2.741830000E-5	2.912400000E+0	2.999975391E+4	7.635210000E+2
-1.336640000E-4	-2.744810000E-5	2.902000000E+0	2.999975391E+4	7.657020000E+2
-1.359590000E-4	-2.732880000E-5	2.887400000E+0	2.999975391E+4	7.688440000E+2
-1.368230000E-4	-2.759710000E-5	2.871200000E+0	2.999975391E+4	7.720850000E+2
-1.364960000E-4	-2.798450000E-5	2.858400000E+0	2.999975391E+4	7.752280000E+2
-1.366450000E-4	-2.780570000E-5	2.844400000E+0	2.999975391E+4	7.774010000E+2
-1.381940000E-4	-2.849110000E-5	2.826800000E+0	2.999975391E+4	7.809420000E+2
-1.379560000E-4	-2.846130000E-5	2.816700000E+0	2.999975391E+4	7.841550000E+2
-1.384630000E-4	-2.935540000E-5	2.801500000E+0	2.999975391E+4	7.863370000E+2
-1.395650000E-4	-2.938520000E-5	2.787300000E+0	2.999975391E+4	7.900390000E+2
-1.401020000E-4	-2.923620000E-5	2.775900000E+0	2.999975391E+4	7.921700000E+2
-1.411450000E-4	-2.995150000E-5	2.759400000E+0	2.999975391E+4	7.953810000E+2
-1.425450000E-4	-3.036870000E-5	2.745900000E+0	2.999975391E+4	7.986270000E+2
-1.436780000E-4	-2.959380000E-5	2.730300000E+0	2.999975391E+4	8.022010000E+2
-1.465090000E-4	-3.075620000E-5	2.716900000E+0	2.999975391E+4	8.043830000E+2
-1.478200000E-4	-3.042830000E-5	2.700000000E+0	2.999975391E+4	8.080270000E+2
-1.492210000E-4	-2.992160000E-5	2.688100000E+0	2.999975391E+4	8.111750000E+2
-1.496090000E-4	-3.042830000E-5	2.674200000E+0	2.999975391E+4	8.132710000E+2
-1.492210000E-4	-2.971300000E-5	2.659400000E+0	2.999975391E+4	8.164660000E+2
-1.497280000E-4	-3.063700000E-5	2.647400000E+0	2.999975391E+4	8.196350000E+2
-1.505920000E-4	-3.030910000E-5	2.633600000E+0	2.999975391E+4	8.217880000E+2
-1.513670000E-4	-2.789510000E-5	2.618800000E+0	2.999975391E+4	8.254420000E+2
-1.517540000E-4	-2.792490000E-5	2.606800000E+0	2.999975391E+4	8.275510000E+2
-1.533040000E-4	-2.780570000E-5	2.588800000E+0	2.999975391E+4	8.313040000E+2
-1.557180000E-4	-2.867000000E-5	2.577300000E+0	2.999975391E+4	8.347800000E+2
-1.554200000E-4	-2.798450000E-5	2.567200000E+0	2.999975391E+4	8.358160000E+2
-1.564630000E-4	-2.777590000E-5	2.548200000E+0	2.999975391E+4	8.399330000E+2
-1.574170000E-4	-2.804410000E-5	2.536900000E+0	2.999975391E+4	8.431300000E+2
-1.579830000E-4	-2.902760000E-5	2.520300000E+0	2.999975391E+4	8.452710000E+2
-1.603670000E-4	-2.965340000E-5	2.502300000E+0	2.999975391E+4	8.495210000E+2
-1.622450000E-4	-2.890840000E-5	2.490900000E+0	2.999975391E+4	8.527950000E+2
-1.619470000E-4	-2.864010000E-5	2.480800000E+0	2.999975391E+4	8.543140000E+2
-1.621260000E-4	-2.709040000E-5	2.469400000E+0	2.999975391E+4	8.564660000E+2
-1.637650000E-4	-2.715000000E-5	2.455900000E+0	2.999975391E+4	8.596570000E+2
-1.649270000E-4	-2.750770000E-5	2.444200000E+0	2.999975391E+4	8.618360000E+2
-1.668940000E-4	-2.846130000E-5	2.427000000E+0	2.999975391E+4	8.654080000E+2
-1.679970000E-4	-2.729900000E-5	2.417000000E+0	2.999975391E+4	8.680590000E+2
-1.674300000E-4	-2.667320000E-5	2.404300000E+0	2.999975391E+4	8.702670000E+2
-1.683240000E-4	-2.637520000E-5	2.394300000E+0	2.999975391E+4	8.723690000E+2
-1.693970000E-4	-2.688180000E-5	2.379700000E+0	2.999975391E+4	8.755330000E+2
-1.695460000E-4	-2.610700000E-5	2.369300000E+0	2.999975391E+4	8.777120000E+2
-1.710660000E-4	-2.715000000E-5	2.353900000E+0	2.999975391E+4	8.808620000E+2
-1.723780000E-4	-2.706060000E-5	2.340700000E+0	2.999975391E+4	8.840720000E+2
-1.728840000E-4	-2.643480000E-5	2.330000000E+0	2.999975391E+4	8.861780000E+2
-1.733610000E-4	-2.598770000E-5	2.319400000E+0	2.999975391E+4	8.884150000E+2
-1.735700000E-4	-2.586850000E-5	2.303600000E+0	2.999975391E+4	8.915300000E+2
-1.752680000E-4	-2.604730000E-5	2.288600000E+0	2.999975391E+4	8.947710000E+2
-1.761330000E-4	-2.506390000E-5	2.275600000E+0	2.999975391E+4	8.979950000E+2
-1.773550000E-4	-2.494470000E-5	2.261400000E+0	2.999975391E+4	9.000720000E+2
-1.785470000E-4	-2.503410000E-5	2.248900000E+0	2.999975391E+4	9.033020000E+2
-1.781290000E-4	-2.470620000E-5	2.238000000E+0	2.999975391E+4	9.054600000E+2
-1.780700000E-4	-2.539170000E-5	2.221000000E+0	2.999975391E+4	9.086320000E+2
-1.784570000E-4	-2.539170000E-5	2.207700000E+0	2.999975391E+4	9.118280000E+2
-1.796490000E-4	-2.536190000E-5	2.197100000E+0	2.999975391E+4	9.139130000E+2
-1.799470000E-4	-2.551090000E-5	2.183200000E+0	2.999975391E+4	9.171550000E+2
-1.802450000E-4	-2.497450000E-5	2.172000000E+0	2.999975391E+4	9.193120000E+2
-1.808120000E-4	-2.488510000E-5	2.155600000E+0	2.999975391E+4	9.225140000E+2
-1.820340000E-4	-2.414000000E-5	2.143200000E+0	2.999975391E+4	9.256690000E+2
-1.825400000E-4	-2.360360000E-5	2.131900000E+0	2.999975391E+4	9.278270000E+2
-1.840900000E-4	-2.366320000E-5	2.117300000E+0	2.999975391E+4	9.310380000E+2
-1.848050000E-4	-2.273930000E-5	2.106600000E+0	2.999975391E+4	9.331530000E+2
-1.844180000E-4	-2.229230000E-5	2.093600000E+0	2.999975391E+4	9.363750000E+2
-1.854010000E-4	-2.217300000E-5	2.081000000E+0	2.999975391E+4	9.385850000E+2
-1.858480000E-4	-2.232210000E-5	2.067300000E+0	2.999975391E+4	9.417390000E+2
-1.870400000E-4	-2.399100000E-5	2.056400000E+0	2.999975391E+4	9.438280000E+2
-1.862650000E-4	-2.190480000E-5	2.039900000E+0	2.999975391E+4	9.470050000E+2
-1.862360000E-4	-2.169620000E-5	2.024900000E+0	2.999975391E+4	9.505990000E+2
-1.877850000E-4	-2.184520000E-5	2.014700000E+0	2.999975391E+4	9.527600000E+2
-1.888280000E-4	-2.244130000E-5	2.001200000E+0	2.999975391E+4	9.553960000E+2
-1.875470000E-4	-2.107040000E-5	2.013800000E+0	2.999975391E+4	1.084308000E+3
-1.853710000E-4	-2.220280000E-5	2.025500000E+0	2.999975391E+4	1.087103000E+3
-1.850440000E-4	-2.220280000E-5	2.036200000E+0	2.999975391E+4	1.088733000E+3
-1.853120000E-4	-2.175580000E-5	2.047000000E+0	2.999975391E+4	1.091301000E+3
-1.843280000E-4	-2.181540000E-5	2.057500000E+0	2.999975391E+4	1.093252000E+3
-1.840900000E-4	-2.279890000E-5	2.068300000E+0	2.999975391E+4	1.095278000E+3
-1.831360000E-4	-2.250090000E-5	2.079600000E+0	2.999975391E+4	1.097911000E+3
-1.826590000E-4	-2.262010000E-5	2.091700000E+0	2.999975391E+4	1.099804000E+3
-1.828080000E-4	-2.291810000E-5	2.103400000E+0	2.999975391E+4	1.102388000E+3
-1.819740000E-4	-2.276910000E-5	2.113900000E+0	2.999975391E+4	1.104491000E+3
-1.813780000E-4	-2.294790000E-5	2.126400000E+0	2.999975391E+4	1.107013000E+3
-1.806920000E-4	-2.315650000E-5	2.137400000E+0	2.999975391E+4	1.109397000E+3
-1.795000000E-4	-2.369300000E-5	2.148300000E+0	2.999975391E+4	1.111395000E+3
-1.793510000E-4	-2.396120000E-5	2.158900000E+0	2.999975391E+4	1.113551000E+3
-1.786060000E-4	-2.458700000E-5	2.170000000E+0	2.999975391E+4	1.115715000E+3
-1.785170000E-4	-2.425920000E-5	2.181000000E+0	2.999975391E+4	1.118355000E+3
-1.780700000E-4	-2.428900000E-5	2.193100000E+0	2.999975391E+4	1.120364000E+3
-1.769670000E-4	-2.506390000E-5	2.203200000E+0	2.999975391E+4	1.122749000E+3
-1.759840000E-4	-2.470620000E-5	2.214800000E+0	2.999975391E+4	1.124707000E+3
-1.754470000E-4	-2.455720000E-5	2.225600000E+0	2.999975391E+4	1.126719000E+3
-1.745830000E-4	-2.482550000E-5	2.237400000E+0	2.999975391E+4	1.129452000E+3
-1.743150000E-4	-2.470620000E-5	2.247500000E+0	2.999975391E+4	1.131091000E+3
-1.732120000E-4	-2.524270000E-5	2.261000000E+0	2.999975391E+4	1.134050000E+3
-1.724370000E-4	-2.509370000E-5	2.271900000E+0	2.999975391E+4	1.136028000E+3
-1.719900000E-4	-2.503410000E-5	2.284800000E+0	2.999975391E+4	1.138842000E+3
-1.724670000E-4	-2.542150000E-5	2.295400000E+0	2.999975391E+4	1.141022000E+3
-1.721990000E-4	-2.530230000E-5	2.306300000E+0	2.999975391E+4	1.143026000E+3
-1.716030000E-4	-2.601750000E-5	2.317900000E+0	2.999975391E+4	1.145631000E+3
-1.709470000E-4	-2.628580000E-5	2.328500000E+0	2.999975391E+4	1.147218000E+3
-1.701130000E-4	-2.682220000E-5	2.338900000E+0	2.999975391E+4	1.149664000E+3
-1.699930000E-4	-2.709040000E-5	2.350800000E+0	2.999975391E+4	1.151825000E+3
-1.690100000E-4	-2.679240000E-5	2.361300000E+0	2.999975391E+4	1.154380000E+3
-1.681160000E-4	-2.649440000E-5	2.372100000E+0	2.999975391E+4	1.156335000E+3
-1.679670000E-4	-2.670300000E-5	2.382300000E+0	2.999975391E+4	1.157935000E+3
-1.669830000E-4	-2.691160000E-5	2.394100000E+0	2.999975391E+4	1.160879000E+3
-1.657910000E-4	-2.700100000E-5	2.404900000E+0	2.999975391E+4	1.162615000E+3
-1.653440000E-4	-2.592810000E-5	2.415200000E+0	2.999975391E+4	1.164984000E+3
-1.645990000E-4	-2.622620000E-5	2.427100000E+0	2.999975391E+4	1.167372000E+3
-1.637650000E-4	-2.640500000E-5	2.439000000E+0	2.999975391E+4	1.169311000E+3
-1.625430000E-4	-2.688180000E-5	2.451100000E+0	2.999975391E+4	1.172027000E+3
-1.614700000E-4	-2.759710000E-5	2.463100000E+0	2.999975391E+4	1.174241000E+3
-1.614100000E-4	-2.786530000E-5	2.473300000E+0	2.999975391E+4	1.176569000E+3
-1.603080000E-4	-2.786530000E-5	2.484800000E+0	2.999975391E+4	1.178610000E+3
-1.594140000E-4	-2.780570000E-5	2.495700000E+0	2.999975391E+4	1.181121000E+3
-1.584600000E-4	-2.762690000E-5	2.506900000E+0	2.999975391E+4	1.183135000E+3
-1.581020000E-4	-2.750770000E-5	2.517900000E+0	2.999975391E+4	1.185637000E+3
-1.581620000E-4	-2.828250000E-5	2.529700000E+0	2.999975391E+4	1.187785000E+3
-1.573270000E-4	-2.867000000E-5	2.539800000E+0	2.999975391E+4	1.189502000E+3
-1.561650000E-4	-2.849110000E-5	2.550400000E+0	2.999975391E+4	1.191989000E+3
-1.551520000E-4	-2.875940000E-5	2.561800000E+0	2.999975391E+4	1.193910000E+3
-1.542280000E-4	-2.890840000E-5	2.574900000E+0	2.999975391E+4	1.196718000E+3
-1.537210000E-4	-2.881900000E-5	2.585100000E+0	2.999975391E+4	1.199302000E+3
-1.529760000E-4	-2.932560000E-5	2.596500000E+0	2.999975391E+4	1.200998000E+3
-1.511580000E-4	-2.938520000E-5	2.606600000E+0	2.999975391E+4	1.203376000E+3
-1.509790000E-4	-2.953420000E-5	2.617200000E+0	2.999975391E+4	1.204977000E+3
-1.495190000E-4	-3.001110000E-5	2.627900000E+0	2.999975391E+4	1.207647000E+3
-1.491620000E-4	-2.953420000E-5	2.638200000E+0	2.999975391E+4	1.209285000E+3
-1.481780000E-4	-3.039850000E-5	2.648500000E+0	2.999975391E+4	1.211689000E+3
-1.476120000E-4	-3.024950000E-5	2.659500000E+0	2.999975391E+4	1.213667000E+3
-1.467770000E-4	-2.968320000E-5	2.670300000E+0	2.999975391E+4	1.216041000E+3
-1.465090000E-4	-2.968320000E-5	2.680400000E+0	2.999975391E+4	1.218165000E+3
-1.454660000E-4	-2.959380000E-5	2.692500000E+0	2.999975391E+4	1.220341000E+3
-1.440650000E-4	-2.959380000E-5	2.703100000E+0	2.999975391E+4	1.222284000E+3
-1.440650000E-4	-2.995150000E-5	2.714200000E+0	2.999975391E+4	1.224842000E+3
-1.435590000E-4	-2.911700000E-5	2.725500000E+0	2.999975391E+4	1.226824000E+3
-1.419200000E-4	-2.917660000E-5	2.735600000E+0	2.999975391E+4	1.228960000E+3
-1.412940000E-4	-2.941500000E-5	2.747300000E+0	2.999975391E+4	1.231357000E+3
-1.413830000E-4	-2.899780000E-5	2.758800000E+0	2.999975391E+4	1.233819000E+3
-1.398330000E-4	-2.864010000E-5	2.769100000E+0	2.999975391E+4	1.235917000E+3
-1.381050000E-4	-2.849110000E-5	2.779200000E+0	2.999975391E+4	1.237904000E+3
-1.371810000E-4	-2.795470000E-5	2.789500000E+0	2.999975391E+4	1.239939000E+3
-1.372110000E-4	-2.822290000E-5	2.799700000E+0	2.999975391E+4	1.241614000E+3
-1.362270000E-4	-2.849110000E-5	2.810000000E+0	2.999975391E+4	1.244229000E+3
-1.351540000E-4	-2.861030000E-5	2.820200000E+0	2.999975391E+4	1.245785000E+3
-1.338430000E-4	-2.819310000E-5	2.831800000E+0	2.999975391E+4	1.248171000E+3
-1.335150000E-4	-2.774610000E-5	2.841800000E+0	2.999975391E+4	1.249948000E+3
-1.326810000E-4	-2.726920000E-5	2.855200000E+0	2.999975391E+4	1.252727000E+3
-1.319360000E-4	-2.643480000E-5	2.867000000E+0	2.999975391E+4	1.255646000E+3
-1.312210000E-4	-2.628580000E-5	2.878500000E+0	2.999975391E+4	1.257291000E+3
-1.298200000E-4	-2.577910000E-5	2.888900000E+0	2.999975391E+4	1.259692000E+3
-1.293730000E-4	-2.586850000E-5	2.899300000E+0	2.999975391E+4	1.261822000E+3
-1.285380000E-4	-2.560030000E-5	2.909400000E+0	2.999975391E+4	1.263788000E+3
-1.281210000E-4	-2.622620000E-5	2.921100000E+0	2.999975391E+4	1.266386000E+3
-1.276440000E-4	-2.545130000E-5	2.931600000E+0	2.999975391E+4	1.267904000E+3
-1.267200000E-4	-2.527250000E-5	2.941700000E+0	2.999975391E+4	1.270363000E+3
-1.258860000E-4	-2.512350000E-5	2.952500000E+0	2.999975391E+4	1.272297000E+3
-1.253490000E-4	-2.554070000E-5	2.962800000E+0	2.999975391E+4	1.274478000E+3
-1.247530000E-4	-2.583870000E-5	2.973100000E+0	2.999975391E+4	1.276564000E+3
-1.241280000E-4	-2.539170000E-5	2.984800000E+0	2.999975391E+4	1.278585000E+3
-1.232340000E-4	-2.402080000E-5	2.996300000E+0	2.999975391E+4	1.281376000E+3
-1.223990000E-4	-2.366320000E-5	3.006500000E+0	2.999975391E+4	1.283120000E+3
-1.220110000E-4	-2.276910000E-5	3.017100000E+0	2.999975391E+4	1.285496000E+3
-1.214150000E-4	-2.303730000E-5	3.028900000E+0	2.999975391E+4	1.287958000E+3
-1.201040000E-4	-2.244130000E-5	3.040100000E+0	2.999975391E+4	1.290094000E+3
-1.201630000E-4	-2.279890000E-5	3.052100000E+0	2.999975391E+4	1.292456000E+3
-1.204910000E-4	-2.262010000E-5	3.063000000E+0	2.999975391E+4	1.294459000E+3
-1.193890000E-4	-2.232210000E-5	3.076000000E+0	2.999975391E+4	1.297016000E+3
-1.184940000E-4	-2.226250000E-5	3.088300000E+0	2.999975391E+4	1.299930000E+3
-1.178690000E-4	-2.133860000E-5	3.099400000E+0	2.999975391E+4	1.301554000E+3
-1.173620000E-4	-2.172600000E-5	3.109500000E+0	2.999975391E+4	1.304051000E+3
-1.178090000E-4	-2.074250000E-5	3.120300000E+0	2.999975391E+4	1.305662000E+3
-1.167660000E-4	-2.113000000E-5	3.131900000E+0	2.999975391E+4	1.308483000E+3
-1.167060000E-4	-1.990810000E-5	3.143400000E+0	2.999975391E+4	1.310438000E+3
-1.164380000E-4	-1.969950000E-5	3.154000000E+0	2.999975391E+4	1.312844000E+3
-1.159910000E-4	-1.966960000E-5	3.166000000E+0	2.999975391E+4	1.315216000E+3
-1.151270000E-4	-1.904380000E-5	3.176800000E+0	2.999975391E+4	1.317026000E+3
-1.151270000E-4	-1.963980000E-5	3.188200000E+0	2.999975391E+4	1.319590000E+3
-1.145010000E-4	-2.023590000E-5	3.199300000E+0	2.999975391E+4	1.321539000E+3
-1.137860000E-4	-1.963980000E-5	3.209900000E+0	2.999975391E+4	1.323901000E+3
-1.133090000E-4	-1.889480000E-5	3.223400000E+0	2.999975391E+4	1.326598000E+3
-1.125940000E-4	-1.800070000E-5	3.233900000E+0	2.999975391E+4	1.328999000E+3
-1.128620000E-4	-1.782190000E-5	3.244800000E+0	2.999975391E+4	1.330983000E+3
-1.126830000E-4	-1.761330000E-5	3.256200000E+0	2.999975391E+4	1.333021000E+3
-1.124450000E-4	-1.770270000E-5	3.267200000E+0	2.999975391E+4	1.335403000E+3
-1.122060000E-4	-1.648080000E-5	3.279100000E+0	2.999975391E+4	1.337753000E+3
-1.125340000E-4	-1.582510000E-5	3.290400000E+0	2.999975391E+4	1.340153000E+3
-1.122960000E-4	-1.561650000E-5	3.302200000E+0	2.999975391E+4	1.342366000E+3
-1.122360000E-4	-1.472240000E-5	3.313300000E+0	2.999975391E+4	1.344898000E+3
-1.122360000E-4	-1.439460000E-5	3.324700000E+0	2.999975391E+4	1.346822000E+3
-1.114910000E-4	-1.385810000E-5	3.335900000E+0	2.999975391E+4	1.349266000E+3
-1.122060000E-4	-1.364950000E-5	3.347500000E+0	2.999975391E+4	1.351400000E+3
-1.123250000E-4	-1.302370000E-5	3.359000000E+0	2.999975391E+4	1.353761000E+3
-1.116100000E-4	-1.308330000E-5	3.370500000E+0	2.999975391E+4	1.355927000E+3
-1.117890000E-4	-1.207000000E-5	3.383300000E+0	2.999975391E+4	1.358707000E+3
-1.115510000E-4	-1.212960000E-5	3.393900000E+0	2.999975391E+4	1.360353000E+3
-1.113720000E-4	-1.201040000E-5	3.404500000E+0	2.999975391E+4	1.363118000E+3
-1.118190000E-4	-1.186140000E-5	3.415700000E+0	2.999975391E+4	1.364722000E+3
-1.118780000E-4	-1.159320000E-5	3.426900000E+0	2.999975391E+4	1.367320000E+3
-1.114610000E-4	-1.162300000E-5	3.437000000E+0	2.999975391E+4	1.369244000E+3
-1.112820000E-4	-1.180180000E-5	3.448100000E+0	2.999975391E+4	1.371681000E+3
-1.110140000E-4	-1.186140000E-5	3.460100000E+0	2.999975391E+4	1.373816000E+3
-1.117000000E-4	-1.153360000E-5	3.470700000E+0	2.999975391E+4	1.376364000E+3
-1.115800000E-4	-1.123550000E-5	3.482000000E+0	2.999975391E+4	1.378373000E+3
-1.118190000E-4	-1.147400000E-5	3.493500000E+0	2.999975391E+4	1.380768000E+3
-1.110440000E-4	-1.180180000E-5	3.506200000E+0	2.999975391E+4	1.382723000E+3
-1.122060000E-4	-1.233820000E-5	3.520900000E+0	2.999975391E+4	1.386040000E+3
-1.124450000E-4	-1.299390000E-5	3.532400000E+0	2.999975391E+4	1.388480000E+3
-1.125040000E-4	-1.269580000E-5	3.542500000E+0	2.999975391E+4	1.390030000E+3
-1.117000000E-4	-1.254680000E-5	3.555100000E+0	2.999975391E+4	1.392909000E+3
-1.115210000E-4	-1.156340000E-5	3.566200000E+0	2.999975391E+4	1.395470000E+3
-1.113120000E-4	-1.204020000E-5	3.576300000E+0	2.999975391E+4	1.397429000E+3
-1.119980000E-4	-1.189120000E-5	3.588400000E+0	2.999975391E+4	1.399396000E+3
-1.122360000E-4	-1.227860000E-5	3.599400000E+0	2.999975391E+4	1.401807000E+3
-1.121470000E-4	-1.257660000E-5	3.610400000E+0	2.999975391E+4	1.404331000E+3
-1.133090000E-4	-1.260640000E-5	3.622700000E+0	2.999975391E+4	1.406501000E+3
-1.125040000E-4	-1.245740000E-5	3.633100000E+0	2.999975391E+4	1.408472000E+3
-1.128020000E-4	-1.275550000E-5	3.645800000E+0	2.999975391E+4	1.411333000E+3
-1.118190000E-4	-1.275550000E-5	3.655800000E+0	2.999975391E+4	1.413312000E+3
-1.113120000E-4	-1.242760000E-5	3.668200000E+0	2.999975391E+4	1.415696000E+3
-1.114020000E-4	-1.227860000E-5	3.679500000E+0	2.999975391E+4	1.417690000E+3
-1.111630000E-4	-1.189120000E-5	3.690500000E+0	2.999975391E+4	1.420187000E+3
-1.118490000E-4	-1.186140000E-5	3.703200000E+0	2.999975391E+4	1.422756000E+3
-1.121470000E-4	-1.201040000E-5	3.713200000E+0	2.999975391E+4	1.424317000E+3
-1.121170000E-4	-1.192100000E-5	3.724600000E+0	2.999975391E+4	1.427125000E+3
-1.124150000E-4	-1.174220000E-5	3.736200000E+0	2.999975391E+4	1.428767000E+3
-1.121170000E-4	-1.201040000E-5	3.747200000E+0	2.999975391E+4	1.431126000E+3
-1.125940000E-4	-1.212960000E-5	3.757400000E+0	2.999975391E+4	1.433672000E+3
-1.118490000E-4	-1.272560000E-5	3.769200000E+0	2.999975391E+4	1.435711000E+3
-1.134580000E-4	-1.209980000E-5	3.780800000E+0	2.999975391E+4	1.438064000E+3
-1.134880000E-4	-1.367930000E-5	3.792400000E+0	2.999975391E+4	1.440608000E+3
-1.133090000E-4	-1.427540000E-5	3.802700000E+0	2.999975391E+4	1.442227000E+3
-1.130110000E-4	-1.320250000E-5	3.814000000E+0	2.999975391E+4	1.444607000E+3
-1.137860000E-4	-1.263620000E-5	3.824200000E+0	2.999975391E+4	1.447003000E+3
-1.123850000E-4	-1.305350000E-5	3.834400000E+0	2.999975391E+4	1.448600000E+3
-1.123550000E-4	-1.287470000E-5	3.845400000E+0	2.999975391E+4	1.451224000E+3
-1.119680000E-4	-1.302370000E-5	3.857900000E+0	2.999975391E+4	1.453681000E+3
-1.124150000E-4	-1.275550000E-5	3.870700000E+0	2.999975391E+4	1.456120000E+3
-1.129510000E-4	-1.341110000E-5	3.880900000E+0	2.999975391E+4	1.458060000E+3
-1.129510000E-4	-1.335150000E-5	3.891800000E+0	2.999975391E+4	1.460541000E+3
-1.129510000E-4	-1.376870000E-5	3.904000000E+0	2.999975391E+4	1.462623000E+3
-1.122360000E-4	-1.311310000E-5	3.915000000E+0	2.999975391E+4	1.465069000E+3
-1.117000000E-4	-1.287470000E-5	3.927100000E+0	2.999975391E+4	1.467400000E+3
-1.118780000E-4	-1.308330000E-5	3.937700000E+0	2.999975391E+4	1.469823000E+3
-1.118490000E-4	-1.293430000E-5	3.948500000E+0	2.999975391E+4	1.471838000E+3
-1.118780000E-4	-1.308330000E-5	3.960300000E+0	2.999975391E+4	1.473833000E+3
-1.119980000E-4	-1.257660000E-5	3.971600000E+0	2.999975391E+4	1.476604000E+3
-1.122960000E-4	-1.207000000E-5	3.984200000E+0	2.999975391E+4	1.478762000E+3
-1.123550000E-4	-1.233820000E-5	3.996500000E+0	2.999975391E+4	1.481137000E+3
-1.120270000E-4	-1.180180000E-5	4.007300000E+0	2.999975391E+4	1.483351000E+3
-1.124740000E-4	-1.227860000E-5	4.018300000E+0	2.999975391E+4	1.485672000E+3
-1.122660000E-4	-1.230840000E-5	4.029200000E+0	2.999975391E+4	1.488115000E+3
-1.120570000E-4	-1.201040000E-5	4.044400000E+0	2.999975391E+4	1.490645000E+3
-1.115210000E-4	-1.257660000E-5	4.055100000E+0	2.999975391E+4	1.493000000E+3
-1.119080000E-4	-1.239780000E-5	4.065800000E+0	2.999975391E+4	1.495231000E+3
-1.123850000E-4	-1.296410000E-5	4.075900000E+0	2.999975391E+4	1.497225000E+3
-1.115800000E-4	-1.287470000E-5	4.086400000E+0	2.999975391E+4	1.499601000E+3
-1.114610000E-4	-1.293430000E-5	4.097100000E+0	2.999975391E+4	1.501282000E+3
-1.116700000E-4	-1.278530000E-5	4.108800000E+0	2.999975391E+4	1.503985000E+3
-1.114020000E-4	-1.284490000E-5	4.121100000E+0	2.999975391E+4	1.506008000E+3
-1.117290000E-4	-1.302370000E-5	4.131200000E+0	2.999975391E+4	1.508333000E+3
-1.117590000E-4	-1.332170000E-5	4.142600000E+0	2.999975391E+4	1.510335000E+3
-1.108350000E-4	-1.397730000E-5	4.154800000E+0	2.999975391E+4	1.513202000E+3
-1.115510000E-4	-1.370910000E-5	4.166300000E+0	2.999975391E+4	1.514911000E+3
-1.121470000E-4	-1.350050000E-5	4.178600000E+0	2.999975391E+4	1.517412000E+3
-1.122060000E-4	-1.427540000E-5	4.193000000E+0	2.999975391E+4	1.520647000E+3
-1.117890000E-4	-1.433500000E-5	4.204200000E+0	2.999975391E+4	1.522676000E+3
-1.115800000E-4	-1.400710000E-5	4.215000000E+0	2.999975391E+4	1.525043000E+3
-1.117000000E-4	-1.397730000E-5	4.225100000E+0	2.999975391E+4	1.527070000E+3
-1.115210000E-4	-1.421580000E-5	4.238800000E+0	2.999975391E+4	1.529356000E+3
-1.115510000E-4	-1.448400000E-5	4.249400000E+0	2.999975391E+4	1.532074000E+3
-1.114610000E-4	-1.472240000E-5	4.261100000E+0	2.999975391E+4	1.534095000E+3
-1.112820000E-4	-1.442440000E-5	4.273900000E+0	2.999975391E+4	1.536875000E+3
-1.116700000E-4	-1.412640000E-5	4.284600000E+0	2.999975391E+4	1.539349000E+3
-1.112820000E-4	-1.460320000E-5	4.295400000E+0	2.999975391E+4	1.540892000E+3
-1.116100000E-4	-1.487140000E-5	4.305600000E+0	2.999975391E+4	1.542957000E+3
-1.111330000E-4	-1.490120000E-5	4.316100000E+0	2.999975391E+4	1.544884000E+3
-1.112230000E-4	-1.472240000E-5	4.328800000E+0	2.999975391E+4	1.548133000E+3
-1.111630000E-4	-1.513960000E-5	4.340200000E+0	2.999975391E+4	1.550121000E+3
-1.107760000E-4	-1.531850000E-5	4.351400000E+0	2.999975391E+4	1.551815000E+3
-1.107460000E-4	-1.475220000E-5	4.362100000E+0	2.999975391E+4	1.554562000E+3
-1.107460000E-4	-1.466280000E-5	4.373800000E+0	2.999975391E+4	1.556778000E+3
-1.107160000E-4	-1.415620000E-5	4.384200000E+0	2.999975391E+4	1.558780000E+3
-1.101800000E-4	-1.463300000E-5	4.396200000E+0	2.999975391E+4	1.561167000E+3
-1.101200000E-4	-1.448400000E-5	4.407400000E+0	2.999975391E+4	1.563142000E+3
-1.105370000E-4	-1.391770000E-5	4.417600000E+0	2.999975391E+4	1.565699000E+3
-1.107460000E-4	-1.418600000E-5	4.430000000E+0	2.999975391E+4	1.568090000E+3
-1.110740000E-4	-1.412640000E-5	4.440200000E+0	2.999975391E+4	1.569903000E+3
-1.107460000E-4	-1.376870000E-5	4.450500000E+0	2.999975391E+4	1.571855000E+3
-1.109840000E-4	-1.373890000E-5	4.461800000E+0	2.999975391E+4	1.574616000E+3
-1.109840000E-4	-1.388790000E-5	4.474000000E+0	2.999975391E+4	1.576621000E+3
-1.109840000E-4	-1.415620000E-5	4.484600000E+0	2.999975391E+4	1.579072000E+3
-1.112530000E-4	-1.347070000E-5	4.495900000E+0	2.999975391E+4	1.581474000E+3
-1.112230000E-4	-1.350050000E-5	4.507100000E+0	2.999975391E+4	1.583048000E+3
-1.113120000E-4	-1.391770000E-5	4.518700000E+0	2.999975391E+4	1.585826000E+3
-1.113120000E-4	-1.388790000E-5	4.530800000E+0	2.999975391E+4	1.587827000E+3
-1.118490000E-4	-1.397730000E-5	4.541000000E+0	2.999975391E+4	1.590382000E+3
-1.120870000E-4	-1.376870000E-5	4.551100000E+0	2.999975391E+4	1.592422000E+3
-1.121170000E-4	-1.415620000E-5	4.561500000E+0	2.999975391E+4	1.594376000E+3
-1.126830000E-4	-1.454360000E-5	4.574400000E+0	2.999975391E+4	1.596551000E+3
-1.126530000E-4	-1.460320000E-5	4.585600000E+0	2.999975391E+4	1.599347000E+3
-1.122060000E-4	-1.356010000E-5	4.597200000E+0	2.999975391E+4	1.601686000E+3
-1.133390000E-4	-1.382830000E-5	4.608100000E+0	2.999975391E+4	1.603304000E+3
-1.136370000E-4	-1.385810000E-5	4.619100000E+0	2.999975391E+4	1.605424000E+3
-1.128920000E-4	-1.382830000E-5	4.630700000E+0	2.999975391E+4	1.608294000E+3
-1.128620000E-4	-1.400710000E-5	4.642200000E+0	2.999975391E+4	1.610297000E+3
-1.122660000E-4	-1.314290000E-5	4.652500000E+0	2.999975391E+4	1.612375000E+3
-1.121170000E-4	-1.329190000E-5	4.664000000E+0	2.999975391E+4	1.614785000E+3
-1.123550000E-4	-1.308330000E-5	4.675100000E+0	2.999975391E+4	1.617163000E+3
-1.121470000E-4	-1.364950000E-5	4.686200000E+0	2.999975391E+4	1.618817000E+3
-1.123850000E-4	-1.403700000E-5	4.697800000E+0	2.999975391E+4	1.621570000E+3
-1.120870000E-4	-1.403700000E-5	4.708000000E+0	2.999975391E+4	1.623551000E+3
-1.114610000E-4	-1.406680000E-5	4.719000000E+0	2.999975391E+4	1.625599000E+3
-1.121470000E-4	-1.421580000E-5	4.731300000E+0	2.999975391E+4	1.628365000E+3
-1.124150000E-4	-1.356010000E-5	4.741500000E+0	2.999975391E+4	1.630089000E+3
-1.116700000E-4	-1.424560000E-5	4.752900000E+0	2.999975391E+4	1.632905000E+3
-1.114020000E-4	-1.406680000E-5	4.764200000E+0	2.999975391E+4	1.634553000E+3
-1.114610000E-4	-1.412640000E-5	4.776000000E+0	2.999975391E+4	1.637310000E+3
-1.113120000E-4	-1.418600000E-5	4.786800000E+0	2.999975391E+4	1.639709000E+3
-1.110740000E-4	-1.448400000E-5	4.799000000E+0	2.999975391E+4	1.641346000E+3
-1.108650000E-4	-1.454360000E-5	4.811300000E+0	2.999975391E+4	1.644224000E+3
-1.107160000E-4	-1.400710000E-5	4.822400000E+0	2.999975391E+4	1.646423000E+3
-1.111040000E-4	-1.427540000E-5	4.835900000E+0	2.999975391E+4	1.649176000E+3
-1.114610000E-4	-1.442440000E-5	4.847100000E+0	2.999975391E+4	1.650762000E+3
-1.113120000E-4	-1.424560000E-5	4.859600000E+0	2.999975391E+4	1.653978000E+3
-1.110140000E-4	-1.433500000E-5	4.870100000E+0	2.999975391E+4	1.655989000E+3
-1.107160000E-4	-1.484160000E-5	4.881100000E+0	2.999975391E+4	1.658010000E+3
-1.115210000E-4	-1.442440000E-5	4.893400000E+0	2.999975391E+4	1.660505000E+3
-1.118780000E-4	-1.487140000E-5	4.904100000E+0	2.999975391E+4	1.662949000E+3
-1.112230000E-4	-1.475220000E-5	4.914300000E+0	2.999975391E+4	1.664908000E+3
-1.115510000E-4	-1.364950000E-5	4.924900000E+0	2.999975391E+4	1.666497000E+3
-1.117590000E-4	-1.484160000E-5	4.936700000E+0	2.999975391E+4	1.669293000E+3
-1.116400000E-4	-1.490120000E-5	4.948800000E+0	2.999975391E+4	1.671709000E+3
-1.116700000E-4	-1.391770000E-5	4.959300000E+0	2.999975391E+4	1.673905000E+3
-1.115800000E-4	-1.424560000E-5	4.970800000E+0	2.999975391E+4	1.675825000E+3
-1.115210000E-4	-1.329190000E-5	4.981600000E+0	2.999975391E+4	1.678261000E+3
-1.115210000E-4	-1.370910000E-5	4.995400000E+0	2.999975391E+4	1.681046000E+3
-1.117000000E-4	-1.412640000E-5	5.007500000E+0	2.999975391E+4	1.683060000E+3
-1.091370000E-4	-1.469260000E-5	5.017600000E+0	2.999975391E+4	1.685457000E+3
-1.086000000E-4	-1.487140000E-5	5.028100000E+0	2.999975391E+4	1.687866000E+3
-1.079740000E-4	-1.469260000E-5	5.040900000E+0	2.999975391E+4	1.689979000E+3
-1.080340000E-4	-1.454360000E-5	5.052100000E+0	2.999975391E+4	1.692121000E+3
-1.076460000E-4	-1.496080000E-5	5.063200000E+0	2.999975391E+4	1.694536000E+3
-1.076760000E-4	-1.463300000E-5	5.076000000E+0	2.999975391E+4	1.697380000E+3
-1.081530000E-4	-1.484160000E-5	5.086200000E+0	2.999975391E+4	1.698907000E+3
-1.075570000E-4	-1.510980000E-5	5.097700000E+0	2.999975391E+4	1.701321000E+3
-1.078850000E-4	-1.430520000E-5	5.109000000E+0	2.999975391E+4	1.704111000E+3
-1.083920000E-4	-1.433500000E-5	5.119600000E+0	2.999975391E+4	1.705724000E+3
-1.081230000E-4	-1.448400000E-5	5.130100000E+0	2.999975391E+4	1.708122000E+3
-1.078550000E-4	-1.466280000E-5	5.140900000E+0	2.999975391E+4	1.710281000E+3
-1.081530000E-4	-1.433500000E-5	5.152100000E+0	2.999975391E+4	1.712651000E+3
-1.080930000E-4	-1.457340000E-5	5.162600000E+0	2.999975391E+4	1.714262000E+3
-1.077060000E-4	-1.472240000E-5	5.174400000E+0	2.999975391E+4	1.716659000E+3
-1.078250000E-4	-1.466280000E-5	5.184700000E+0	2.999975391E+4	1.718670000E+3
-1.077660000E-4	-1.513960000E-5	5.195900000E+0	2.999975391E+4	1.721587000E+3
-1.077060000E-4	-1.499060000E-5	5.208000000E+0	2.999975391E+4	1.723625000E+3
-1.074970000E-4	-1.510980000E-5	5.219600000E+0	2.999975391E+4	1.726049000E+3
-1.078550000E-4	-1.531850000E-5	5.232000000E+0	2.999975391E+4	1.727991000E+3
-1.081230000E-4	-1.537810000E-5	5.244300000E+0	2.999975391E+4	1.730844000E+3
-1.080930000E-4	-1.564630000E-5	5.254400000E+0	2.999975391E+4	1.732383000E+3
-1.079440000E-4	-1.555690000E-5	5.265000000E+0	2.999975391E+4	1.735188000E+3
-1.077950000E-4	-1.618280000E-5	5.276600000E+0	2.999975391E+4	1.737352000E+3
-1.083620000E-4	-1.630200000E-5	5.287700000E+0	2.999975391E+4	1.739752000E+3
-1.085700000E-4	-1.591460000E-5	5.298200000E+0	2.999975391E+4	1.741706000E+3
-1.084510000E-4	-1.525890000E-5	5.309600000E+0	2.999975391E+4	1.744121000E+3
-1.084510000E-4	-1.525890000E-5	5.320300000E+0	2.999975391E+4	1.745879000E+3
-1.079740000E-4	-1.531850000E-5	5.330900000E+0	2.999975391E+4	1.748296000E+3
-1.081830000E-4	-1.528870000E-5	5.341900000E+0	2.999975391E+4	1.750261000E+3
-1.083320000E-4	-1.600400000E-5	5.353600000E+0	2.999975391E+4	1.752702000E+3
-1.083920000E-4	-1.639140000E-5	5.365800000E+0	2.999975391E+4	1.755042000E+3
-1.079440000E-4	-1.543770000E-5	5.376400000E+0	2.999975391E+4	1.757032000E+3
-1.079440000E-4	-1.472240000E-5	5.386700000E+0	2.999975391E+4	1.759047000E+3
-1.086300000E-4	-1.546750000E-5	5.398100000E+0	2.999975391E+4	1.761859000E+3
-1.089280000E-4	-1.612320000E-5	5.408700000E+0	2.999975391E+4	1.763897000E+3
-1.091070000E-4	-1.516940000E-5	5.419300000E+0	2.999975391E+4	1.765967000E+3
-1.086000000E-4	-1.534830000E-5	5.430500000E+0	2.999975391E+4	1.768024000E+3
-1.088980000E-4	-1.508000000E-5	5.442000000E+0	2.999975391E+4	1.770521000E+3
-1.084810000E-4	-1.502040000E-5	5.454400000E+0	2.999975391E+4	1.772522000E+3
-1.093150000E-4	-1.561650000E-5	5.465100000E+0	2.999975391E+4	1.775313000E+3
-1.092260000E-4	-1.603380000E-5	5.475200000E+0	2.999975391E+4	1.777313000E+3
-1.094050000E-4	-1.439460000E-5	5.485300000E+0	2.999975391E+4	1.778907000E+3
-1.090470000E-4	-1.430520000E-5	5.495800000E+0	2.999975391E+4	1.780926000E+3
-1.087190000E-4	-1.445420000E-5	5.506000000E+0	2.999975391E+4	1.783316000E+3
-1.088980000E-4	-1.487140000E-5	5.516700000E+0	2.999975391E+4	1.785314000E+3
-1.093750000E-4	-1.442440000E-5	5.527500000E+0	2.999975391E+4	1.787702000E+3
-1.094940000E-4	-1.463300000E-5	5.538000000E+0	2.999975391E+4	1.789529000E+3
-1.088390000E-4	-1.451380000E-5	5.548800000E+0	2.999975391E+4	1.791438000E+3
-1.093150000E-4	-1.403700000E-5	5.559600000E+0	2.999975391E+4	1.793863000E+3
-1.087790000E-4	-1.442440000E-5	5.571000000E+0	2.999975391E+4	1.796661000E+3
-1.088680000E-4	-1.448400000E-5	5.581100000E+0	2.999975391E+4	1.798296000E+3
-1.084810000E-4	-1.525890000E-5	5.592900000E+0	2.999975391E+4	1.800716000E+3
-1.088390000E-4	-1.502040000E-5	5.605600000E+0	2.999975391E+4	1.803055000E+3
-1.091070000E-4	-1.502040000E-5	5.616400000E+0	2.999975391E+4	1.805184000E+3
-1.090170000E-4	-1.561650000E-5	5.626600000E+0	2.999975391E+4	1.807195000E+3
-1.088680000E-4	-1.561650000E-5	5.637500000E+0	2.999975391E+4	1.809588000E+3
-1.084210000E-4	-1.585500000E-5	5.650100000E+0	2.999975391E+4	1.812039000E+3
-1.080640000E-4	-1.543770000E-5	5.660300000E+0	2.999975391E+4	1.814400000E+3
-1.081530000E-4	-1.585500000E-5	5.672200000E+0	2.999975391E+4	1.816387000E+3
-1.081530000E-4	-1.564630000E-5	5.683900000E+0	2.999975391E+4	1.818770000E+3
-1.078250000E-4	-1.555690000E-5	5.696100000E+0	2.999975391E+4	1.820822000E+3
-1.080640000E-4	-1.567610000E-5	5.707900000E+0	2.999975391E+4	1.823366000E+3
-1.077060000E-4	-1.570590000E-5	5.719300000E+0	2.999975391E+4	1.825450000E+3
-1.082430000E-4	-1.570590000E-5	5.730900000E+0	2.999975391E+4	1.828265000E+3
-1.081830000E-4	-1.555690000E-5	5.743100000E+0	2.999975391E+4	1.830241000E+3
-1.084810000E-4	-1.552710000E-5	5.753200000E+0	2.999975391E+4	1.832641000E+3
-1.085410000E-4	-1.603380000E-5	5.764600000E+0	2.999975391E+4	1.834660000E+3
-1.082430000E-4	-1.588480000E-5	5.775000000E+0	2.999975391E+4	1.837108000E+3
-1.077360000E-4	-1.579530000E-5	5.786700000E+0	2.999975391E+4	1.839070000E+3
-1.080640000E-4	-1.570590000E-5	5.797700000E+0	2.999975391E+4	1.841456000E+3
-1.077060000E-4	-1.585500000E-5	5.807800000E+0	2.999975391E+4	1.843599000E+3
-1.083020000E-4	-1.582510000E-5	5.818000000E+0	2.999975391E+4	1.845996000E+3
-1.080040000E-4	-1.609340000E-5	5.830000000E+0	2.999975391E+4	1.847662000E+3
-1.083020000E-4	-1.657020000E-5	5.840200000E+0	2.999975391E+4	1.850009000E+3
-1.081830000E-4	-1.633180000E-5	5.851100000E+0	2.999975391E+4	1.851993000E+3
-1.082130000E-4	-1.627220000E-5	5.861600000E+0	2.999975391E+4	1.854405000E+3
-1.083920000E-4	-1.668940000E-5	5.872700000E+0	2.999975391E+4	1.856401000E+3
-1.090770000E-4	-1.648080000E-5	5.884900000E+0	2.999975391E+4	1.858434000E+3
-1.085110000E-4	-1.603380000E-5	5.896600000E+0	2.999975391E+4	1.861195000E+3
-1.092560000E-4	-1.603380000E-5	5.907600000E+0	2.999975391E+4	1.863787000E+3
-1.093150000E-4	-1.639140000E-5	5.918700000E+0	2.999975391E+4	1.865333000E+3
-1.096430000E-4	-1.615300000E-5	5.930200000E+0	2.999975391E+4	1.868206000E+3
-1.096730000E-4	-1.409660000E-5	5.942300000E+0	2.999975391E+4	1.870517000E+3
-1.089880000E-4	-1.424560000E-5	5.953000000E+0	2.999975391E+4	1.872560000E+3
-1.088980000E-4	-1.472240000E-5	5.964100000E+0	2.999975391E+4	1.874136000E+3
-1.093150000E-4	-1.397730000E-5	5.974700000E+0	2.999975391E+4	1.876991000E+3
-1.090770000E-4	-1.430520000E-5	5.985800000E+0	2.999975391E+4	1.879054000E+3
-1.086000000E-4	-1.388790000E-5	5.996500000E+0	2.999975391E+4	1.881503000E+3
-1.085110000E-4	-1.400710000E-5	6.006600000E+0	2.999975391E+4	1.883058000E+3
-1.087790000E-4	-1.376870000E-5	6.018500000E+0	2.999975391E+4	1.885955000E+3
-1.082430000E-4	-1.418600000E-5	6.030500000E+0	2.999975391E+4	1.887987000E+3
-1.082720000E-4	-1.329190000E-5	6.041900000E+0	2.999975391E+4	1.890383000E+3
-1.078850000E-4	-1.335150000E-5	6.054500000E+0	2.999975391E+4	1.892442000E+3
-1.086900000E-4	-1.415620000E-5	6.066300000E+0	2.999975391E+4	1.895219000E+3
-1.084510000E-4	-1.350050000E-5	6.078700000E+0	2.999975391E+4	1.898042000E+3
-1.086300000E-4	-1.436480000E-5	6.089800000E+0	2.999975391E+4	1.899627000E+3
-1.087190000E-4	-1.487140000E-5	6.101100000E+0	2.999975391E+4	1.902532000E+3
-1.096430000E-4	-1.585500000E-5	6.112600000E+0	2.999975391E+4	1.904542000E+3
-1.088980000E-4	-1.430520000E-5	6.123100000E+0	2.999975391E+4	1.906533000E+3
-1.092260000E-4	-1.531850000E-5	6.134400000E+0	2.999975391E+4	1.908573000E+3
-1.095840000E-4	-1.448400000E-5	6.147500000E+0	2.999975391E+4	1.911320000E+3
-1.096130000E-4	-1.439460000E-5	6.159400000E+0	2.999975391E+4	1.913344000E+3
-1.107160000E-4	-1.525890000E-5	6.171800000E+0	2.999975391E+4	1.916562000E+3
-1.105370000E-4	-1.448400000E-5	6.182800000E+0	2.999975391E+4	1.918543000E+3
-1.100010000E-4	-1.418600000E-5	6.194400000E+0	2.999975391E+4	1.920536000E+3
-1.117290000E-4	-1.505020000E-5	6.205400000E+0	2.999975391E+4	1.923332000E+3
-1.099710000E-4	-1.418600000E-5	6.216400000E+0	2.999975391E+4	1.925372000E+3
-1.092860000E-4	-1.376870000E-5	6.226600000E+0	2.999975391E+4	1.927367000E+3
-1.090470000E-4	-1.442440000E-5	6.238100000E+0	2.999975391E+4	1.929451000E+3
-1.087490000E-4	-1.466280000E-5	6.249000000E+0	2.999975391E+4	1.931451000E+3
-1.086300000E-4	-1.278530000E-5	6.259300000E+0	2.999975391E+4	1.933929000E+3
-1.085700000E-4	-1.457340000E-5	6.270000000E+0	2.999975391E+4	1.936295000E+3
-1.085700000E-4	-1.460320000E-5	6.280200000E+0	2.999975391E+4	1.937925000E+3
-1.075870000E-4	-1.481180000E-5	6.290700000E+0	2.999975391E+4	1.940273000E+3
-1.075270000E-4	-1.424560000E-5	6.302100000E+0	2.999975391E+4	1.942385000E+3
-1.073780000E-4	-1.353030000E-5	6.313800000E+0	2.999975391E+4	1.944829000E+3
-1.071100000E-4	-1.391770000E-5	6.325700000E+0	2.999975391E+4	1.947231000E+3
-1.077950000E-4	-1.370910000E-5	6.337600000E+0	2.999975391E+4	1.949221000E+3
-1.077360000E-4	-1.376870000E-5	6.348000000E+0	2.999975391E+4	1.951207000E+3
-1.078250000E-4	-1.403700000E-5	6.359100000E+0	2.999975391E+4	1.954003000E+3
-1.075870000E-4	-1.329190000E-5	6.369400000E+0	2.999975391E+4	1.956116000E+3
-1.075270000E-4	-1.317270000E-5	6.381300000E+0	2.999975391E+4	1.958223000E+3
-1.079150000E-4	-1.317270000E-5	6.391600000E+0	2.999975391E+4	1.960156000E+3
-1.077950000E-4	-1.311310000E-5	6.403800000E+0	2.999975391E+4	1.962668000E+3
-1.075870000E-4	-1.269580000E-5	6.415000000E+0	2.999975391E+4	1.965060000E+3
-1.082130000E-4	-1.314290000E-5	6.426600000E+0	2.999975391E+4	1.967053000E+3
-1.074080000E-4	-1.233820000E-5	6.437100000E+0	2.999975391E+4	1.969517000E+3
-1.078550000E-4	-1.215940000E-5	6.448600000E+0	2.999975391E+4	1.971531000E+3
-1.081530000E-4	-1.284490000E-5	6.459900000E+0	2.999975391E+4	1.974313000E+3
-1.079150000E-4	-1.305350000E-5	6.472000000E+0	2.999975391E+4	1.976248000E+3
-1.077660000E-4	-1.215940000E-5	6.483400000E+0	2.999975391E+4	1.978304000E+3
-1.082720000E-4	-1.186140000E-5	6.493400000E+0	2.999975391E+4	1.980680000E+3
-1.078850000E-4	-1.239780000E-5	6.503700000E+0	2.999975391E+4	1.983066000E+3
