20240422_HM457MbNbZr2_chiAC_vs_T_B_2T.002.txt Tue, Apr 22, 2025 2:44:53 PM Juan Gabe
Magnet: None
Trigger spacing of 0.010000 on column #3
Offsets:	0.000000000E+0	0.000000000E+0	0.000000000E+0	0.000000000E+0	0.000000000E+0

Scale Factors:	1.000000000E+0	1.000000000E+0	1.000000000E+0	1.000000000E+0	1.000000000E+0

2T
Lockin_V_002	Chan2_V_002	Temperture_002	Field_002	Timestamp_002
-1.232930000E-4	-2.086170000E-7	6.503500000E+0	1.999976758E+4	2.700000000E-2
1.698740000E-6	-2.086170000E-7	6.491400000E+0	1.999976758E+4	9.065600000E+1
2.056370000E-6	-4.768410000E-7	6.480000000E+0	1.999976758E+4	9.224000000E+1
1.996770000E-6	-7.748640000E-7	6.469200000E+0	1.999976758E+4	9.390800000E+1
1.728540000E-6	2.980250000E-8	6.458200000E+0	1.999976758E+4	9.588800000E+1
1.817950000E-6	-5.364450000E-7	6.447900000E+0	1.999976758E+4	9.830500000E+1
2.026570000E-6	-1.788150000E-7	6.436700000E+0	1.999976758E+4	1.006480000E+2
1.758340000E-6	-2.980250000E-7	6.426000000E+0	1.999976758E+4	1.028500000E+2
-1.192100000E-7	-5.960500000E-7	6.415300000E+0	1.999976758E+4	1.047930000E+2
6.854570000E-7	-3.874320000E-7	6.404000000E+0	1.999976758E+4	1.067740000E+2
1.281510000E-6	-3.874320000E-7	6.393300000E+0	1.999976758E+4	1.091860000E+2
9.834840000E-7	-5.960510000E-8	6.381800000E+0	1.999976758E+4	1.116530000E+2
8.642710000E-7	-5.662480000E-7	6.371700000E+0	1.999976758E+4	1.131830000E+2
1.370910000E-6	-6.258520000E-7	6.361000000E+0	1.999976758E+4	1.152250000E+2
1.698740000E-6	-5.960500000E-7	6.350800000E+0	1.999976758E+4	1.177820000E+2
2.115980000E-6	-8.344690000E-7	6.340000000E+0	1.999976758E+4	1.197650000E+2
1.996770000E-6	-7.450620000E-7	6.329100000E+0	1.999976758E+4	1.221850000E+2
2.086180000E-6	-7.152590000E-7	6.319000000E+0	1.999976758E+4	1.236970000E+2
2.414000000E-6	-6.258520000E-7	6.307000000E+0	1.999976758E+4	1.261870000E+2
2.026570000E-6	-3.278270000E-7	6.295300000E+0	1.999976758E+4	1.289190000E+2
1.430520000E-6	-1.490130000E-7	6.285200000E+0	1.999976758E+4	1.309380000E+2
1.728540000E-6	-1.192100000E-7	6.274600000E+0	1.999976758E+4	1.325140000E+2
2.652420000E-6	-1.072890000E-6	6.262700000E+0	1.999976758E+4	1.349890000E+2
2.980250000E-6	8.940740000E-8	6.250600000E+0	1.999976758E+4	1.377100000E+2
3.427280000E-6	-8.344690000E-7	6.238400000E+0	1.999976758E+4	1.401120000E+2
4.172350000E-6	-1.281510000E-6	6.226500000E+0	1.999976758E+4	1.421750000E+2
2.801430000E-6	-1.609330000E-6	6.215800000E+0	1.999976758E+4	1.446280000E+2
3.457080000E-6	-1.907360000E-6	6.205000000E+0	1.999976758E+4	1.466820000E+2
4.291560000E-6	-2.712030000E-6	6.194100000E+0	1.999976758E+4	1.490480000E+2
4.857810000E-6	-1.847750000E-6	6.181500000E+0	1.999976758E+4	1.508500000E+2
4.798200000E-6	-1.132500000E-6	6.170500000E+0	1.999976758E+4	1.535760000E+2
4.738600000E-6	-1.251700000E-6	6.157700000E+0	1.999976758E+4	1.561300000E+2
4.142550000E-6	-9.536820000E-7	6.146100000E+0	1.999976758E+4	1.586430000E+2
5.066420000E-6	-2.026570000E-6	6.135800000E+0	1.999976758E+4	1.609710000E+2
4.291560000E-6	-2.056370000E-6	6.124800000E+0	1.999976758E+4	1.625290000E+2
4.798200000E-6	-1.728540000E-6	6.112300000E+0	1.999976758E+4	1.650750000E+2
3.963740000E-6	-9.238760000E-7	6.100000000E+0	1.999976758E+4	1.679680000E+2
3.486890000E-6	-1.102690000E-6	6.089300000E+0	1.999976758E+4	1.697170000E+2
4.291560000E-6	-1.937170000E-6	6.077300000E+0	1.999976758E+4	1.721140000E+2
2.890840000E-6	-2.145780000E-6	6.065700000E+0	1.999976758E+4	1.743910000E+2
4.977020000E-6	-1.549730000E-6	6.054100000E+0	1.999976758E+4	1.771820000E+2
5.364450000E-6	-1.966970000E-6	6.042600000E+0	1.999976758E+4	1.790670000E+2
5.066420000E-6	-1.519930000E-6	6.032400000E+0	1.999976758E+4	1.813800000E+2
5.155830000E-6	-1.519930000E-6	6.021600000E+0	1.999976758E+4	1.832100000E+2
5.006820000E-6	-1.311310000E-6	6.011100000E+0	1.999976758E+4	1.860640000E+2
5.275040000E-6	-1.162300000E-6	6.000300000E+0	1.999976758E+4	1.879360000E+2
5.155830000E-6	-9.238760000E-7	5.987500000E+0	1.999976758E+4	1.900770000E+2
5.632670000E-6	-9.536820000E-7	5.977400000E+0	1.999976758E+4	1.921160000E+2
5.811480000E-6	-1.013290000E-6	5.966300000E+0	1.999976758E+4	1.946460000E+2
5.811480000E-6	-8.642710000E-7	5.955400000E+0	1.999976758E+4	1.964180000E+2
5.841280000E-6	-8.940730000E-7	5.944900000E+0	1.999976758E+4	1.985460000E+2
5.930690000E-6	-1.013290000E-6	5.934200000E+0	1.999976758E+4	2.008960000E+2
4.977020000E-6	-7.450620000E-7	5.922600000E+0	1.999976758E+4	2.031640000E+2
4.589590000E-6	-7.450620000E-7	5.912000000E+0	1.999976758E+4	2.052290000E+2
4.708800000E-6	-3.576300000E-7	5.900900000E+0	1.999976758E+4	2.073490000E+2
4.291560000E-6	-5.364450000E-7	5.890100000E+0	1.999976758E+4	2.098560000E+2
6.198910000E-6	-1.221900000E-6	5.878500000E+0	1.999976758E+4	2.120130000E+2
6.377730000E-6	-7.450620000E-7	5.868000000E+0	1.999976758E+4	2.141850000E+2
5.960490000E-6	-1.221900000E-6	5.858000000E+0	1.999976758E+4	2.158360000E+2
5.781680000E-6	-1.013290000E-6	5.846900000E+0	1.999976758E+4	2.184950000E+2
5.930690000E-6	-1.043090000E-6	5.835900000E+0	1.999976758E+4	2.205250000E+2
6.139310000E-6	-9.536820000E-7	5.824400000E+0	1.999976758E+4	2.231960000E+2
6.049900000E-6	-1.102690000E-6	5.812600000E+0	1.999976758E+4	2.247790000E+2
5.751880000E-6	-1.251700000E-6	5.801200000E+0	1.999976758E+4	2.277200000E+2
5.066420000E-6	-1.430520000E-6	5.790900000E+0	1.999976758E+4	2.297360000E+2
5.632670000E-6	-1.192100000E-6	5.778800000E+0	1.999976758E+4	2.319780000E+2
6.139310000E-6	-1.221900000E-6	5.767400000E+0	1.999976758E+4	2.340280000E+2
5.781680000E-6	-1.370910000E-6	5.756900000E+0	1.999976758E+4	2.362480000E+2
5.424050000E-6	-1.966970000E-6	5.746800000E+0	1.999976758E+4	2.381470000E+2
6.437330000E-6	-1.549730000E-6	5.735900000E+0	1.999976758E+4	2.410900000E+2
5.900890000E-6	-1.728540000E-6	5.724100000E+0	1.999976758E+4	2.431690000E+2
5.036620000E-6	-2.354400000E-6	5.712200000E+0	1.999976758E+4	2.449510000E+2
4.112750000E-6	-3.278270000E-6	5.700800000E+0	1.999976758E+4	2.474390000E+2
3.129260000E-6	-4.053140000E-6	5.688700000E+0	1.999976758E+4	2.502630000E+2
5.096230000E-6	-4.768400000E-6	5.677200000E+0	1.999976758E+4	2.522850000E+2
5.096230000E-6	-4.291560000E-6	5.666400000E+0	1.999976758E+4	2.543690000E+2
5.334640000E-6	-4.708800000E-6	5.655600000E+0	1.999976758E+4	2.569400000E+2
5.632670000E-6	-5.155830000E-6	5.641800000E+0	1.999976758E+4	2.595930000E+2
4.857810000E-6	-4.529980000E-6	5.631400000E+0	1.999976758E+4	2.613240000E+2
4.410770000E-6	-4.351170000E-6	5.618800000E+0	1.999976758E+4	2.637300000E+2
4.887610000E-6	-3.069650000E-6	5.608500000E+0	1.999976758E+4	2.660210000E+2
4.649190000E-6	-1.817950000E-6	5.594800000E+0	1.999976758E+4	2.690080000E+2
4.887610000E-6	-1.817950000E-6	5.584500000E+0	1.999976758E+4	2.710620000E+2
4.231960000E-6	-1.907360000E-6	5.573800000E+0	1.999976758E+4	2.727780000E+2
3.069650000E-6	-2.563010000E-6	5.560500000E+0	1.999976758E+4	2.757540000E+2
3.129260000E-6	-2.354400000E-6	5.548700000E+0	1.999976758E+4	2.775860000E+2
3.546490000E-6	-2.205390000E-6	5.537100000E+0	1.999976758E+4	2.805260000E+2
3.844530000E-6	-1.639140000E-6	5.525000000E+0	1.999976758E+4	2.830460000E+2
5.096230000E-6	-1.937170000E-6	5.511900000E+0	1.999976758E+4	2.848380000E+2
3.665700000E-6	-2.861040000E-6	5.500300000E+0	1.999976758E+4	2.877080000E+2
5.900890000E-6	-2.235190000E-6	5.488500000E+0	1.999976758E+4	2.900770000E+2
6.139310000E-6	-1.519930000E-6	5.475900000E+0	1.999976758E+4	2.925530000E+2
3.814730000E-6	-1.400720000E-6	5.465600000E+0	1.999976758E+4	2.945270000E+2
5.453850000E-6	-1.519930000E-6	5.455100000E+0	1.999976758E+4	2.967760000E+2
4.828010000E-6	-1.311310000E-6	5.443700000E+0	1.999976758E+4	2.991930000E+2
3.993540000E-6	-1.549730000E-6	5.431300000E+0	1.999976758E+4	3.010790000E+2
4.142550000E-6	-1.341110000E-6	5.419800000E+0	1.999976758E+4	3.035810000E+2
5.960490000E-6	-1.221900000E-6	5.408700000E+0	1.999976758E+4	3.055150000E+2
6.258520000E-6	-1.162300000E-6	5.394700000E+0	1.999976758E+4	3.087850000E+2
4.440580000E-6	-1.162300000E-6	5.381200000E+0	1.999976758E+4	3.107800000E+2
5.096230000E-6	-1.341110000E-6	5.370900000E+0	1.999976758E+4	3.136090000E+2
5.185630000E-6	-1.579530000E-6	5.360400000E+0	1.999976758E+4	3.155680000E+2
5.632670000E-6	-1.639140000E-6	5.348400000E+0	1.999976758E+4	3.180090000E+2
5.573060000E-6	-1.579530000E-6	5.338000000E+0	1.999976758E+4	3.195180000E+2
5.662470000E-6	-9.238760000E-7	5.323000000E+0	1.999976758E+4	3.229050000E+2
5.692270000E-6	-1.251700000E-6	5.312600000E+0	1.999976758E+4	3.251740000E+2
5.543260000E-6	-1.132500000E-6	5.301300000E+0	1.999976758E+4	3.277000000E+2
5.841280000E-6	-9.834840000E-7	5.290800000E+0	1.999976758E+4	3.290620000E+2
5.543260000E-6	-1.221900000E-6	5.279500000E+0	1.999976758E+4	3.316080000E+2
4.470380000E-6	-8.344690000E-7	5.269000000E+0	1.999976758E+4	3.339410000E+2
3.755110000E-6	-9.238760000E-7	5.257400000E+0	1.999976758E+4	3.362990000E+2
4.291560000E-6	-8.344690000E-7	5.245500000E+0	1.999976758E+4	3.382930000E+2
5.692270000E-6	-9.238760000E-7	5.233400000E+0	1.999976758E+4	3.405200000E+2
6.765160000E-6	-7.450620000E-7	5.222800000E+0	1.999976758E+4	3.434210000E+2
4.738600000E-6	-1.400720000E-6	5.211500000E+0	1.999976758E+4	3.453380000E+2
4.380970000E-6	-1.609330000E-6	5.200700000E+0	1.999976758E+4	3.469020000E+2
4.380970000E-6	-1.490120000E-6	5.189900000E+0	1.999976758E+4	3.496880000E+2
4.112750000E-6	-1.311310000E-6	5.177300000E+0	1.999976758E+4	3.521750000E+2
4.172350000E-6	-1.549730000E-6	5.167100000E+0	1.999976758E+4	3.541470000E+2
3.933940000E-6	-1.668940000E-6	5.155300000E+0	1.999976758E+4	3.565190000E+2
4.440580000E-6	-1.758340000E-6	5.144600000E+0	1.999976758E+4	3.589130000E+2
4.023340000E-6	-2.056370000E-6	5.134400000E+0	1.999976758E+4	3.607680000E+2
3.248470000E-6	-2.533210000E-6	5.123000000E+0	1.999976758E+4	3.633040000E+2
4.112750000E-6	-2.384200000E-6	5.111800000E+0	1.999976758E+4	3.655000000E+2
4.887610000E-6	-2.831240000E-6	5.100100000E+0	1.999976758E+4	3.676080000E+2
5.096230000E-6	-3.188860000E-6	5.089600000E+0	1.999976758E+4	3.701060000E+2
6.794960000E-6	-3.039850000E-6	5.078000000E+0	1.999976758E+4	3.720600000E+2
7.092980000E-6	-2.503410000E-6	5.066900000E+0	1.999976758E+4	3.744060000E+2
6.526740000E-6	-2.682220000E-6	5.055700000E+0	1.999976758E+4	3.768640000E+2
6.496940000E-6	-3.576290000E-6	5.043400000E+0	1.999976758E+4	3.787750000E+2
6.526740000E-6	-3.010050000E-6	5.032700000E+0	1.999976758E+4	3.813060000E+2
6.198910000E-6	-2.563010000E-6	5.022300000E+0	1.999976758E+4	3.831200000E+2
5.602870000E-6	-2.384200000E-6	5.010800000E+0	1.999976758E+4	3.856240000E+2
6.437330000E-6	-2.235190000E-6	4.999200000E+0	1.999976758E+4	3.878970000E+2
5.513460000E-6	-2.384200000E-6	4.989000000E+0	1.999976758E+4	3.894630000E+2
6.139310000E-6	-2.175580000E-6	4.975900000E+0	1.999976758E+4	3.924820000E+2
5.275040000E-6	-2.205390000E-6	4.964600000E+0	1.999976758E+4	3.952390000E+2
4.947210000E-6	-1.996770000E-6	4.952200000E+0	1.999976758E+4	3.971610000E+2
4.738600000E-6	-2.086180000E-6	4.940800000E+0	1.999976758E+4	3.994370000E+2
4.828010000E-6	-2.175580000E-6	4.929200000E+0	1.999976758E+4	4.014420000E+2
5.215440000E-6	-1.966970000E-6	4.917600000E+0	1.999976758E+4	4.041360000E+2
4.291560000E-6	-2.652420000E-6	4.904100000E+0	1.999976758E+4	4.068290000E+2
3.337870000E-6	-2.592820000E-6	4.893300000E+0	1.999976758E+4	4.091750000E+2
3.665700000E-6	-2.294790000E-6	4.880100000E+0	1.999976758E+4	4.119050000E+2
3.844530000E-6	-1.937170000E-6	4.869500000E+0	1.999976758E+4	4.136280000E+2
4.142550000E-6	-2.264990000E-6	4.858600000E+0	1.999976758E+4	4.160540000E+2
4.321370000E-6	-1.788150000E-6	4.848100000E+0	1.999976758E+4	4.183770000E+2
4.321370000E-6	-1.698740000E-6	4.837400000E+0	1.999976758E+4	4.199000000E+2
3.576290000E-6	-1.519930000E-6	4.826900000E+0	1.999976758E+4	4.226410000E+2
3.248470000E-6	-1.817950000E-6	4.815400000E+0	1.999976758E+4	4.246530000E+2
2.801430000E-6	-1.728540000E-6	4.804400000E+0	1.999976758E+4	4.268950000E+2
2.264990000E-6	-1.758340000E-6	4.791500000E+0	1.999976758E+4	4.294720000E+2
2.831240000E-6	-1.788150000E-6	4.780400000E+0	1.999976758E+4	4.314440000E+2
2.712030000E-6	-1.519930000E-6	4.769000000E+0	1.999976758E+4	4.345000000E+2
2.592820000E-6	-1.937170000E-6	4.758900000E+0	1.999976758E+4	4.356930000E+2
1.609330000E-6	-1.728540000E-6	4.748500000E+0	1.999976758E+4	4.381170000E+2
1.728540000E-6	-1.668940000E-6	4.738400000E+0	1.999976758E+4	4.400580000E+2
1.728540000E-6	-2.175580000E-6	4.727900000E+0	1.999976758E+4	4.425470000E+2
2.056370000E-6	-2.145780000E-6	4.717700000E+0	1.999976758E+4	4.443610000E+2
1.907360000E-6	-2.115980000E-6	4.706200000E+0	1.999976758E+4	4.458770000E+2
1.877550000E-6	-1.668940000E-6	4.694500000E+0	1.999976758E+4	4.488760000E+2
2.592820000E-6	-2.235190000E-6	4.682800000E+0	1.999976758E+4	4.511670000E+2
2.980250000E-6	-2.264990000E-6	4.670900000E+0	1.999976758E+4	4.531690000E+2
2.861040000E-6	-2.354400000E-6	4.660700000E+0	1.999976758E+4	4.554520000E+2
1.728540000E-6	-1.817950000E-6	4.650000000E+0	1.999976758E+4	4.584110000E+2
2.324600000E-6	-2.205390000E-6	4.637600000E+0	1.999976758E+4	4.605020000E+2
8.940730000E-7	-2.086180000E-6	4.626400000E+0	1.999976758E+4	4.622310000E+2
1.519930000E-6	-1.966970000E-6	4.614000000E+0	1.999976758E+4	4.647840000E+2
2.592820000E-6	-1.907360000E-6	4.601700000E+0	1.999976758E+4	4.677420000E+2
1.460320000E-6	-1.698740000E-6	4.591400000E+0	1.999976758E+4	4.695390000E+2
2.026570000E-6	-1.937170000E-6	4.580100000E+0	1.999976758E+4	4.715850000E+2
1.937170000E-6	-2.145780000E-6	4.569900000E+0	1.999976758E+4	4.738150000E+2
1.788150000E-6	-2.443800000E-6	4.558500000E+0	1.999976758E+4	4.762880000E+2
2.861040000E-6	-2.056370000E-6	4.545500000E+0	1.999976758E+4	4.783770000E+2
2.414000000E-6	-2.235190000E-6	4.535100000E+0	1.999976758E+4	4.806260000E+2
1.788150000E-6	-2.145780000E-6	4.523400000E+0	1.999976758E+4	4.826100000E+2
1.609330000E-6	-2.264990000E-6	4.513200000E+0	1.999976758E+4	4.856800000E+2
1.519930000E-6	-2.563010000E-6	4.502700000E+0	1.999976758E+4	4.869560000E+2
1.937170000E-6	-2.384200000E-6	4.491200000E+0	1.999976758E+4	4.889320000E+2
2.294790000E-6	-2.473610000E-6	4.481000000E+0	1.999976758E+4	4.917270000E+2
2.026570000E-6	-2.324600000E-6	4.469900000E+0	1.999976758E+4	4.932980000E+2
2.950440000E-6	-2.443800000E-6	4.457700000E+0	1.999976758E+4	4.963760000E+2
2.890840000E-6	-2.533210000E-6	4.445100000E+0	1.999976758E+4	4.984810000E+2
2.622620000E-6	-2.503410000E-6	4.433300000E+0	1.999976758E+4	5.010220000E+2
2.056370000E-6	-2.086180000E-6	4.422700000E+0	1.999976758E+4	5.033710000E+2
2.205390000E-6	-2.115980000E-6	4.410000000E+0	1.999976758E+4	5.058380000E+2
2.980250000E-6	-2.145780000E-6	4.396800000E+0	1.999976758E+4	5.078270000E+2
3.129260000E-6	-2.384200000E-6	4.385900000E+0	1.999976758E+4	5.108880000E+2
3.337870000E-6	-2.533210000E-6	4.374400000E+0	1.999976758E+4	5.126550000E+2
2.771630000E-6	-2.443800000E-6	4.362200000E+0	1.999976758E+4	5.150980000E+2
2.205390000E-6	-2.294790000E-6	4.350700000E+0	1.999976758E+4	5.180400000E+2
3.069650000E-6	-2.235190000E-6	4.339500000E+0	1.999976758E+4	5.197960000E+2
2.235190000E-6	-2.205390000E-6	4.327100000E+0	1.999976758E+4	5.223470000E+2
2.086180000E-6	-2.473610000E-6	4.316000000E+0	1.999976758E+4	5.247370000E+2
2.235190000E-6	-2.503410000E-6	4.305800000E+0	1.999976758E+4	5.265950000E+2
2.264990000E-6	-2.652420000E-6	4.292000000E+0	1.999976758E+4	5.291520000E+2
2.145780000E-6	-2.920640000E-6	4.279500000E+0	1.999976758E+4	5.320980000E+2
2.354400000E-6	-2.771630000E-6	4.268400000E+0	1.999976758E+4	5.339520000E+2
1.996770000E-6	-2.414000000E-6	4.257000000E+0	1.999976758E+4	5.363220000E+2
2.563010000E-6	-2.682220000E-6	4.246900000E+0	1.999976758E+4	5.384480000E+2
2.473610000E-6	-2.503410000E-6	4.235700000E+0	1.999976758E+4	5.402490000E+2
3.308070000E-6	-2.503410000E-6	4.225500000E+0	1.999976758E+4	5.427790000E+2
2.086180000E-6	-2.443800000E-6	4.214700000E+0	1.999976758E+4	5.450670000E+2
2.175580000E-6	-2.473610000E-6	4.203200000E+0	1.999976758E+4	5.470030000E+2
1.728540000E-6	-2.831240000E-6	4.187700000E+0	1.999976758E+4	5.495960000E+2
2.056370000E-6	-3.248470000E-6	4.174600000E+0	1.999976758E+4	5.530240000E+2
2.264990000E-6	-3.129260000E-6	4.162400000E+0	1.999976758E+4	5.552980000E+2
2.115980000E-6	-3.546490000E-6	4.150200000E+0	1.999976758E+4	5.573680000E+2
1.847750000E-6	-4.142550000E-6	4.136700000E+0	1.999976758E+4	5.602060000E+2
1.043090000E-6	-4.351170000E-6	4.122900000E+0	1.999976758E+4	5.631420000E+2
1.132500000E-6	-4.768400000E-6	4.112500000E+0	1.999976758E+4	5.654440000E+2
6.258520000E-7	-5.245240000E-6	4.101600000E+0	1.999976758E+4	5.673860000E+2
2.980250000E-7	-5.871090000E-6	4.090400000E+0	1.999976758E+4	5.699150000E+2
2.980250000E-8	-6.288320000E-6	4.080000000E+0	1.999976758E+4	5.712470000E+2
-1.192100000E-7	-6.288320000E-6	4.067100000E+0	1.999976758E+4	5.742610000E+2
-5.960500000E-7	-6.705550000E-6	4.056700000E+0	1.999976758E+4	5.767180000E+2
-7.748640000E-7	-6.675750000E-6	4.044600000E+0	1.999976758E+4	5.784520000E+2
-1.162300000E-6	-7.212190000E-6	4.033600000E+0	1.999976758E+4	5.814200000E+2
-1.490120000E-6	-7.271800000E-6	4.021200000E+0	1.999976758E+4	5.832520000E+2
-1.788150000E-6	-8.136090000E-6	4.010500000E+0	1.999976758E+4	5.858290000E+2
-2.235190000E-6	-8.225500000E-6	3.998500000E+0	1.999976758E+4	5.878440000E+2
-1.490120000E-6	-8.970560000E-6	3.988300000E+0	1.999976758E+4	5.901020000E+2
-2.354400000E-6	-8.910950000E-6	3.976600000E+0	1.999976758E+4	5.926570000E+2
-2.861040000E-6	-9.119570000E-6	3.962500000E+0	1.999976758E+4	5.949990000E+2
-3.457080000E-6	-9.715620000E-6	3.951300000E+0	1.999976758E+4	5.975290000E+2
-3.635900000E-6	-1.007320000E-5	3.938800000E+0	1.999976758E+4	5.994050000E+2
-4.321370000E-6	-1.013280000E-5	3.925100000E+0	1.999976758E+4	6.027140000E+2
-4.977020000E-6	-1.084810000E-5	3.913400000E+0	1.999976758E+4	6.043760000E+2
-5.662470000E-6	-1.147400000E-5	3.902300000E+0	1.999976758E+4	6.078160000E+2
-6.437330000E-6	-1.186140000E-5	3.890700000E+0	1.999976758E+4	6.095590000E+2
-6.973770000E-6	-1.224880000E-5	3.879400000E+0	1.999976758E+4	6.120630000E+2
-7.510210000E-6	-1.254680000E-5	3.867800000E+0	1.999976758E+4	6.139510000E+2
-7.808270000E-6	-1.287470000E-5	3.857700000E+0	1.999976758E+4	6.163590000E+2
-7.659260000E-6	-1.335150000E-5	3.847200000E+0	1.999976758E+4	6.184600000E+2
-8.165890000E-6	-1.364950000E-5	3.835400000E+0	1.999976758E+4	6.201990000E+2
-8.910950000E-6	-1.397730000E-5	3.824700000E+0	1.999976758E+4	6.231180000E+2
-9.626210000E-6	-1.436480000E-5	3.814300000E+0	1.999976758E+4	6.248590000E+2
-1.022230000E-5	-1.481180000E-5	3.801500000E+0	1.999976758E+4	6.276000000E+2
-1.081830000E-5	-1.508000000E-5	3.791100000E+0	1.999976758E+4	6.295700000E+2
-1.233820000E-5	-1.519920000E-5	3.778100000E+0	1.999976758E+4	6.315760000E+2
-1.174220000E-5	-1.567610000E-5	3.767200000E+0	1.999976758E+4	6.343050000E+2
-1.230840000E-5	-1.636160000E-5	3.754400000E+0	1.999976758E+4	6.363780000E+2
-1.275550000E-5	-1.668940000E-5	3.742700000E+0	1.999976758E+4	6.392460000E+2
-1.385810000E-5	-1.716630000E-5	3.731200000E+0	1.999976758E+4	6.418620000E+2
-1.481180000E-5	-1.713650000E-5	3.719400000E+0	1.999976758E+4	6.440940000E+2
-1.657020000E-5	-1.689800000E-5	3.707600000E+0	1.999976758E+4	6.460580000E+2
-1.758350000E-5	-1.674900000E-5	3.693200000E+0	1.999976758E+4	6.489820000E+2
-1.910340000E-5	-1.713650000E-5	3.682900000E+0	1.999976758E+4	6.509470000E+2
-2.017630000E-5	-1.797090000E-5	3.670000000E+0	1.999976758E+4	6.537820000E+2
-2.068290000E-5	-1.841800000E-5	3.659400000E+0	1.999976758E+4	6.552540000E+2
-2.220280000E-5	-1.895440000E-5	3.648700000E+0	1.999976758E+4	6.583160000E+2
-2.279890000E-5	-1.952060000E-5	3.637100000E+0	1.999976758E+4	6.600980000E+2
-2.455720000E-5	-1.949080000E-5	3.626700000E+0	1.999976758E+4	6.625930000E+2
-2.563010000E-5	-1.961000000E-5	3.616200000E+0	1.999976758E+4	6.647160000E+2
-2.664340000E-5	-2.002730000E-5	3.603800000E+0	1.999976758E+4	6.671100000E+2
-2.786530000E-5	-1.975910000E-5	3.591200000E+0	1.999976758E+4	6.692240000E+2
-2.890840000E-5	-1.999750000E-5	3.576900000E+0	1.999976758E+4	6.724800000E+2
-3.078600000E-5	-1.987830000E-5	3.561500000E+0	1.999976758E+4	6.762300000E+2
-3.176950000E-5	-2.032530000E-5	3.551500000E+0	1.999976758E+4	6.783440000E+2
-3.403450000E-5	-2.017630000E-5	3.540200000E+0	1.999976758E+4	6.804550000E+2
-3.469010000E-5	-2.014650000E-5	3.527800000E+0	1.999976758E+4	6.830220000E+2
-3.573320000E-5	-1.996770000E-5	3.515600000E+0	1.999976758E+4	6.861730000E+2
-3.668690000E-5	-1.996770000E-5	3.502600000E+0	1.999976758E+4	6.883230000E+2
-3.784920000E-5	-1.981870000E-5	3.492600000E+0	1.999976758E+4	6.904500000E+2
-3.889230000E-5	-1.975910000E-5	3.481000000E+0	1.999976758E+4	6.936340000E+2
-4.100820000E-5	-1.972930000E-5	3.464300000E+0	1.999976758E+4	6.958010000E+2
-4.306460000E-5	-1.955040000E-5	3.451600000E+0	1.999976758E+4	6.995250000E+2
-4.410770000E-5	-1.913320000E-5	3.438100000E+0	1.999976758E+4	7.017070000E+2
-4.604480000E-5	-1.892460000E-5	3.426500000E+0	1.999976758E+4	7.048690000E+2
-4.693890000E-5	-1.859680000E-5	3.408200000E+0	1.999976758E+4	7.081700000E+2
-4.935290000E-5	-1.838810000E-5	3.397200000E+0	1.999976758E+4	7.112550000E+2
-5.045560000E-5	-1.797090000E-5	3.385900000E+0	1.999976758E+4	7.133980000E+2
-5.188610000E-5	-1.758350000E-5	3.374100000E+0	1.999976758E+4	7.155140000E+2
-5.283980000E-5	-1.797090000E-5	3.362300000E+0	1.999976758E+4	7.187240000E+2
-5.391260000E-5	-1.746430000E-5	3.347600000E+0	1.999976758E+4	7.208430000E+2
-5.605840000E-5	-1.728550000E-5	3.330800000E+0	1.999976758E+4	7.251350000E+2
-5.725050000E-5	-1.677880000E-5	3.317900000E+0	1.999976758E+4	7.272220000E+2
-5.796570000E-5	-1.648080000E-5	3.305100000E+0	1.999976758E+4	7.304680000E+2
-5.924720000E-5	-1.630200000E-5	3.291600000E+0	1.999976758E+4	7.325840000E+2
-6.073740000E-5	-1.585500000E-5	3.278300000E+0	1.999976758E+4	7.362210000E+2
-6.136340000E-5	-1.585500000E-5	3.264200000E+0	1.999976758E+4	7.383180000E+2
-6.285360000E-5	-1.525890000E-5	3.250600000E+0	1.999976758E+4	7.420610000E+2
-6.359860000E-5	-1.505020000E-5	3.236400000E+0	1.999976758E+4	7.442320000E+2
-6.422450000E-5	-1.496080000E-5	3.220400000E+0	1.999976758E+4	7.483270000E+2
-6.568480000E-5	-1.472240000E-5	3.208900000E+0	1.999976758E+4	7.504780000E+2
-6.678750000E-5	-1.460320000E-5	3.194700000E+0	1.999976758E+4	7.536450000E+2
-6.735370000E-5	-1.475220000E-5	3.183800000E+0	1.999976758E+4	7.558240000E+2
-6.830740000E-5	-1.406680000E-5	3.169900000E+0	1.999976758E+4	7.589950000E+2
-6.917170000E-5	-1.394750000E-5	3.159000000E+0	1.999976758E+4	7.611650000E+2
-6.982730000E-5	-1.394750000E-5	3.145500000E+0	1.999976758E+4	7.643150000E+2
-7.024450000E-5	-1.388790000E-5	3.135500000E+0	1.999976758E+4	7.653690000E+2
-7.075120000E-5	-1.388790000E-5	3.124800000E+0	1.999976758E+4	7.685940000E+2
-7.140680000E-5	-1.344090000E-5	3.114100000E+0	1.999976758E+4	7.707020000E+2
-7.200290000E-5	-1.320250000E-5	3.101600000E+0	1.999976758E+4	7.728760000E+2
-7.298640000E-5	-1.293430000E-5	3.088900000E+0	1.999976758E+4	7.760370000E+2
-7.349300000E-5	-1.284490000E-5	3.077500000E+0	1.999976758E+4	7.781840000E+2
-7.426790000E-5	-1.233820000E-5	3.060400000E+0	1.999976758E+4	7.814220000E+2
-7.522150000E-5	-1.218920000E-5	3.047900000E+0	1.999976758E+4	7.845670000E+2
-7.620500000E-5	-1.227860000E-5	3.029900000E+0	1.999976758E+4	7.877860000E+2
-7.697990000E-5	-1.209980000E-5	3.018500000E+0	1.999976758E+4	7.909970000E+2
-7.754610000E-5	-1.192100000E-5	3.004900000E+0	1.999976758E+4	7.931670000E+2
-7.811240000E-5	-1.165280000E-5	2.990900000E+0	1.999976758E+4	7.967790000E+2
-7.861900000E-5	-1.138450000E-5	2.980000000E+0	1.999976758E+4	7.988490000E+2
-7.921500000E-5	-1.129510000E-5	2.966300000E+0	1.999976758E+4	8.015750000E+2
-8.001970000E-5	-1.105670000E-5	2.949400000E+0	1.999976758E+4	8.051130000E+2
-8.031770000E-5	-1.081830000E-5	2.936400000E+0	1.999976758E+4	8.082990000E+2
-8.085420000E-5	-1.072890000E-5	2.924600000E+0	1.999976758E+4	8.104680000E+2
-8.153960000E-5	-1.010300000E-5	2.909700000E+0	1.999976758E+4	8.136410000E+2
-8.267210000E-5	-1.031170000E-5	2.897200000E+0	1.999976758E+4	8.169200000E+2
-8.329800000E-5	-9.626210000E-6	2.883400000E+0	1.999976758E+4	8.190130000E+2
-8.356620000E-5	-9.566600000E-6	2.871300000E+0	1.999976758E+4	8.221840000E+2
-8.383440000E-5	-9.656010000E-6	2.858200000E+0	1.999976758E+4	8.243120000E+2
-8.419200000E-5	-9.805020000E-6	2.844300000E+0	1.999976758E+4	8.275330000E+2
-8.505630000E-5	-9.805020000E-6	2.832000000E+0	1.999976758E+4	8.296780000E+2
-8.565230000E-5	-9.208980000E-6	2.818200000E+0	1.999976758E+4	8.328880000E+2
-8.589080000E-5	-9.536800000E-6	2.806100000E+0	1.999976758E+4	8.359240000E+2
-8.609940000E-5	-9.387790000E-6	2.792500000E+0	1.999976758E+4	8.380550000E+2
-8.675500000E-5	-9.119570000E-6	2.782300000E+0	1.999976758E+4	8.407630000E+2
-8.723190000E-5	-8.881150000E-6	2.771400000E+0	1.999976758E+4	8.429090000E+2
-8.761930000E-5	-9.059960000E-6	2.753200000E+0	1.999976758E+4	8.461000000E+2
-8.815570000E-5	-8.881150000E-6	2.735800000E+0	1.999976758E+4	8.502120000E+2
-8.872200000E-5	-8.821550000E-6	2.725700000E+0	1.999976758E+4	8.526960000E+2
-8.890080000E-5	-8.344710000E-6	2.709300000E+0	1.999976758E+4	8.553880000E+2
-8.976510000E-5	-8.285100000E-6	2.698700000E+0	1.999976758E+4	8.584450000E+2
-8.997370000E-5	-7.987080000E-6	2.686100000E+0	1.999976758E+4	8.606060000E+2
-8.970550000E-5	-8.195700000E-6	2.672300000E+0	1.999976758E+4	8.638300000E+2
-9.000350000E-5	-8.195700000E-6	2.660100000E+0	1.999976758E+4	8.660090000E+2
-9.056970000E-5	-7.927480000E-6	2.645900000E+0	1.999976758E+4	8.691000000E+2
-9.116580000E-5	-7.867870000E-6	2.634900000E+0	1.999976758E+4	8.712240000E+2
-9.200020000E-5	-7.838070000E-6	2.619000000E+0	1.999976758E+4	8.748940000E+2
-9.170220000E-5	-8.016880000E-6	2.606300000E+0	1.999976758E+4	8.780810000E+2
-9.182140000E-5	-7.689060000E-6	2.594200000E+0	1.999976758E+4	8.802250000E+2
-9.220890000E-5	-8.016880000E-6	2.579100000E+0	1.999976758E+4	8.833830000E+2
-9.250690000E-5	-7.301600000E-6	2.565400000E+0	1.999976758E+4	8.865540000E+2
-9.253670000E-5	-7.301600000E-6	2.554400000E+0	1.999976758E+4	8.886940000E+2
-9.271550000E-5	-6.943970000E-6	2.538200000E+0	1.999976758E+4	8.919050000E+2
-9.313270000E-5	-6.765160000E-6	2.526100000E+0	1.999976758E+4	8.951550000E+2
-9.331150000E-5	-6.854560000E-6	2.515600000E+0	1.999976758E+4	8.972990000E+2
-9.396720000E-5	-6.496940000E-6	2.503600000E+0	1.999976758E+4	8.994050000E+2
-9.387780000E-5	-6.705550000E-6	2.492900000E+0	1.999976758E+4	9.020500000E+2
-9.432480000E-5	-6.705550000E-6	2.480300000E+0	1.999976758E+4	9.041780000E+2
-9.483150000E-5	-6.169110000E-6	2.466100000E+0	1.999976758E+4	9.073710000E+2
-9.518910000E-5	-6.139310000E-6	2.455500000E+0	1.999976758E+4	9.104410000E+2
-9.527850000E-5	-5.990300000E-6	2.443500000E+0	1.999976758E+4	9.118950000E+2
-9.554670000E-5	-5.960490000E-6	2.432100000E+0	1.999976758E+4	9.151720000E+2
-9.563610000E-5	-5.871090000E-6	2.417500000E+0	1.999976758E+4	9.172090000E+2
-9.664940000E-5	-5.543260000E-6	2.406000000E+0	1.999976758E+4	9.204440000E+2
-9.682820000E-5	-5.453850000E-6	2.394000000E+0	1.999976758E+4	9.225440000E+2
-9.694740000E-5	-5.692270000E-6	2.380800000E+0	1.999976758E+4	9.257440000E+2
-9.733490000E-5	-5.543260000E-6	2.370200000E+0	1.999976758E+4	9.279680000E+2
-9.799050000E-5	-5.126030000E-6	2.359000000E+0	1.999976758E+4	9.300280000E+2
-9.873560000E-5	-4.857810000E-6	2.342900000E+0	1.999976758E+4	9.332150000E+2
-9.807990000E-5	-5.364450000E-6	2.328800000E+0	1.999976758E+4	9.364120000E+2
-9.661960000E-5	-5.036620000E-6	2.314300000E+0	1.999976758E+4	9.396120000E+2
-9.679840000E-5	-5.781680000E-6	2.304100000E+0	1.999976758E+4	9.417580000E+2
-9.721560000E-5	-5.036620000E-6	2.293500000E+0	1.999976758E+4	9.439310000E+2
-9.822890000E-5	-4.828010000E-6	2.280800000E+0	1.999976758E+4	9.470940000E+2
-9.846730000E-5	-5.036620000E-6	2.266500000E+0	1.999976758E+4	9.492820000E+2
-9.805010000E-5	-4.649190000E-6	2.251100000E+0	1.999976758E+4	9.530120000E+2
-9.775210000E-5	-4.470380000E-6	2.237600000E+0	1.999976758E+4	9.561830000E+2
-9.858650000E-5	-4.500180000E-6	2.226400000E+0	1.999976758E+4	9.583040000E+2
-9.882500000E-5	-4.172350000E-6	2.216000000E+0	1.999976758E+4	9.608360000E+2
-9.840770000E-5	-4.261760000E-6	2.203300000E+0	1.999976758E+4	9.630100000E+2
-9.849710000E-5	-4.678990000E-6	2.191400000E+0	1.999976758E+4	9.661660000E+2
-9.909320000E-5	-4.828010000E-6	2.177100000E+0	1.999976758E+4	9.682950000E+2
-9.858650000E-5	-4.410770000E-6	2.161500000E+0	1.999976758E+4	9.720920000E+2
-9.900380000E-5	-4.231960000E-6	2.148500000E+0	1.999976758E+4	9.752180000E+2
-9.962960000E-5	-4.321370000E-6	2.135600000E+0	1.999976758E+4	9.773850000E+2
-9.951040000E-5	-4.380970000E-6	2.121500000E+0	1.999976758E+4	9.805550000E+2
-9.977860000E-5	-4.380970000E-6	2.110700000E+0	1.999976758E+4	9.831030000E+2
-1.004640000E-4	-4.172350000E-6	2.098400000E+0	1.999976758E+4	9.852540000E+2
-1.001360000E-4	-4.023340000E-6	2.084300000E+0	1.999976758E+4	9.884750000E+2
-1.001060000E-4	-3.904130000E-6	2.073800000E+0	1.999976758E+4	9.905560000E+2
-1.005240000E-4	-3.933940000E-6	2.058800000E+0	1.999976758E+4	9.938030000E+2
-1.009410000E-4	-4.023340000E-6	2.044900000E+0	1.999976758E+4	9.969410000E+2
-1.009410000E-4	-3.963740000E-6	2.032600000E+0	1.999976758E+4	9.990600000E+2
-1.018650000E-4	-3.844530000E-6	2.014900000E+0	1.999976758E+4	1.002812000E+3
-1.015670000E-4	-3.784910000E-6	2.001000000E+0	1.999976758E+4	1.006463000E+3
-9.983820000E-5	-3.486890000E-6	2.013000000E+0	1.999976758E+4	1.134582000E+3
-1.001660000E-4	-3.933940000E-6	2.023000000E+0	1.999976758E+4	1.136992000E+3
-9.962960000E-5	-3.755110000E-6	2.035300000E+0	1.999976758E+4	1.138950000E+3
-9.876540000E-5	-3.844530000E-6	2.046500000E+0	1.999976758E+4	1.141373000E+3
-9.864620000E-5	-3.904130000E-6	2.057300000E+0	1.999976758E+4	1.143460000E+3
-9.837790000E-5	-4.380970000E-6	2.068300000E+0	1.999976758E+4	1.145885000E+3
-9.936140000E-5	-4.261760000E-6	2.079700000E+0	1.999976758E+4	1.148122000E+3
-9.882500000E-5	-4.023340000E-6	2.091500000E+0	1.999976758E+4	1.150444000E+3
-9.858650000E-5	-3.844530000E-6	2.103600000E+0	1.999976758E+4	1.152574000E+3
-9.948060000E-5	-4.410770000E-6	2.115100000E+0	1.999976758E+4	1.155103000E+3
-9.906340000E-5	-4.708800000E-6	2.125600000E+0	1.999976758E+4	1.156791000E+3
-9.936140000E-5	-4.828010000E-6	2.137800000E+0	1.999976758E+4	1.159613000E+3
-9.840770000E-5	-4.529980000E-6	2.148900000E+0	1.999976758E+4	1.162087000E+3
-9.822890000E-5	-4.678990000E-6	2.159000000E+0	1.999976758E+4	1.163726000E+3
-9.831830000E-5	-4.589590000E-6	2.169900000E+0	1.999976758E+4	1.166267000E+3
-9.816930000E-5	-4.857810000E-6	2.185100000E+0	1.999976758E+4	1.168942000E+3
-9.805010000E-5	-5.304840000E-6	2.195500000E+0	1.999976758E+4	1.171327000E+3
-9.772230000E-5	-5.424050000E-6	2.207100000E+0	1.999976758E+4	1.173795000E+3
-9.745410000E-5	-5.394250000E-6	2.218400000E+0	1.999976758E+4	1.175781000E+3
-9.781170000E-5	-5.245240000E-6	2.230000000E+0	1.999976758E+4	1.178262000E+3
-9.778190000E-5	-5.185630000E-6	2.240100000E+0	1.999976758E+4	1.179994000E+3
-9.849710000E-5	-5.364450000E-6	2.251000000E+0	1.999976758E+4	1.182564000E+3
-9.778190000E-5	-5.126030000E-6	2.263200000E+0	1.999976758E+4	1.184711000E+3
-9.745410000E-5	-5.066420000E-6	2.276200000E+0	1.999976758E+4	1.187495000E+3
-9.733490000E-5	-4.887610000E-6	2.288000000E+0	1.999976758E+4	1.189466000E+3
-9.706660000E-5	-5.304840000E-6	2.298300000E+0	1.999976758E+4	1.192024000E+3
-9.706660000E-5	-5.692270000E-6	2.309900000E+0	1.999976758E+4	1.194057000E+3
-9.667920000E-5	-5.722080000E-6	2.320500000E+0	1.999976758E+4	1.196656000E+3
-9.635140000E-5	-5.692270000E-6	2.331300000E+0	1.999976758E+4	1.198268000E+3
-9.614280000E-5	-5.483660000E-6	2.344800000E+0	1.999976758E+4	1.201187000E+3
-9.581490000E-5	-5.394250000E-6	2.356800000E+0	1.999976758E+4	1.203623000E+3
-9.498050000E-5	-5.424050000E-6	2.369200000E+0	1.999976758E+4	1.205730000E+3
-9.512950000E-5	-5.871090000E-6	2.379600000E+0	1.999976758E+4	1.208125000E+3
-9.566590000E-5	-5.990300000E-6	2.391600000E+0	1.999976758E+4	1.210332000E+3
-9.471220000E-5	-6.198910000E-6	2.405100000E+0	1.999976758E+4	1.213190000E+3
-9.429500000E-5	-6.079700000E-6	2.415700000E+0	1.999976758E+4	1.215245000E+3
-9.381820000E-5	-6.049900000E-6	2.426600000E+0	1.999976758E+4	1.217637000E+3
-9.399700000E-5	-5.990300000E-6	2.437600000E+0	1.999976758E+4	1.219530000E+3
-9.453340000E-5	-6.407530000E-6	2.450100000E+0	1.999976758E+4	1.222278000E+3
-9.423540000E-5	-6.377730000E-6	2.460800000E+0	1.999976758E+4	1.224409000E+3
-9.343070000E-5	-6.467130000E-6	2.472300000E+0	1.999976758E+4	1.226452000E+3
-9.363940000E-5	-6.437330000E-6	2.482400000E+0	1.999976758E+4	1.228804000E+3
-9.319230000E-5	-6.675750000E-6	2.493500000E+0	1.999976758E+4	1.230543000E+3
-9.301350000E-5	-6.705550000E-6	2.507100000E+0	1.999976758E+4	1.233380000E+3
-9.256650000E-5	-6.854560000E-6	2.518100000E+0	1.999976758E+4	1.235933000E+3
-9.232810000E-5	-6.973770000E-6	2.529700000E+0	1.999976758E+4	1.237669000E+3
-9.226850000E-5	-7.063180000E-6	2.541600000E+0	1.999976758E+4	1.240608000E+3
-9.217900000E-5	-7.063180000E-6	2.552300000E+0	1.999976758E+4	1.242974000E+3
-9.208960000E-5	-7.510210000E-6	2.564800000E+0	1.999976758E+4	1.244970000E+3
-9.173200000E-5	-7.003570000E-6	2.575000000E+0	1.999976758E+4	1.247355000E+3
-9.125520000E-5	-7.331400000E-6	2.585100000E+0	1.999976758E+4	1.248939000E+3
-9.083790000E-5	-7.420810000E-6	2.596200000E+0	1.999976758E+4	1.251673000E+3
-9.071870000E-5	-7.122780000E-6	2.607100000E+0	1.999976758E+4	1.253277000E+3
-9.033130000E-5	-7.569820000E-6	2.617500000E+0	1.999976758E+4	1.255655000E+3
-9.021210000E-5	-7.629450000E-6	2.628200000E+0	1.999976758E+4	1.257921000E+3
-9.027170000E-5	-7.867870000E-6	2.639100000E+0	1.999976758E+4	1.259941000E+3
-9.000350000E-5	-7.748660000E-6	2.651300000E+0	1.999976758E+4	1.262689000E+3
-8.958620000E-5	-7.778460000E-6	2.664000000E+0	1.999976758E+4	1.264725000E+3
-8.904980000E-5	-7.808270000E-6	2.675000000E+0	1.999976758E+4	1.267126000E+3
-8.878160000E-5	-7.987080000E-6	2.686000000E+0	1.999976758E+4	1.269882000E+3
-8.836440000E-5	-8.076490000E-6	2.698300000E+0	1.999976758E+4	1.271808000E+3
-8.809610000E-5	-8.344710000E-6	2.708900000E+0	1.999976758E+4	1.274317000E+3
-8.747030000E-5	-8.851350000E-6	2.718900000E+0	1.999976758E+4	1.275941000E+3
-8.752990000E-5	-8.732140000E-6	2.730200000E+0	1.999976758E+4	1.278422000E+3
-8.663580000E-5	-8.791740000E-6	2.742000000E+0	1.999976758E+4	1.280490000E+3
-8.690400000E-5	-9.059960000E-6	2.752600000E+0	1.999976758E+4	1.282813000E+3
-8.672520000E-5	-8.910950000E-6	2.762700000E+0	1.999976758E+4	1.284813000E+3
-8.612920000E-5	-8.910950000E-6	2.772900000E+0	1.999976758E+4	1.286554000E+3
-8.511590000E-5	-9.357990000E-6	2.783200000E+0	1.999976758E+4	1.288993000E+3
-8.502650000E-5	-9.536800000E-6	2.793800000E+0	1.999976758E+4	1.290960000E+3
-8.481790000E-5	-9.894430000E-6	2.804000000E+0	1.999976758E+4	1.292863000E+3
-8.401320000E-5	-9.685810000E-6	2.814200000E+0	1.999976758E+4	1.295250000E+3
-8.449000000E-5	-1.013280000E-5	2.826600000E+0	1.999976758E+4	1.297224000E+3
-8.389400000E-5	-1.022230000E-5	2.842800000E+0	1.999976758E+4	1.300568000E+3
-8.240390000E-5	-1.007320000E-5	2.855100000E+0	1.999976758E+4	1.303373000E+3
-8.159920000E-5	-1.046070000E-5	2.868300000E+0	1.999976758E+4	1.305472000E+3
-8.133100000E-5	-1.052030000E-5	2.878600000E+0	1.999976758E+4	1.307889000E+3
-8.037730000E-5	-1.066930000E-5	2.889900000E+0	1.999976758E+4	1.310267000E+3
-7.978130000E-5	-1.084810000E-5	2.900900000E+0	1.999976758E+4	1.312392000E+3
-8.007930000E-5	-1.075870000E-5	2.911700000E+0	1.999976758E+4	1.315128000E+3
-7.930440000E-5	-1.069910000E-5	2.922300000E+0	1.999976758E+4	1.316542000E+3
-7.838060000E-5	-1.105670000E-5	2.933000000E+0	1.999976758E+4	1.318985000E+3
-7.748650000E-5	-1.117590000E-5	2.945100000E+0	1.999976758E+4	1.321382000E+3
-7.790370000E-5	-1.108650000E-5	2.957700000E+0	1.999976758E+4	1.323874000E+3
-7.715870000E-5	-1.120570000E-5	2.969600000E+0	1.999976758E+4	1.326054000E+3
-7.599640000E-5	-1.141430000E-5	2.980500000E+0	1.999976758E+4	1.328416000E+3
-7.572820000E-5	-1.153360000E-5	2.991100000E+0	1.999976758E+4	1.330386000E+3
-7.507250000E-5	-1.165280000E-5	3.002100000E+0	1.999976758E+4	1.332613000E+3
-7.471490000E-5	-1.201040000E-5	3.014400000E+0	1.999976758E+4	1.335337000E+3
-7.438710000E-5	-1.195080000E-5	3.026600000E+0	1.999976758E+4	1.337351000E+3
-7.370160000E-5	-1.201040000E-5	3.038500000E+0	1.999976758E+4	1.340321000E+3
-7.268830000E-5	-1.207000000E-5	3.048500000E+0	1.999976758E+4	1.341864000E+3
-7.268830000E-5	-1.230840000E-5	3.059000000E+0	1.999976758E+4	1.344318000E+3
-7.206250000E-5	-1.251700000E-5	3.069300000E+0	1.999976758E+4	1.346424000E+3
-7.158560000E-5	-1.287470000E-5	3.080900000E+0	1.999976758E+4	1.348450000E+3
-7.197310000E-5	-1.293430000E-5	3.092400000E+0	1.999976758E+4	1.350608000E+3
-7.036370000E-5	-1.296410000E-5	3.105600000E+0	1.999976758E+4	1.353518000E+3
-6.988690000E-5	-1.317270000E-5	3.117000000E+0	1.999976758E+4	1.355466000E+3
-6.860540000E-5	-1.353030000E-5	3.129800000E+0	1.999976758E+4	1.358318000E+3
-6.768150000E-5	-1.356010000E-5	3.140500000E+0	1.999976758E+4	1.360321000E+3
-6.702590000E-5	-1.382830000E-5	3.153700000E+0	1.999976758E+4	1.363123000E+3
-6.714510000E-5	-1.361970000E-5	3.165700000E+0	1.999976758E+4	1.365047000E+3
-6.583380000E-5	-1.430520000E-5	3.176000000E+0	1.999976758E+4	1.367589000E+3
-6.473110000E-5	-1.424560000E-5	3.186800000E+0	1.999976758E+4	1.369730000E+3
-6.422450000E-5	-1.457340000E-5	3.198600000E+0	1.999976758E+4	1.371763000E+3
-6.303240000E-5	-1.508000000E-5	3.209500000E+0	1.999976758E+4	1.374547000E+3
-6.264490000E-5	-1.543770000E-5	3.221300000E+0	1.999976758E+4	1.376395000E+3
-6.151250000E-5	-1.540790000E-5	3.232300000E+0	1.999976758E+4	1.378400000E+3
-6.124420000E-5	-1.561650000E-5	3.243200000E+0	1.999976758E+4	1.381201000E+3
-6.017110000E-5	-1.540790000E-5	3.254800000E+0	1.999976758E+4	1.383197000E+3
-5.936650000E-5	-1.555690000E-5	3.266100000E+0	1.999976758E+4	1.385649000E+3
-5.832340000E-5	-1.579530000E-5	3.277300000E+0	1.999976758E+4	1.387586000E+3
-5.739950000E-5	-1.627220000E-5	3.287900000E+0	1.999976758E+4	1.390043000E+3
-5.710150000E-5	-1.615300000E-5	3.301400000E+0	1.999976758E+4	1.392561000E+3
-5.650540000E-5	-1.645100000E-5	3.312200000E+0	1.999976758E+4	1.394722000E+3
-5.531330000E-5	-1.665960000E-5	3.322900000E+0	1.999976758E+4	1.397139000E+3
-5.394240000E-5	-1.710660000E-5	3.335200000E+0	1.999976758E+4	1.399086000E+3
-5.275030000E-5	-1.740470000E-5	3.345700000E+0	1.999976758E+4	1.401620000E+3
-5.230330000E-5	-1.743450000E-5	3.357200000E+0	1.999976758E+4	1.403616000E+3
-5.063440000E-5	-1.764310000E-5	3.367400000E+0	1.999976758E+4	1.405731000E+3
-4.911450000E-5	-1.800070000E-5	3.377700000E+0	1.999976758E+4	1.408173000E+3
-4.851840000E-5	-1.806030000E-5	3.388600000E+0	1.999976758E+4	1.409739000E+3
-4.777340000E-5	-1.817950000E-5	3.400500000E+0	1.999976758E+4	1.412570000E+3
-4.705810000E-5	-1.814970000E-5	3.411700000E+0	1.999976758E+4	1.414531000E+3
-4.568720000E-5	-1.814970000E-5	3.423300000E+0	1.999976758E+4	1.416747000E+3
-4.437590000E-5	-1.850740000E-5	3.434900000E+0	1.999976758E+4	1.419564000E+3
-4.395870000E-5	-1.868620000E-5	3.445300000E+0	1.999976758E+4	1.421115000E+3
-4.258780000E-5	-1.871600000E-5	3.456600000E+0	1.999976758E+4	1.424008000E+3
-4.112740000E-5	-1.874580000E-5	3.469500000E+0	1.999976758E+4	1.425743000E+3
-4.008440000E-5	-1.883520000E-5	3.481500000E+0	1.999976758E+4	1.428564000E+3
-3.924990000E-5	-1.907360000E-5	3.494200000E+0	1.999976758E+4	1.430949000E+3
-3.775980000E-5	-1.904380000E-5	3.504700000E+0	1.999976758E+4	1.433346000E+3
-3.740210000E-5	-1.919280000E-5	3.514900000E+0	1.999976758E+4	1.435497000E+3
-3.603120000E-5	-1.925240000E-5	3.524900000E+0	1.999976758E+4	1.437137000E+3
-3.427290000E-5	-1.934180000E-5	3.536300000E+0	1.999976758E+4	1.439870000E+3
-3.302120000E-5	-1.937160000E-5	3.546500000E+0	1.999976758E+4	1.441878000E+3
-3.209730000E-5	-1.937160000E-5	3.556800000E+0	1.999976758E+4	1.443195000E+3
-3.087540000E-5	-1.949080000E-5	3.568100000E+0	1.999976758E+4	1.446007000E+3
-3.018990000E-5	-1.940140000E-5	3.578100000E+0	1.999976758E+4	1.448011000E+3
-2.858050000E-5	-1.961000000E-5	3.590100000E+0	1.999976758E+4	1.450414000E+3
-2.735860000E-5	-1.940140000E-5	3.601400000E+0	1.999976758E+4	1.452562000E+3
-2.607710000E-5	-1.952060000E-5	3.613900000E+0	1.999976758E+4	1.455214000E+3
-2.443800000E-5	-1.940140000E-5	3.624000000E+0	1.999976758E+4	1.457454000E+3
-2.396120000E-5	-1.901400000E-5	3.635000000E+0	1.999976758E+4	1.459554000E+3
-2.375260000E-5	-1.856700000E-5	3.646000000E+0	1.999976758E+4	1.461064000E+3
-2.202400000E-5	-1.826890000E-5	3.657800000E+0	1.999976758E+4	1.463890000E+3
-2.083190000E-5	-1.826890000E-5	3.668600000E+0	1.999976758E+4	1.466314000E+3
-1.990810000E-5	-1.773250000E-5	3.679000000E+0	1.999976758E+4	1.468044000E+3
-1.811990000E-5	-1.809010000E-5	3.689200000E+0	1.999976758E+4	1.470040000E+3
-1.794110000E-5	-1.743450000E-5	3.700100000E+0	1.999976758E+4	1.472554000E+3
-1.668940000E-5	-1.692780000E-5	3.711400000E+0	1.999976758E+4	1.474582000E+3
-1.570590000E-5	-1.648080000E-5	3.722800000E+0	1.999976758E+4	1.476977000E+3
-1.528870000E-5	-1.642120000E-5	3.735600000E+0	1.999976758E+4	1.478960000E+3
-1.391770000E-5	-1.615300000E-5	3.746000000E+0	1.999976758E+4	1.481513000E+3
-1.373890000E-5	-1.576550000E-5	3.756600000E+0	1.999976758E+4	1.483886000E+3
-1.281510000E-5	-1.525890000E-5	3.767400000E+0	1.999976758E+4	1.485520000E+3
-1.221900000E-5	-1.496080000E-5	3.777400000E+0	1.999976758E+4	1.487961000E+3
-1.192100000E-5	-1.469260000E-5	3.789200000E+0	1.999976758E+4	1.490036000E+3
-1.066930000E-5	-1.418600000E-5	3.801800000E+0	1.999976758E+4	1.492847000E+3
-1.063950000E-5	-1.358990000E-5	3.812000000E+0	1.999976758E+4	1.494418000E+3
-9.477200000E-6	-1.347070000E-5	3.822100000E+0	1.999976758E+4	1.496873000E+3
-9.238780000E-6	-1.284490000E-5	3.834000000E+0	1.999976758E+4	1.499213000E+3
-8.851350000E-6	-1.260640000E-5	3.845300000E+0	1.999976758E+4	1.501338000E+3
-8.434120000E-6	-1.212960000E-5	3.858800000E+0	1.999976758E+4	1.503927000E+3
-6.973770000E-6	-1.159320000E-5	3.871100000E+0	1.999976758E+4	1.506703000E+3
-6.079700000E-6	-1.132490000E-5	3.883200000E+0	1.999976758E+4	1.509090000E+3
-5.811480000E-6	-1.087790000E-5	3.893900000E+0	1.999976758E+4	1.511274000E+3
-5.602870000E-6	-1.090770000E-5	3.905100000E+0	1.999976758E+4	1.513215000E+3
-5.662470000E-6	-1.004340000E-5	3.916000000E+0	1.999976758E+4	1.515673000E+3
-5.185630000E-6	-9.805020000E-6	3.928200000E+0	1.999976758E+4	1.518044000E+3
-4.857810000E-6	-9.447390000E-6	3.939800000E+0	1.999976758E+4	1.520063000E+3
-3.308070000E-6	-9.447390000E-6	3.950500000E+0	1.999976758E+4	1.522413000E+3
-4.053140000E-6	-8.940750000E-6	3.960900000E+0	1.999976758E+4	1.524448000E+3
-3.010050000E-6	-8.374510000E-6	3.971500000E+0	1.999976758E+4	1.526416000E+3
-3.427280000E-6	-7.897670000E-6	3.982100000E+0	1.999976758E+4	1.528960000E+3
-2.503410000E-6	-7.689060000E-6	3.994400000E+0	1.999976758E+4	1.531130000E+3
-2.324600000E-6	-7.510210000E-6	4.004700000E+0	1.999976758E+4	1.533104000E+3
-2.443800000E-6	-7.122780000E-6	4.015400000E+0	1.999976758E+4	1.535911000E+3
-2.533210000E-6	-6.765160000E-6	4.026700000E+0	1.999976758E+4	1.537473000E+3
-2.175580000E-6	-6.437330000E-6	4.037500000E+0	1.999976758E+4	1.539477000E+3
-1.817950000E-6	-6.109510000E-6	4.049400000E+0	1.999976758E+4	1.542426000E+3
-1.937170000E-6	-5.722080000E-6	4.060100000E+0	1.999976758E+4	1.544171000E+3
-1.609330000E-6	-5.394250000E-6	4.070800000E+0	1.999976758E+4	1.546173000E+3
-6.854570000E-7	-5.066420000E-6	4.082400000E+0	1.999976758E+4	1.549065000E+3
-1.430520000E-6	-4.828010000E-6	4.094400000E+0	1.999976758E+4	1.551344000E+3
2.086170000E-7	-4.500180000E-6	4.107900000E+0	1.999976758E+4	1.553344000E+3
5.960510000E-8	-3.814730000E-6	4.120800000E+0	1.999976758E+4	1.556542000E+3
2.980250000E-8	-3.695500000E-6	4.131900000E+0	1.999976758E+4	1.558523000E+3
-2.682230000E-7	-3.427280000E-6	4.143200000E+0	1.999976758E+4	1.560989000E+3
2.682230000E-7	-2.741830000E-6	4.155200000E+0	1.999976758E+4	1.563383000E+3
0.000000000E+0	-2.294790000E-6	4.165800000E+0	1.999976758E+4	1.565205000E+3
-1.192100000E-7	-1.817950000E-6	4.177700000E+0	1.999976758E+4	1.568111000E+3
5.960500000E-7	-1.728540000E-6	4.189000000E+0	1.999976758E+4	1.569989000E+3
8.642710000E-7	-1.281510000E-6	4.200000000E+0	1.999976758E+4	1.571987000E+3
8.642710000E-7	-7.450620000E-7	4.211200000E+0	1.999976758E+4	1.574921000E+3
5.364450000E-7	-7.450620000E-7	4.223800000E+0	1.999976758E+4	1.576934000E+3
5.960510000E-8	-4.172340000E-7	4.234000000E+0	1.999976758E+4	1.579089000E+3
6.556550000E-7	-2.086170000E-7	4.244300000E+0	1.999976758E+4	1.581101000E+3
1.788150000E-7	-1.192100000E-7	4.255900000E+0	1.999976758E+4	1.583902000E+3
-3.874320000E-7	-4.172340000E-7	4.267700000E+0	1.999976758E+4	1.585852000E+3
-1.788150000E-7	-1.788150000E-7	4.279300000E+0	1.999976758E+4	1.588256000E+3
2.384200000E-7	-5.066430000E-7	4.289700000E+0	1.999976758E+4	1.589920000E+3
7.748640000E-7	-2.980250000E-7	4.302400000E+0	1.999976758E+4	1.592707000E+3
8.940730000E-7	-1.192100000E-7	4.312700000E+0	1.999976758E+4	1.595046000E+3
1.102690000E-6	-4.172340000E-7	4.324500000E+0	1.999976758E+4	1.597061000E+3
5.960500000E-7	-5.960510000E-8	4.334600000E+0	1.999976758E+4	1.599060000E+3
2.384200000E-7	-1.788150000E-7	4.346200000E+0	1.999976758E+4	1.601583000E+3
5.960510000E-8	-5.066430000E-7	4.357300000E+0	1.999976758E+4	1.604023000E+3
-5.960510000E-8	-4.172340000E-7	4.368500000E+0	1.999976758E+4	1.605721000E+3
1.490130000E-7	-3.576300000E-7	4.379800000E+0	1.999976758E+4	1.608593000E+3
-2.682230000E-7	-1.192100000E-7	4.390500000E+0	1.999976758E+4	1.610136000E+3
3.576300000E-7	-2.682230000E-7	4.400700000E+0	1.999976758E+4	1.612528000E+3
2.086170000E-7	-3.874320000E-7	4.411700000E+0	1.999976758E+4	1.614672000E+3
6.258520000E-7	-5.960500000E-7	4.424300000E+0	1.999976758E+4	1.617117000E+3
3.576300000E-7	-6.556550000E-7	4.434600000E+0	1.999976758E+4	1.619484000E+3
2.384200000E-7	-3.874320000E-7	4.446400000E+0	1.999976758E+4	1.621575000E+3
7.152590000E-7	-3.576300000E-7	4.457300000E+0	1.999976758E+4	1.623642000E+3
9.536820000E-7	-3.576300000E-7	4.467800000E+0	1.999976758E+4	1.626077000E+3
5.364450000E-7	-1.192100000E-7	4.479000000E+0	1.999976758E+4	1.628017000E+3
8.940730000E-7	-7.152590000E-7	4.490500000E+0	1.999976758E+4	1.630776000E+3
5.662480000E-7	-5.960500000E-7	4.500600000E+0	1.999976758E+4	1.632425000E+3
-1.490130000E-7	-6.258520000E-7	4.511800000E+0	1.999976758E+4	1.634396000E+3
-4.470370000E-7	-7.748640000E-7	4.523100000E+0	1.999976758E+4	1.636998000E+3
-5.066430000E-7	-2.980250000E-7	4.533800000E+0	1.999976758E+4	1.639376000E+3
-4.768410000E-7	-2.980250000E-7	4.544300000E+0	1.999976758E+4	1.640904000E+3
-4.470370000E-7	-4.768410000E-7	4.555400000E+0	1.999976758E+4	1.643726000E+3
-3.278270000E-7	-5.066430000E-7	4.568300000E+0	1.999976758E+4	1.645787000E+3
-6.854570000E-7	-5.364450000E-7	4.581000000E+0	1.999976758E+4	1.648259000E+3
-2.086170000E-7	-6.556550000E-7	4.591900000E+0	1.999976758E+4	1.650651000E+3
-1.192100000E-6	-3.278270000E-7	4.603300000E+0	1.999976758E+4	1.653240000E+3
-8.940730000E-7	-2.980250000E-7	4.614400000E+0	1.999976758E+4	1.654831000E+3
-3.874320000E-7	-6.258520000E-7	4.626400000E+0	1.999976758E+4	1.657603000E+3
-2.980250000E-7	-6.556550000E-7	4.638600000E+0	1.999976758E+4	1.659973000E+3
-5.364450000E-7	-1.043090000E-6	4.653800000E+0	1.999976758E+4	1.663000000E+3
-2.384200000E-7	-9.536820000E-7	4.664900000E+0	1.999976758E+4	1.665316000E+3
-4.470370000E-7	-9.238760000E-7	4.675700000E+0	1.999976758E+4	1.667371000E+3
-3.576300000E-7	-9.834840000E-7	4.687300000E+0	1.999976758E+4	1.669735000E+3
-9.536820000E-7	-1.013290000E-6	4.698500000E+0	1.999976758E+4	1.671794000E+3
-8.642710000E-7	-9.238760000E-7	4.709900000E+0	1.999976758E+4	1.674547000E+3
-5.066430000E-7	-7.450620000E-7	4.720300000E+0	1.999976758E+4	1.676165000E+3
-1.788150000E-7	-9.834840000E-7	4.730500000E+0	1.999976758E+4	1.678657000E+3
-2.384200000E-7	-8.046660000E-7	4.740700000E+0	1.999976758E+4	1.680665000E+3
5.364450000E-7	-4.768410000E-7	4.754300000E+0	1.999976758E+4	1.683064000E+3
4.172340000E-7	-3.278270000E-7	4.766200000E+0	1.999976758E+4	1.685048000E+3
0.000000000E+0	-6.854570000E-7	4.777900000E+0	1.999976758E+4	1.687875000E+3
5.960510000E-8	-3.874320000E-7	4.788900000E+0	1.999976758E+4	1.690299000E+3
9.834840000E-7	-4.470370000E-7	4.799500000E+0	1.999976758E+4	1.691847000E+3
4.768410000E-7	-8.046660000E-7	4.811300000E+0	1.999976758E+4	1.694553000E+3
-1.192100000E-7	-7.450620000E-7	4.821500000E+0	1.999976758E+4	1.696510000E+3
4.768410000E-7	-1.013290000E-6	4.833300000E+0	1.999976758E+4	1.698986000E+3
7.748640000E-7	-9.238760000E-7	4.843400000E+0	1.999976758E+4	1.700920000E+3
7.152590000E-7	-1.102690000E-6	4.854000000E+0	1.999976758E+4	1.703000000E+3
4.768410000E-7	-9.536820000E-7	4.865000000E+0	1.999976758E+4	1.705374000E+3
3.278270000E-7	-8.642710000E-7	4.876000000E+0	1.999976758E+4	1.707840000E+3
4.470370000E-7	-8.046660000E-7	4.887800000E+0	1.999976758E+4	1.709756000E+3
8.940730000E-7	-7.748640000E-7	4.899600000E+0	1.999976758E+4	1.712269000E+3
7.152590000E-7	-1.162300000E-6	4.911400000E+0	1.999976758E+4	1.714284000E+3
8.940730000E-7	-1.013290000E-6	4.923500000E+0	1.999976758E+4	1.716653000E+3
3.576300000E-7	-8.940730000E-7	4.933600000E+0	1.999976758E+4	1.719051000E+3
5.364450000E-7	-9.238760000E-7	4.945100000E+0	1.999976758E+4	1.721578000E+3
5.066430000E-7	-1.072890000E-6	4.956300000E+0	1.999976758E+4	1.723197000E+3
6.556550000E-7	-9.834840000E-7	4.969400000E+0	1.999976758E+4	1.726411000E+3
2.086170000E-7	-8.940730000E-7	4.979700000E+0	1.999976758E+4	1.728475000E+3
1.788150000E-7	-8.046660000E-7	4.989900000E+0	1.999976758E+4	1.729996000E+3
5.364450000E-7	-9.834840000E-7	5.000900000E+0	1.999976758E+4	1.732411000E+3
7.152590000E-7	-7.748640000E-7	5.011500000E+0	1.999976758E+4	1.734786000E+3
1.043090000E-6	-9.238760000E-7	5.026300000E+0	1.999976758E+4	1.737332000E+3
1.043090000E-6	-8.940730000E-7	5.037500000E+0	1.999976758E+4	1.740178000E+3
6.854570000E-7	-6.556550000E-7	5.048200000E+0	1.999976758E+4	1.741878000E+3
3.278270000E-7	-5.364450000E-7	5.058400000E+0	1.999976758E+4	1.744269000E+3
-2.980250000E-8	-1.102690000E-6	5.069200000E+0	1.999976758E+4	1.745876000E+3
7.450620000E-7	-5.066430000E-7	5.082200000E+0	1.999976758E+4	1.748785000E+3
-8.940740000E-8	-5.662480000E-7	5.093800000E+0	1.999976758E+4	1.751086000E+3
-1.788150000E-7	-9.238760000E-7	5.104200000E+0	1.999976758E+4	1.753503000E+3
1.490130000E-7	-1.251700000E-6	5.114600000E+0	1.999976758E+4	1.755097000E+3
-1.490130000E-7	-4.172340000E-7	5.124800000E+0	1.999976758E+4	1.757494000E+3
3.576300000E-7	-3.874320000E-7	5.136300000E+0	1.999976758E+4	1.759489000E+3
2.980250000E-8	-1.788150000E-7	5.148500000E+0	1.999976758E+4	1.762371000E+3
8.940740000E-8	-3.874320000E-7	5.159600000E+0	1.999976758E+4	1.764049000E+3
1.490130000E-7	-1.192100000E-7	5.170500000E+0	1.999976758E+4	1.765999000E+3
-1.192100000E-7	-2.682230000E-7	5.181600000E+0	1.999976758E+4	1.768554000E+3
6.556550000E-7	-2.682230000E-7	5.193000000E+0	1.999976758E+4	1.770917000E+3
5.066430000E-7	-1.788150000E-7	5.203100000E+0	1.999976758E+4	1.772550000E+3
7.450620000E-7	-8.940740000E-8	5.214500000E+0	1.999976758E+4	1.775053000E+3
6.258520000E-7	-1.788150000E-7	5.226600000E+0	1.999976758E+4	1.777691000E+3
5.066430000E-7	-4.768410000E-7	5.237500000E+0	1.999976758E+4	1.780194000E+3
2.980250000E-7	-3.576300000E-7	5.249500000E+0	1.999976758E+4	1.782122000E+3
4.470370000E-7	-3.576300000E-7	5.261300000E+0	1.999976758E+4	1.784542000E+3
7.450620000E-7	-6.854570000E-7	5.272300000E+0	1.999976758E+4	1.787057000E+3
7.450620000E-7	-5.960500000E-7	5.284500000E+0	1.999976758E+4	1.788638000E+3
1.162300000E-6	-6.854570000E-7	5.295400000E+0	1.999976758E+4	1.791449000E+3
4.470370000E-7	-8.046660000E-7	5.305700000E+0	1.999976758E+4	1.793862000E+3
8.344690000E-7	-7.450620000E-7	5.318000000E+0	1.999976758E+4	1.795580000E+3
4.768410000E-7	-6.258520000E-7	5.328500000E+0	1.999976758E+4	1.798406000E+3
4.470370000E-7	-6.258520000E-7	5.339200000E+0	1.999976758E+4	1.800432000E+3
3.874320000E-7	-6.258520000E-7	5.350200000E+0	1.999976758E+4	1.802031000E+3
6.854570000E-7	-6.258520000E-7	5.360900000E+0	1.999976758E+4	1.804362000E+3
9.536820000E-7	-5.066430000E-7	5.373000000E+0	1.999976758E+4	1.806468000E+3
8.642710000E-7	-5.960500000E-7	5.384400000E+0	1.999976758E+4	1.809157000E+3
4.172340000E-7	-6.854570000E-7	5.395800000E+0	1.999976758E+4	1.811603000E+3
-5.960510000E-8	-4.768410000E-7	5.408600000E+0	1.999976758E+4	1.813980000E+3
1.192100000E-7	-6.556550000E-7	5.419000000E+0	1.999976758E+4	1.816096000E+3
2.682230000E-7	-3.576300000E-7	5.429400000E+0	1.999976758E+4	1.818283000E+3
-3.278270000E-7	-3.576300000E-7	5.441300000E+0	1.999976758E+4	1.820677000E+3
-1.490130000E-7	-4.172340000E-7	5.452500000E+0	1.999976758E+4	1.822630000E+3
5.364450000E-7	-5.364450000E-7	5.465700000E+0	1.999976758E+4	1.825027000E+3
1.072890000E-6	-5.066430000E-7	5.477100000E+0	1.999976758E+4	1.828283000E+3
7.152590000E-7	-5.066430000E-7	5.488000000E+0	1.999976758E+4	1.829881000E+3
5.066430000E-7	-5.662480000E-7	5.500100000E+0	1.999976758E+4	1.831832000E+3
0.000000000E+0	-6.258520000E-7	5.510100000E+0	1.999976758E+4	1.834617000E+3
-5.960510000E-8	-4.470370000E-7	5.521500000E+0	1.999976758E+4	1.836776000E+3
2.980250000E-8	-3.874320000E-7	5.532300000E+0	1.999976758E+4	1.838388000E+3
2.980250000E-8	-3.576300000E-7	5.543400000E+0	1.999976758E+4	1.840789000E+3
-1.579530000E-6	-3.278270000E-7	5.555600000E+0	1.999976758E+4	1.843183000E+3
-8.046660000E-7	-8.940740000E-8	5.568500000E+0	1.999976758E+4	1.846387000E+3
-1.788150000E-6	-2.980250000E-7	5.580000000E+0	1.999976758E+4	1.847964000E+3
-2.205390000E-6	-3.874320000E-7	5.591300000E+0	1.999976758E+4	1.850771000E+3
-2.384200000E-6	-2.682230000E-7	5.603500000E+0	1.999976758E+4	1.853166000E+3
-2.086180000E-6	-2.682230000E-7	5.614700000E+0	1.999976758E+4	1.854976000E+3
-2.026570000E-6	-3.576300000E-7	5.626700000E+0	1.999976758E+4	1.857711000E+3
-2.503410000E-6	-3.278270000E-7	5.637300000E+0	1.999976758E+4	1.859755000E+3
-1.788150000E-6	-4.172340000E-7	5.649900000E+0	1.999976758E+4	1.862115000E+3
-1.728540000E-6	-6.556550000E-7	5.662400000E+0	1.999976758E+4	1.864900000E+3
-1.102690000E-6	-7.450620000E-7	5.673600000E+0	1.999976758E+4	1.866919000E+3
6.854570000E-7	-8.344690000E-7	5.685300000E+0	1.999976758E+4	1.869443000E+3
6.258520000E-7	-8.642710000E-7	5.695600000E+0	1.999976758E+4	1.871439000E+3
5.960510000E-8	-6.556550000E-7	5.706700000E+0	1.999976758E+4	1.873517000E+3
-6.854570000E-7	-5.960500000E-7	5.718100000E+0	1.999976758E+4	1.876374000E+3
2.980250000E-8	-4.768410000E-7	5.729200000E+0	1.999976758E+4	1.878361000E+3
-1.043090000E-6	-6.258520000E-7	5.741700000E+0	1.999976758E+4	1.880462000E+3
1.221900000E-6	-8.344690000E-7	5.754200000E+0	1.999976758E+4	1.883167000E+3
1.370910000E-6	-9.238760000E-7	5.765200000E+0	1.999976758E+4	1.885248000E+3
1.013290000E-6	-1.102690000E-6	5.778300000E+0	1.999976758E+4	1.887965000E+3
1.162300000E-6	-1.102690000E-6	5.788900000E+0	1.999976758E+4	1.889684000E+3
1.370910000E-6	-8.642710000E-7	5.801100000E+0	1.999976758E+4	1.892497000E+3
1.072890000E-6	-9.238760000E-7	5.812600000E+0	1.999976758E+4	1.894906000E+3
1.639140000E-6	-1.043090000E-6	5.826100000E+0	1.999976758E+4	1.897288000E+3
5.960500000E-7	-9.238760000E-7	5.837100000E+0	1.999976758E+4	1.899758000E+3
8.642710000E-7	-9.238760000E-7	5.847500000E+0	1.999976758E+4	1.901700000E+3
1.132500000E-6	-1.013290000E-6	5.857700000E+0	1.999976758E+4	1.903706000E+3
1.579530000E-6	-8.940730000E-7	5.867900000E+0	1.999976758E+4	1.906501000E+3
1.281510000E-6	-7.748640000E-7	5.879400000E+0	1.999976758E+4	1.908090000E+3
5.662480000E-7	-6.556550000E-7	5.890600000E+0	1.999976758E+4	1.910541000E+3
1.370910000E-6	-5.662480000E-7	5.902100000E+0	1.999976758E+4	1.912515000E+3
5.364450000E-7	-9.536820000E-7	5.913600000E+0	1.999976758E+4	1.915408000E+3
7.450620000E-7	-9.834840000E-7	5.924700000E+0	1.999976758E+4	1.917049000E+3
1.460320000E-6	-7.748640000E-7	5.936900000E+0	1.999976758E+4	1.919460000E+3
2.056370000E-6	-9.834840000E-7	5.947200000E+0	1.999976758E+4	1.921816000E+3
2.175580000E-6	-1.043090000E-6	5.957700000E+0	1.999976758E+4	1.924274000E+3
2.354400000E-6	-1.013290000E-6	5.969200000E+0	1.999976758E+4	1.925968000E+3
2.026570000E-6	-1.013290000E-6	5.981100000E+0	1.999976758E+4	1.928334000E+3
1.370910000E-6	-8.642710000E-7	5.991100000E+0	1.999976758E+4	1.930760000E+3
1.728540000E-6	-9.536820000E-7	6.001300000E+0	1.999976758E+4	1.933146000E+3
1.132500000E-6	-1.192100000E-6	6.012700000E+0	1.999976758E+4	1.934765000E+3
1.072890000E-6	-1.311310000E-6	6.023400000E+0	1.999976758E+4	1.936749000E+3
1.251700000E-6	-1.102690000E-6	6.033600000E+0	1.999976758E+4	1.939343000E+3
1.341110000E-6	-9.536820000E-7	6.047100000E+0	1.999976758E+4	1.941679000E+3
1.549730000E-6	-1.341110000E-6	6.058300000E+0	1.999976758E+4	1.943689000E+3
1.251700000E-6	-1.072890000E-6	6.069500000E+0	1.999976758E+4	1.946129000E+3
1.519930000E-6	-1.341110000E-6	6.080900000E+0	1.999976758E+4	1.948633000E+3
2.294790000E-6	-1.162300000E-6	6.092600000E+0	1.999976758E+4	1.951012000E+3
1.996770000E-6	-1.102690000E-6	6.105800000E+0	1.999976758E+4	1.953404000E+3
1.341110000E-6	-1.221900000E-6	6.118400000E+0	1.999976758E+4	1.955813000E+3
1.490120000E-6	-1.162300000E-6	6.129200000E+0	1.999976758E+4	1.958230000E+3
1.877550000E-6	-1.043090000E-6	6.140800000E+0	1.999976758E+4	1.959817000E+3
2.086170000E-7	-1.221900000E-6	6.153200000E+0	1.999976758E+4	1.963012000E+3
1.639140000E-6	-1.043090000E-6	6.165000000E+0	1.999976758E+4	1.965449000E+3
1.460320000E-6	-1.192100000E-6	6.176800000E+0	1.999976758E+4	1.967423000E+3
1.043090000E-6	-1.162300000E-6	6.187600000E+0	1.999976758E+4	1.969844000E+3
6.854570000E-7	-1.072890000E-6	6.199800000E+0	1.999976758E+4	1.971870000E+3
7.152590000E-7	-1.132500000E-6	6.211100000E+0	1.999976758E+4	1.974674000E+3
4.768410000E-7	-1.043090000E-6	6.222100000E+0	1.999976758E+4	1.977062000E+3
2.145780000E-6	-1.490120000E-6	6.232900000E+0	1.999976758E+4	1.978657000E+3
2.235190000E-6	-1.311310000E-6	6.244300000E+0	1.999976758E+4	1.981158000E+3
1.639140000E-6	-1.102690000E-6	6.254400000E+0	1.999976758E+4	1.983200000E+3
1.221900000E-6	-1.102690000E-6	6.264600000E+0	1.999976758E+4	1.985273000E+3
1.072890000E-6	-8.940730000E-7	6.276800000E+0	1.999976758E+4	1.987726000E+3
8.940730000E-7	-9.238760000E-7	6.287400000E+0	1.999976758E+4	1.989687000E+3
-3.576300000E-7	-1.043090000E-6	6.297800000E+0	1.999976758E+4	1.991694000E+3
2.384200000E-7	-1.311310000E-6	6.308700000E+0	1.999976758E+4	1.994081000E+3
-2.682230000E-7	-1.311310000E-6	6.321500000E+0	1.999976758E+4	1.996897000E+3
2.980250000E-8	-1.430520000E-6	6.332800000E+0	1.999976758E+4	1.998537000E+3
3.874320000E-7	-1.281510000E-6	6.344300000E+0	1.999976758E+4	2.000930000E+3
1.281510000E-6	-1.519930000E-6	6.355500000E+0	1.999976758E+4	2.003288000E+3
1.341110000E-6	-1.788150000E-6	6.368000000E+0	1.999976758E+4	2.006438000E+3
1.281510000E-6	-1.400720000E-6	6.379000000E+0	1.999976758E+4	2.007981000E+3
5.066430000E-7	-1.758340000E-6	6.389300000E+0	1.999976758E+4	2.009995000E+3
7.748640000E-7	-1.370910000E-6	6.400500000E+0	1.999976758E+4	2.012454000E+3
2.086170000E-7	-1.341110000E-6	6.412400000E+0	1.999976758E+4	2.015152000E+3
2.086170000E-7	-1.639140000E-6	6.425400000E+0	1.999976758E+4	2.017193000E+3
-1.192100000E-7	-1.519930000E-6	6.435500000E+0	1.999976758E+4	2.019150000E+3
-5.960510000E-8	-1.370910000E-6	6.446300000E+0	1.999976758E+4	2.021534000E+3
-1.788150000E-7	-1.341110000E-6	6.457000000E+0	1.999976758E+4	2.024013000E+3
5.960510000E-8	-1.400720000E-6	6.469400000E+0	1.999976758E+4	2.026369000E+3
0.000000000E+0	-1.192100000E-6	6.479700000E+0	1.999976758E+4	2.027954000E+3
8.940740000E-8	-1.072890000E-6	6.490300000E+0	1.999976758E+4	2.030843000E+3
3.278270000E-7	-1.281510000E-6	6.500400000E+0	1.999976758E+4	2.032767000E+3
