20250523_HM463Mo3NbRu2_chiAC_vs_T_B_1.001.txt Fri, May 23, 2025 3:22:26 PM Gabe
Magnet: None
Trigger spacing of 0.010000 on column #3
Offsets:	0.000000000E+0	0.000000000E+0	0.000000000E+0	0.000000000E+0	0.000000000E+0

Scale Factors:	1.000000000E+0	1.000000000E+0	1.000000000E+0	1.000000000E+0	1.000000000E+0

1T
Lockin_V_001	Chan2_V_001	Temperature_001	Field_001	Timestamp_001
-1.341110000E-7	2.533220000E-7	5.500700000E+0	9.999717773E+3	2.700000000E-2
-2.980250000E-8	2.309690000E-7	5.488700000E+0	9.999717773E+3	2.161000000E+1
2.980250000E-8	1.564630000E-7	5.476900000E+0	9.999717773E+3	2.366700000E+1
2.235190000E-8	3.129260000E-7	5.465100000E+0	9.999717773E+3	2.567300000E+1
-6.705570000E-8	3.948830000E-7	5.454800000E+0	9.999717773E+3	2.735900000E+1
1.490130000E-8	3.799810000E-7	5.443200000E+0	9.999717773E+3	3.017200000E+1
-5.960510000E-8	4.023330000E-7	5.432100000E+0	9.999717773E+3	3.255500000E+1
-6.705570000E-8	2.533220000E-7	5.420100000E+0	9.999717773E+3	3.460700000E+1
0.000000000E+0	2.905740000E-7	5.408400000E+0	9.999717773E+3	3.697000000E+1
0.000000000E+0	2.607720000E-7	5.396300000E+0	9.999717773E+3	3.935500000E+1
-5.215430000E-8	2.980250000E-7	5.384700000E+0	9.999717773E+3	4.176400000E+1
5.215430000E-8	1.117590000E-7	5.374300000E+0	9.999717773E+3	4.417100000E+1
7.450640000E-9	1.788150000E-7	5.361400000E+0	9.999717773E+3	4.614700000E+1
-1.490130000E-8	1.266610000E-7	5.350400000E+0	9.999717773E+3	4.853600000E+1
2.980250000E-8	2.086170000E-7	5.339600000E+0	9.999717773E+3	5.142800000E+1
3.725310000E-8	2.160680000E-7	5.328400000E+0	9.999717773E+3	5.300300000E+1
0.000000000E+0	1.341110000E-7	5.315900000E+0	9.999717773E+3	5.496100000E+1
-6.705570000E-8	2.533220000E-7	5.303700000E+0	9.999717773E+3	5.828400000E+1
-7.450640000E-9	2.831240000E-7	5.291600000E+0	9.999717773E+3	6.014400000E+1
2.235190000E-8	2.384200000E-7	5.281300000E+0	9.999717773E+3	6.260600000E+1
0.000000000E+0	1.192100000E-7	5.269700000E+0	9.999717773E+3	6.442100000E+1
0.000000000E+0	1.937160000E-7	5.257100000E+0	9.999717773E+3	6.734600000E+1
7.450640000E-9	1.490130000E-7	5.245400000E+0	9.999717773E+3	6.987900000E+1
-8.940740000E-8	3.129260000E-7	5.233000000E+0	9.999717773E+3	7.204500000E+1
1.490130000E-8	2.309690000E-7	5.222400000E+0	9.999717773E+3	7.442700000E+1
1.490130000E-8	2.458710000E-7	5.209700000E+0	9.999717773E+3	7.627400000E+1
0.000000000E+0	2.235180000E-7	5.196400000E+0	9.999717773E+3	7.963500000E+1
-5.215430000E-8	2.458710000E-7	5.185000000E+0	9.999717773E+3	8.162800000E+1
-6.705570000E-8	2.905740000E-7	5.174100000E+0	9.999717773E+3	8.388800000E+1
-7.450630000E-8	3.278270000E-7	5.163500000E+0	9.999717773E+3	8.646300000E+1
-1.192100000E-7	3.427290000E-7	5.151700000E+0	9.999717773E+3	8.829500000E+1
-9.685800000E-8	3.129260000E-7	5.140700000E+0	9.999717773E+3	9.068600000E+1
-1.415620000E-7	2.831240000E-7	5.128300000E+0	9.999717773E+3	9.284700000E+1
-7.450630000E-8	2.011670000E-7	5.117400000E+0	9.999717773E+3	9.495100000E+1
-1.415620000E-7	2.458710000E-7	5.106500000E+0	9.999717773E+3	9.755700000E+1
-8.940740000E-8	1.415620000E-7	5.095700000E+0	9.999717773E+3	9.973300000E+1
-1.192100000E-7	2.235190000E-8	5.083900000E+0	9.999717773E+3	1.017490000E+2
-2.533220000E-7	2.831240000E-7	5.071200000E+0	9.999717773E+3	1.041870000E+2
-1.415620000E-7	7.450630000E-8	5.059200000E+0	9.999717773E+3	1.071240000E+2
-1.639140000E-7	5.215430000E-8	5.047900000E+0	9.999717773E+3	1.090710000E+2
-8.940740000E-8	-1.490130000E-8	5.036800000E+0	9.999717773E+3	1.109600000E+2
-1.266610000E-7	3.725310000E-8	5.023700000E+0	9.999717773E+3	1.139340000E+2
-7.450630000E-8	1.862650000E-7	5.009100000E+0	9.999717773E+3	1.168240000E+2
-1.341110000E-7	3.054760000E-7	4.998300000E+0	9.999717773E+3	1.186920000E+2
-2.011670000E-7	3.799810000E-7	4.987600000E+0	9.999717773E+3	1.210870000E+2
-1.639140000E-7	2.533220000E-7	4.976600000E+0	9.999717773E+3	1.236740000E+2
-1.713640000E-7	2.235180000E-7	4.966500000E+0	9.999717773E+3	1.253250000E+2
-1.266610000E-7	2.607720000E-7	4.954200000E+0	9.999717773E+3	1.273470000E+2
-2.235180000E-7	2.980250000E-7	4.944100000E+0	9.999717773E+3	1.301920000E+2
-2.607720000E-7	4.023330000E-7	4.931300000E+0	9.999717773E+3	1.321380000E+2
-2.533220000E-7	3.799810000E-7	4.920500000E+0	9.999717773E+3	1.352160000E+2
-2.607720000E-7	4.693880000E-7	4.907900000E+0	9.999717773E+3	1.369280000E+2
-2.011670000E-7	4.321350000E-7	4.897700000E+0	9.999717773E+3	1.389930000E+2
-3.129260000E-7	3.948830000E-7	4.887100000E+0	9.999717773E+3	1.417490000E+2
-2.011670000E-7	4.991930000E-7	4.876500000E+0	9.999717773E+3	1.432000000E+2
-2.160680000E-7	4.097840000E-7	4.865300000E+0	9.999717773E+3	1.451080000E+2
-2.682230000E-7	4.023330000E-7	4.855200000E+0	9.999717773E+3	1.476130000E+2
-1.937160000E-7	3.129260000E-7	4.841700000E+0	9.999717773E+3	1.506730000E+2
-2.160680000E-7	3.650800000E-7	4.829500000E+0	9.999717773E+3	1.524010000E+2
-1.937160000E-7	2.682230000E-7	4.818900000E+0	9.999717773E+3	1.548210000E+2
-2.756730000E-7	3.576300000E-7	4.808200000E+0	9.999717773E+3	1.572260000E+2
-3.203770000E-7	3.799810000E-7	4.796900000E+0	9.999717773E+3	1.595940000E+2
-3.129260000E-7	4.246850000E-7	4.785700000E+0	9.999717773E+3	1.616200000E+2
-2.756730000E-7	3.725310000E-7	4.774400000E+0	9.999717773E+3	1.638520000E+2
-3.203770000E-7	4.470370000E-7	4.764300000E+0	9.999717773E+3	1.654760000E+2
-2.756730000E-7	3.278270000E-7	4.754200000E+0	9.999717773E+3	1.677240000E+2
-3.874320000E-7	4.395860000E-7	4.744000000E+0	9.999717773E+3	1.693470000E+2
-3.203770000E-7	3.650800000E-7	4.732400000E+0	9.999717773E+3	1.728010000E+2
-2.756730000E-7	4.246850000E-7	4.721400000E+0	9.999717773E+3	1.741590000E+2
-4.470370000E-7	4.246850000E-7	4.711200000E+0	9.999717773E+3	1.767020000E+2
-3.427290000E-7	4.023330000E-7	4.699300000E+0	9.999717773E+3	1.789670000E+2
-3.501790000E-7	3.278270000E-7	4.688600000E+0	9.999717773E+3	1.813280000E+2
-3.054760000E-7	2.309690000E-7	4.677000000E+0	9.999717773E+3	1.834720000E+2
-2.980250000E-7	2.980250000E-7	4.666300000E+0	9.999717773E+3	1.852050000E+2
-2.235180000E-7	3.799810000E-7	4.655500000E+0	9.999717773E+3	1.877390000E+2
-2.682230000E-7	3.501790000E-7	4.644800000E+0	9.999717773E+3	1.896330000E+2
-2.607720000E-7	3.725310000E-7	4.634000000E+0	9.999717773E+3	1.916830000E+2
-2.533220000E-7	3.874320000E-7	4.622600000E+0	9.999717773E+3	1.944500000E+2
-2.235180000E-7	3.054760000E-7	4.609700000E+0	9.999717773E+3	1.963940000E+2
-2.458710000E-7	3.427290000E-7	4.598900000E+0	9.999717773E+3	1.993820000E+2
-2.831240000E-7	2.905740000E-7	4.587900000E+0	9.999717773E+3	2.012260000E+2
-2.905740000E-7	3.427290000E-7	4.576900000E+0	9.999717773E+3	2.036000000E+2
-2.607720000E-7	3.129260000E-7	4.566500000E+0	9.999717773E+3	2.053440000E+2
-3.054760000E-7	2.533220000E-7	4.555800000E+0	9.999717773E+3	2.074730000E+2
-2.607720000E-7	1.415620000E-7	4.545200000E+0	9.999717773E+3	2.100140000E+2
-3.278270000E-7	2.011670000E-7	4.533900000E+0	9.999717773E+3	2.113430000E+2
-2.309690000E-7	7.450630000E-8	4.523300000E+0	9.999717773E+3	2.143050000E+2
-2.309690000E-7	-6.705570000E-8	4.509000000E+0	9.999717773E+3	2.168110000E+2
-4.172340000E-7	1.192100000E-7	4.498900000E+0	9.999717773E+3	2.187540000E+2
-4.917420000E-7	-4.470370000E-8	4.487700000E+0	9.999717773E+3	2.210710000E+2
-5.364450000E-7	-1.341110000E-7	4.475800000E+0	9.999717773E+3	2.237450000E+2
-6.035010000E-7	-1.341110000E-7	4.463500000E+0	9.999717773E+3	2.258630000E+2
-7.674130000E-7	-3.278270000E-7	4.452400000E+0	9.999717773E+3	2.284720000E+2
-7.897650000E-7	-4.693880000E-7	4.440900000E+0	9.999717773E+3	2.309490000E+2
-9.909340000E-7	-5.289950000E-7	4.430200000E+0	9.999717773E+3	2.322650000E+2
-1.095240000E-6	-8.419190000E-7	4.419400000E+0	9.999717773E+3	2.346760000E+2
-1.363460000E-6	-9.536820000E-7	4.408200000E+0	9.999717773E+3	2.371210000E+2
-1.527380000E-6	-1.147400000E-6	4.397600000E+0	9.999717773E+3	2.394660000E+2
-1.750890000E-6	-1.296410000E-6	4.386400000E+0	9.999717773E+3	2.416570000E+2
-1.922260000E-6	-1.542280000E-6	4.374400000E+0	9.999717773E+3	2.438680000E+2
-2.048920000E-6	-1.639140000E-6	4.360700000E+0	9.999717773E+3	2.458930000E+2
-2.421450000E-6	-1.952070000E-6	4.349400000E+0	9.999717773E+3	2.489770000E+2
-2.741830000E-6	-2.063830000E-6	4.337900000E+0	9.999717773E+3	2.506990000E+2
-3.077100000E-6	-2.108530000E-6	4.327400000E+0	9.999717773E+3	2.536900000E+2
-3.367680000E-6	-2.287340000E-6	4.315900000E+0	9.999717773E+3	2.557470000E+2
-3.539040000E-6	-2.443800000E-6	4.305000000E+0	9.999717773E+3	2.574890000E+2
-3.933940000E-6	-2.525760000E-6	4.293300000E+0	9.999717773E+3	2.604160000E+2
-4.291560000E-6	-2.749280000E-6	4.279400000E+0	9.999717773E+3	2.625750000E+2
-4.522530000E-6	-2.823780000E-6	4.267900000E+0	9.999717773E+3	2.652010000E+2
-4.924860000E-6	-2.980250000E-6	4.257200000E+0	9.999717773E+3	2.676580000E+2
-5.237790000E-6	-2.905740000E-6	4.246900000E+0	9.999717773E+3	2.692220000E+2
-5.476210000E-6	-3.173960000E-6	4.236400000E+0	9.999717773E+3	2.714670000E+2
-5.789130000E-6	-3.151610000E-6	4.225400000E+0	9.999717773E+3	2.738840000E+2
-6.020100000E-6	-3.211210000E-6	4.214500000E+0	9.999717773E+3	2.753330000E+2
-6.340470000E-6	-3.315520000E-6	4.202100000E+0	9.999717773E+3	2.782800000E+2
-6.683200000E-6	-3.427280000E-6	4.191600000E+0	9.999717773E+3	2.806620000E+2
-6.914170000E-6	-3.546490000E-6	4.179600000E+0	9.999717773E+3	2.825280000E+2
-7.323950000E-6	-3.553940000E-6	4.166500000E+0	9.999717773E+3	2.850790000E+2
-7.689060000E-6	-3.561390000E-6	4.153900000E+0	9.999717773E+3	2.880490000E+2
-8.031780000E-6	-3.621000000E-6	4.141900000E+0	9.999717773E+3	2.906010000E+2
-8.285100000E-6	-3.613550000E-6	4.131000000E+0	9.999717773E+3	2.923410000E+2
-8.620380000E-6	-3.621000000E-6	4.119200000E+0	9.999717773E+3	2.952160000E+2
-8.978010000E-6	-3.792360000E-6	4.105800000E+0	9.999717773E+3	2.973160000E+2
-9.253680000E-6	-3.770010000E-6	4.093800000E+0	9.999717773E+3	3.000120000E+2
-9.469750000E-6	-3.717850000E-6	4.082900000E+0	9.999717773E+3	3.020390000E+2
-9.812470000E-6	-3.911580000E-6	4.071800000E+0	9.999717773E+3	3.049940000E+2
-9.961480000E-6	-3.866880000E-6	4.059300000E+0	9.999717773E+3	3.068100000E+2
-1.033400000E-5	-3.889230000E-6	4.047900000E+0	9.999717773E+3	3.092500000E+2
-1.042340000E-5	-3.837080000E-6	4.036700000E+0	9.999717773E+3	3.113400000E+2
-1.068420000E-5	-3.814730000E-6	4.026600000E+0	9.999717773E+3	3.131040000E+2
-1.093750000E-5	-3.814730000E-6	4.015900000E+0	9.999717773E+3	3.156630000E+2
-1.128770000E-5	-3.889230000E-6	4.004000000E+0	9.999717773E+3	3.181240000E+2
-1.146650000E-5	-3.889230000E-6	3.993200000E+0	9.999717773E+3	3.202680000E+2
-1.162300000E-5	-3.881780000E-6	3.983100000E+0	9.999717773E+3	3.220110000E+2
-1.191350000E-5	-3.866880000E-6	3.970500000E+0	9.999717773E+3	3.246910000E+2
-1.209240000E-5	-3.919030000E-6	3.960300000E+0	9.999717773E+3	3.266620000E+2
-1.235310000E-5	-3.948840000E-6	3.946800000E+0	9.999717773E+3	3.296180000E+2
-1.261390000E-5	-3.829630000E-6	3.934400000E+0	9.999717773E+3	3.317430000E+2
-1.280020000E-5	-3.926490000E-6	3.921600000E+0	9.999717773E+3	3.344460000E+2
-1.299390000E-5	-3.799810000E-6	3.910000000E+0	9.999717773E+3	3.367930000E+2
-1.318010000E-5	-3.844530000E-6	3.899700000E+0	9.999717773E+3	3.388070000E+2
-1.348560000E-5	-3.822180000E-6	3.887100000E+0	9.999717773E+3	3.412030000E+2
-1.360480000E-5	-3.822180000E-6	3.877000000E+0	9.999717773E+3	3.427170000E+2
-1.381340000E-5	-3.851980000E-6	3.866000000E+0	9.999717773E+3	3.457340000E+2
-1.412640000E-5	-4.045690000E-6	3.855500000E+0	9.999717773E+3	3.480110000E+2
-1.426790000E-5	-3.941390000E-6	3.841800000E+0	9.999717773E+3	3.500100000E+2
-1.453610000E-5	-3.807260000E-6	3.830900000E+0	9.999717773E+3	3.524090000E+2
-1.470750000E-5	-3.770010000E-6	3.820500000E+0	9.999717773E+3	3.548290000E+2
-1.487140000E-5	-3.829630000E-6	3.808100000E+0	9.999717773E+3	3.567870000E+2
-1.503530000E-5	-3.866880000E-6	3.797800000E+0	9.999717773E+3	3.593310000E+2
-1.519920000E-5	-3.859430000E-6	3.787200000E+0	9.999717773E+3	3.616440000E+2
-1.526640000E-5	-3.770010000E-6	3.776800000E+0	9.999717773E+3	3.630930000E+2
-1.560160000E-5	-3.866880000E-6	3.764900000E+0	9.999717773E+3	3.657180000E+2
-1.571340000E-5	-3.889230000E-6	3.752900000E+0	9.999717773E+3	3.684410000E+2
-1.595180000E-5	-3.904130000E-6	3.742200000E+0	9.999717773E+3	3.703900000E+2
-1.612320000E-5	-3.814730000E-6	3.732100000E+0	9.999717773E+3	3.725550000E+2
-1.624980000E-5	-3.837080000E-6	3.721600000E+0	9.999717773E+3	3.742600000E+2
-1.634670000E-5	-3.814730000E-6	3.710100000E+0	9.999717773E+3	3.762720000E+2
-1.658510000E-5	-3.866880000E-6	3.698800000E+0	9.999717773E+3	3.790460000E+2
-1.675650000E-5	-3.837080000E-6	3.687300000E+0	9.999717773E+3	3.810900000E+2
-1.706190000E-5	-3.777460000E-6	3.675600000E+0	9.999717773E+3	3.840620000E+2
-1.711410000E-5	-3.874330000E-6	3.663600000E+0	9.999717773E+3	3.861180000E+2
-1.741960000E-5	-3.777460000E-6	3.652700000E+0	9.999717773E+3	3.878560000E+2
-1.744940000E-5	-3.822180000E-6	3.640800000E+0	9.999717773E+3	3.908560000E+2
-1.750900000E-5	-3.837080000E-6	3.630700000E+0	9.999717773E+3	3.923620000E+2
-1.773990000E-5	-3.762560000E-6	3.619000000E+0	9.999717773E+3	3.947040000E+2
-1.811990000E-5	-3.665700000E-6	3.597700000E+0	9.999717773E+3	3.987750000E+2
-1.829130000E-5	-3.680600000E-6	3.586800000E+0	9.999717773E+3	4.009380000E+2
-1.847760000E-5	-3.680600000E-6	3.574500000E+0	9.999717773E+3	4.041130000E+2
-1.859680000E-5	-3.755110000E-6	3.561300000E+0	9.999717773E+3	4.062840000E+2
-1.879790000E-5	-3.680600000E-6	3.551000000E+0	9.999717773E+3	4.093260000E+2
-1.904380000E-5	-3.710400000E-6	3.537700000E+0	9.999717773E+3	4.114770000E+2
-1.922260000E-5	-3.680600000E-6	3.524600000E+0	9.999717773E+3	4.147290000E+2
-1.931200000E-5	-3.680600000E-6	3.512200000E+0	9.999717773E+3	4.167620000E+2
-1.943120000E-5	-3.531590000E-6	3.499200000E+0	9.999717773E+3	4.199620000E+2
-1.935670000E-5	-3.449630000E-6	3.488100000E+0	9.999717773E+3	4.220870000E+2
-1.954300000E-5	-3.322970000E-6	3.473300000E+0	9.999717773E+3	4.253040000E+2
-1.969950000E-5	-3.300620000E-6	3.462800000E+0	9.999717773E+3	4.274750000E+2
-1.995280000E-5	-3.427280000E-6	3.449800000E+0	9.999717773E+3	4.306760000E+2
-1.986340000E-5	-3.278270000E-6	3.436200000E+0	9.999717773E+3	4.327780000E+2
-2.026570000E-5	-3.315520000E-6	3.425100000E+0	9.999717773E+3	4.359530000E+2
-2.040730000E-5	-3.255920000E-6	3.412000000E+0	9.999717773E+3	4.381080000E+2
-2.063080000E-5	-3.352780000E-6	3.397800000E+0	9.999717773E+3	4.413120000E+2
-2.085430000E-5	-3.300620000E-6	3.385800000E+0	9.999717773E+3	4.434260000E+2
-2.094370000E-5	-3.226120000E-6	3.369200000E+0	9.999717773E+3	4.470840000E+2
-2.100330000E-5	-3.077100000E-6	3.358800000E+0	9.999717773E+3	4.502560000E+2
-2.137580000E-5	-3.106910000E-6	3.342300000E+0	9.999717773E+3	4.523410000E+2
-2.130880000E-5	-3.203760000E-6	3.327000000E+0	9.999717773E+3	4.561060000E+2
-2.165150000E-5	-3.092010000E-6	3.311100000E+0	9.999717773E+3	4.592990000E+2
-2.173350000E-5	-3.017500000E-6	3.298100000E+0	9.999717773E+3	4.625030000E+2
-2.183780000E-5	-3.062200000E-6	3.284300000E+0	9.999717773E+3	4.646210000E+2
-2.209110000E-5	-3.084550000E-6	3.272100000E+0	9.999717773E+3	4.678150000E+2
-2.219540000E-5	-3.099460000E-6	3.260800000E+0	9.999717773E+3	4.699700000E+2
-2.235930000E-5	-3.106910000E-6	3.245400000E+0	9.999717773E+3	4.736140000E+2
-2.241150000E-5	-3.010050000E-6	3.233000000E+0	9.999717773E+3	4.757110000E+2
-2.262750000E-5	-3.039850000E-6	3.221100000E+0	9.999717773E+3	4.783410000E+2
-2.270950000E-5	-3.062200000E-6	3.207900000E+0	9.999717773E+3	4.815500000E+2
-2.278400000E-5	-3.084550000E-6	3.196300000E+0	9.999717773E+3	4.837270000E+2
-2.308200000E-5	-3.032400000E-6	3.182300000E+0	9.999717773E+3	4.868600000E+2
-2.314910000E-5	-2.995150000E-6	3.168900000E+0	9.999717773E+3	4.889970000E+2
-2.312670000E-5	-2.980250000E-6	3.158200000E+0	9.999717773E+3	4.915730000E+2
-2.343960000E-5	-2.950440000E-6	3.144900000E+0	9.999717773E+3	4.947550000E+2
-2.341730000E-5	-2.928090000E-6	3.133200000E+0	9.999717773E+3	4.968930000E+2
-2.360360000E-5	-2.913190000E-6	3.119500000E+0	9.999717773E+3	5.000640000E+2
-2.356630000E-5	-2.928090000E-6	3.109300000E+0	9.999717773E+3	5.022200000E+2
-2.384200000E-5	-2.898290000E-6	3.097200000E+0	9.999717773E+3	5.043380000E+2
-2.388670000E-5	-2.831240000E-6	3.086300000E+0	9.999717773E+3	5.070150000E+2
-2.405800000E-5	-2.853590000E-6	3.073800000E+0	9.999717773E+3	5.091360000E+2
-2.420710000E-5	-2.980250000E-6	3.061200000E+0	9.999717773E+3	5.123290000E+2
-2.429650000E-5	-2.756730000E-6	3.050300000E+0	9.999717773E+3	5.144700000E+2
-2.434860000E-5	-2.831240000E-6	3.038700000E+0	9.999717773E+3	5.170000000E+2
-2.439330000E-5	-2.764180000E-6	3.028300000E+0	9.999717773E+3	5.191240000E+2
-2.457960000E-5	-2.741830000E-6	3.013300000E+0	9.999717773E+3	5.223320000E+2
-2.476580000E-5	-2.846140000E-6	3.000000000E+0	9.999717773E+3	5.244990000E+2
-2.477330000E-5	-2.853590000E-6	2.988400000E+0	9.999717773E+3	5.276660000E+2
-2.501920000E-5	-2.823780000E-6	2.974800000E+0	9.999717773E+3	5.298100000E+2
-2.492980000E-5	-2.771630000E-6	2.962200000E+0	9.999717773E+3	5.329850000E+2
-2.505640000E-5	-2.667320000E-6	2.950900000E+0	9.999717773E+3	5.351780000E+2
-2.515330000E-5	-2.600270000E-6	2.935700000E+0	9.999717773E+3	5.387440000E+2
-2.516820000E-5	-2.607720000E-6	2.924900000E+0	9.999717773E+3	5.408630000E+2
-2.536190000E-5	-2.473610000E-6	2.907000000E+0	9.999717773E+3	5.439220000E+2
-2.546620000E-5	-2.384200000E-6	2.894000000E+0	9.999717773E+3	5.476530000E+2
-2.557800000E-5	-2.473610000E-6	2.879700000E+0	9.999717773E+3	5.498010000E+2
-2.587600000E-5	-2.540660000E-6	2.866000000E+0	9.999717773E+3	5.534080000E+2
-2.598770000E-5	-2.525760000E-6	2.852400000E+0	9.999717773E+3	5.555900000E+2
-2.603240000E-5	-2.525760000E-6	2.837200000E+0	9.999717773E+3	5.592950000E+2
-2.609950000E-5	-2.533210000E-6	2.826700000E+0	9.999717773E+3	5.613980000E+2
-2.627830000E-5	-2.473610000E-6	2.816400000E+0	9.999717773E+3	5.635720000E+2
-2.621130000E-5	-2.324600000E-6	2.806100000E+0	9.999717773E+3	5.660590000E+2
-2.612930000E-5	-2.421450000E-6	2.795000000E+0	9.999717773E+3	5.682790000E+2
-2.623360000E-5	-2.414000000E-6	2.784900000E+0	9.999717773E+3	5.703310000E+2
-2.635280000E-5	-2.346950000E-6	2.771400000E+0	9.999717773E+3	5.730280000E+2
-2.655400000E-5	-2.145780000E-6	2.759200000E+0	9.999717773E+3	5.762650000E+2
-2.664340000E-5	-2.324600000E-6	2.744000000E+0	9.999717773E+3	5.783400000E+2
-2.677750000E-5	-2.324600000E-6	2.730000000E+0	9.999717773E+3	5.819210000E+2
-2.677010000E-5	-2.101080000E-6	2.717000000E+0	9.999717773E+3	5.840630000E+2
-2.679240000E-5	-2.227740000E-6	2.704700000E+0	9.999717773E+3	5.872710000E+2
-2.683710000E-5	-2.212840000E-6	2.692000000E+0	9.999717773E+3	5.893850000E+2
-2.691910000E-5	-2.212840000E-6	2.679300000E+0	9.999717773E+3	5.924430000E+2
-2.697870000E-5	-2.086180000E-6	2.668400000E+0	9.999717773E+3	5.946320000E+2
-2.713510000E-5	-2.138330000E-6	2.656300000E+0	9.999717773E+3	5.977700000E+2
-2.723940000E-5	-2.056370000E-6	2.641700000E+0	9.999717773E+3	5.999160000E+2
-2.732880000E-5	-2.086180000E-6	2.627800000E+0	9.999717773E+3	6.036920000E+2
-2.729160000E-5	-1.996770000E-6	2.615000000E+0	9.999717773E+3	6.057670000E+2
-2.727670000E-5	-2.078730000E-6	2.601300000E+0	9.999717773E+3	6.089550000E+2
-2.753000000E-5	-2.108530000E-6	2.589400000E+0	9.999717773E+3	6.121830000E+2
-2.754490000E-5	-2.101080000E-6	2.573500000E+0	9.999717773E+3	6.143440000E+2
-2.770880000E-5	-2.048920000E-6	2.562500000E+0	9.999717773E+3	6.173940000E+2
-2.767900000E-5	-2.160680000E-6	2.549500000E+0	9.999717773E+3	6.195670000E+2
-2.793230000E-5	-2.130880000E-6	2.534800000E+0	9.999717773E+3	6.228420000E+2
-2.811860000E-5	-2.041470000E-6	2.519300000E+0	9.999717773E+3	6.262840000E+2
-2.802180000E-5	-1.855200000E-6	2.508300000E+0	9.999717773E+3	6.290140000E+2
-2.831980000E-5	-2.011670000E-6	2.495000000E+0	9.999717773E+3	6.311540000E+2
-2.838680000E-5	-2.034020000E-6	2.479500000E+0	9.999717773E+3	6.347330000E+2
-2.852090000E-5	-1.922260000E-6	2.468800000E+0	9.999717773E+3	6.368570000E+2
-2.883390000E-5	-1.847750000E-6	2.454400000E+0	9.999717773E+3	6.400380000E+2
-2.894560000E-5	-1.907360000E-6	2.438100000E+0	9.999717773E+3	6.432300000E+2
-2.906480000E-5	-1.885000000E-6	2.423800000E+0	9.999717773E+3	6.464550000E+2
-2.932560000E-5	-1.743440000E-6	2.412700000E+0	9.999717773E+3	6.485610000E+2
-2.926600000E-5	-1.721090000E-6	2.401400000E+0	9.999717773E+3	6.512370000E+2
-2.970560000E-5	-1.624230000E-6	2.384600000E+0	9.999717773E+3	6.544640000E+2
-2.988440000E-5	-1.549730000E-6	2.370600000E+0	9.999717773E+3	6.576350000E+2
-3.021220000E-5	-1.318760000E-6	2.356700000E+0	9.999717773E+3	6.608370000E+2
-3.038360000E-5	-1.281510000E-6	2.345600000E+0	9.999717773E+3	6.629820000E+2
-3.055510000E-5	-1.199550000E-6	2.330600000E+0	9.999717773E+3	6.662160000E+2
-3.080840000E-5	-1.080340000E-6	2.317400000E+0	9.999717773E+3	6.693660000E+2
-3.110640000E-5	-1.095240000E-6	2.304200000E+0	9.999717773E+3	6.715740000E+2
-3.131500000E-5	-1.080340000E-6	2.291300000E+0	9.999717773E+3	6.746890000E+2
-3.139700000E-5	-8.791720000E-7	2.280200000E+0	9.999717773E+3	6.768600000E+2
-3.153110000E-5	-8.195680000E-7	2.263800000E+0	9.999717773E+3	6.800330000E+2
-3.175460000E-5	-6.705560000E-7	2.252700000E+0	9.999717773E+3	6.832710000E+2
-3.186640000E-5	-6.184020000E-7	2.238900000E+0	9.999717773E+3	6.853770000E+2
-3.211970000E-5	-4.619380000E-7	2.222200000E+0	9.999717773E+3	6.890010000E+2
-3.216440000E-5	-3.054760000E-7	2.210200000E+0	9.999717773E+3	6.921440000E+2
-3.237300000E-5	-3.948830000E-7	2.197400000E+0	9.999717773E+3	6.943030000E+2
-3.225380000E-5	-1.862650000E-7	2.187300000E+0	9.999717773E+3	6.969500000E+2
-3.241770000E-5	-2.458710000E-7	2.175300000E+0	9.999717773E+3	6.991040000E+2
-3.252200000E-5	-6.705570000E-8	2.160600000E+0	9.999717773E+3	7.023250000E+2
-3.264870000E-5	-2.458710000E-7	2.150600000E+0	9.999717773E+3	7.044830000E+2
-3.274550000E-5	-1.192100000E-7	2.132900000E+0	9.999717773E+3	7.076360000E+2
-3.277530000E-5	-7.450640000E-9	2.120200000E+0	9.999717773E+3	7.108530000E+2
-3.298400000E-5	-6.705570000E-8	2.109500000E+0	9.999717773E+3	7.129590000E+2
-3.302870000E-5	-7.450640000E-9	2.093300000E+0	9.999717773E+3	7.160350000E+2
-3.295420000E-5	1.490130000E-8	2.079200000E+0	9.999717773E+3	7.196660000E+2
-3.311060000E-5	1.639140000E-7	2.067000000E+0	9.999717773E+3	7.217780000E+2
-3.306590000E-5	2.831240000E-7	2.056300000E+0	9.999717773E+3	7.244990000E+2
-3.322240000E-5	1.639140000E-7	2.044700000E+0	9.999717773E+3	7.265750000E+2
-3.328940000E-5	2.309690000E-7	2.029600000E+0	9.999717773E+3	7.297760000E+2
-3.325220000E-5	2.533220000E-7	2.015600000E+0	9.999717773E+3	7.329780000E+2
-3.343100000E-5	2.607720000E-7	2.004800000E+0	9.999717773E+3	7.351270000E+2
-3.343840000E-5	7.450630000E-8	2.015600000E+0	9.999717773E+3	8.627110000E+2
-3.340120000E-5	1.639140000E-7	2.028100000E+0	9.999717773E+3	8.655350000E+2
-3.322980000E-5	2.086170000E-7	2.038600000E+0	9.999717773E+3	8.675910000E+2
-3.327450000E-5	8.940740000E-8	2.049600000E+0	9.999717773E+3	8.699590000E+2
-3.327450000E-5	0.000000000E+0	2.061800000E+0	9.999717773E+3	8.719940000E+2
-3.312550000E-5	-7.450640000E-9	2.074600000E+0	9.999717773E+3	8.747350000E+2
-3.311060000E-5	7.450630000E-8	2.086200000E+0	9.999717773E+3	8.772910000E+2
-3.305850000E-5	-1.415620000E-7	2.096500000E+0	9.999717773E+3	8.792590000E+2
-3.302870000E-5	-1.266610000E-7	2.107100000E+0	9.999717773E+3	8.815310000E+2
-3.300630000E-5	-1.937160000E-7	2.119100000E+0	9.999717773E+3	8.837180000E+2
-3.292430000E-5	-2.458710000E-7	2.130400000E+0	9.999717773E+3	8.860620000E+2
-3.280510000E-5	-2.384200000E-7	2.140500000E+0	9.999717773E+3	8.881190000E+2
-3.282000000E-5	-3.501790000E-7	2.150500000E+0	9.999717773E+3	8.900800000E+2
-3.262630000E-5	-4.172340000E-7	2.160800000E+0	9.999717773E+3	8.918090000E+2
-3.261890000E-5	-3.948830000E-7	2.171800000E+0	9.999717773E+3	8.943090000E+2
-3.253690000E-5	-4.172340000E-7	2.184500000E+0	9.999717773E+3	8.969830000E+2
-3.243260000E-5	-5.215440000E-7	2.195300000E+0	9.999717773E+3	8.990220000E+2
-3.228360000E-5	-4.693880000E-7	2.205700000E+0	9.999717773E+3	9.013920000E+2
-3.219420000E-5	-6.035010000E-7	2.216000000E+0	9.999717773E+3	9.030360000E+2
-3.213460000E-5	-6.333030000E-7	2.226100000E+0	9.999717773E+3	9.051780000E+2
-3.190360000E-5	-6.929080000E-7	2.238000000E+0	9.999717773E+3	9.076670000E+2
-3.182910000E-5	-6.556550000E-7	2.248100000E+0	9.999717773E+3	9.094230000E+2
-3.164280000E-5	-8.195680000E-7	2.258600000E+0	9.999717773E+3	9.117770000E+2
-3.159810000E-5	-9.164250000E-7	2.269800000E+0	9.999717773E+3	9.139220000E+2
-3.140440000E-5	-1.020740000E-6	2.280100000E+0	9.999717773E+3	9.159180000E+2
-3.124800000E-5	-1.169750000E-6	2.291700000E+0	9.999717773E+3	9.184570000E+2
-3.110640000E-5	-1.095240000E-6	2.302200000E+0	9.999717773E+3	9.204430000E+2
-3.075620000E-5	-1.244250000E-6	2.314300000E+0	9.999717773E+3	9.232520000E+2
-3.074130000E-5	-1.266610000E-6	2.327000000E+0	9.999717773E+3	9.251010000E+2
-3.047300000E-5	-1.318760000E-6	2.337200000E+0	9.999717773E+3	9.275270000E+2
-3.041340000E-5	-1.408170000E-6	2.349500000E+0	9.999717773E+3	9.296420000E+2
-3.018240000E-5	-1.452870000E-6	2.360300000E+0	9.999717773E+3	9.321660000E+2
-2.998870000E-5	-1.527380000E-6	2.373100000E+0	9.999717773E+3	9.345680000E+2
-2.976520000E-5	-1.654040000E-6	2.383500000E+0	9.999717773E+3	9.371540000E+2
-2.966830000E-5	-1.780700000E-6	2.395500000E+0	9.999717773E+3	9.387210000E+2
-2.948950000E-5	-1.713640000E-6	2.405800000E+0	9.999717773E+3	9.412650000E+2
-2.932560000E-5	-1.840300000E-6	2.416200000E+0	9.999717773E+3	9.432820000E+2
-2.919890000E-5	-1.885000000E-6	2.427500000E+0	9.999717773E+3	9.456760000E+2
-2.896800000E-5	-1.907360000E-6	2.437600000E+0	9.999717773E+3	9.478790000E+2
-2.881900000E-5	-2.071280000E-6	2.449300000E+0	9.999717773E+3	9.499110000E+2
-2.875940000E-5	-2.048920000E-6	2.462100000E+0	9.999717773E+3	9.524750000E+2
-2.863270000E-5	-2.034020000E-6	2.473300000E+0	9.999717773E+3	9.545210000E+2
-2.848370000E-5	-2.034020000E-6	2.484000000E+0	9.999717773E+3	9.568200000E+2
-2.834210000E-5	-2.048920000E-6	2.494300000E+0	9.999717773E+3	9.591160000E+2
-2.834960000E-5	-2.093630000E-6	2.505600000E+0	9.999717773E+3	9.614210000E+2
-2.814100000E-5	-2.183030000E-6	2.517800000E+0	9.999717773E+3	9.635030000E+2
-2.805160000E-5	-2.220290000E-6	2.530500000E+0	9.999717773E+3	9.660380000E+2
-2.800680000E-5	-2.309690000E-6	2.542100000E+0	9.999717773E+3	9.685670000E+2
-2.793980000E-5	-2.287340000E-6	2.554000000E+0	9.999717773E+3	9.709620000E+2
-2.780570000E-5	-2.250090000E-6	2.565900000E+0	9.999717773E+3	9.734180000E+2
-2.761200000E-5	-2.302240000E-6	2.577700000E+0	9.999717773E+3	9.753730000E+2
-2.774610000E-5	-2.399100000E-6	2.588200000E+0	9.999717773E+3	9.777610000E+2
-2.764180000E-5	-2.332050000E-6	2.599800000E+0	9.999717773E+3	9.796350000E+2
-2.744060000E-5	-2.264990000E-6	2.611600000E+0	9.999717773E+3	9.824320000E+2
-2.753750000E-5	-2.235190000E-6	2.624100000E+0	9.999717773E+3	9.849520000E+2
-2.740340000E-5	-2.428900000E-6	2.634700000E+0	9.999717773E+3	9.870990000E+2
-2.742570000E-5	-2.384200000E-6	2.646400000E+0	9.999717773E+3	9.891020000E+2
-2.730650000E-5	-2.399100000E-6	2.657300000E+0	9.999717773E+3	9.915260000E+2
-2.723200000E-5	-2.473610000E-6	2.668900000E+0	9.999717773E+3	9.938750000E+2
-2.723940000E-5	-2.540660000E-6	2.681300000E+0	9.999717773E+3	9.960610000E+2
-2.709790000E-5	-2.533210000E-6	2.691500000E+0	9.999717773E+3	9.984090000E+2
-2.704570000E-5	-2.533210000E-6	2.703900000E+0	9.999717773E+3	1.000957000E+3
-2.701590000E-5	-2.592820000E-6	2.714200000E+0	9.999717773E+3	1.002727000E+3
-2.702340000E-5	-2.719480000E-6	2.724600000E+0	9.999717773E+3	1.005128000E+3
-2.679240000E-5	-2.585370000E-6	2.738700000E+0	9.999717773E+3	1.007604000E+3
-2.685950000E-5	-2.473610000E-6	2.750300000E+0	9.999717773E+3	1.010416000E+3
-2.672530000E-5	-2.533210000E-6	2.760500000E+0	9.999717773E+3	1.012055000E+3
-2.660610000E-5	-2.630070000E-6	2.772100000E+0	9.999717773E+3	1.014604000E+3
-2.665080000E-5	-2.540660000E-6	2.784200000E+0	9.999717773E+3	1.016967000E+3
-2.654650000E-5	-2.533210000E-6	2.795300000E+0	9.999717773E+3	1.019480000E+3
-2.648690000E-5	-2.615170000E-6	2.806000000E+0	9.999717773E+3	1.021395000E+3
-2.647950000E-5	-2.622620000E-6	2.818500000E+0	9.999717773E+3	1.023649000E+3
-2.631560000E-5	-2.540660000E-6	2.828800000E+0	9.999717773E+3	1.026075000E+3
-2.626340000E-5	-2.458710000E-6	2.841900000E+0	9.999717773E+3	1.028415000E+3
-2.606970000E-5	-2.659870000E-6	2.853600000E+0	9.999717773E+3	1.030688000E+3
-2.594300000E-5	-2.637520000E-6	2.864000000E+0	9.999717773E+3	1.033084000E+3
-2.601750000E-5	-2.600270000E-6	2.875300000E+0	9.999717773E+3	1.035174000E+3
-2.591320000E-5	-2.697120000E-6	2.886900000E+0	9.999717773E+3	1.037481000E+3
-2.578660000E-5	-2.659870000E-6	2.898300000E+0	9.999717773E+3	1.040131000E+3
-2.577910000E-5	-2.667320000E-6	2.911400000E+0	9.999717773E+3	1.042009000E+3
-2.557050000E-5	-2.704580000E-6	2.924000000E+0	9.999717773E+3	1.045126000E+3
-2.563760000E-5	-2.771630000E-6	2.935900000E+0	9.999717773E+3	1.047034000E+3
-2.551090000E-5	-2.764180000E-6	2.947100000E+0	9.999717773E+3	1.049365000E+3
-2.541400000E-5	-2.838690000E-6	2.957600000E+0	9.999717773E+3	1.051888000E+3
-2.527250000E-5	-2.816330000E-6	2.971900000E+0	9.999717773E+3	1.054018000E+3
-2.514580000E-5	-2.957900000E-6	2.982200000E+0	9.999717773E+3	1.056848000E+3
-2.514580000E-5	-2.756730000E-6	2.992800000E+0	9.999717773E+3	1.058419000E+3
-2.498190000E-5	-2.861040000E-6	3.003000000E+0	9.999717773E+3	1.060575000E+3
-2.507130000E-5	-2.935540000E-6	3.015100000E+0	9.999717773E+3	1.063374000E+3
-2.480310000E-5	-2.890840000E-6	3.025700000E+0	9.999717773E+3	1.065392000E+3
-2.477330000E-5	-2.831240000E-6	3.038100000E+0	9.999717773E+3	1.067791000E+3
-2.464660000E-5	-2.980250000E-6	3.049400000E+0	9.999717773E+3	1.069906000E+3
-2.449020000E-5	-3.024950000E-6	3.060400000E+0	9.999717773E+3	1.072309000E+3
-2.440820000E-5	-2.950440000E-6	3.072200000E+0	9.999717773E+3	1.074847000E+3
-2.417730000E-5	-3.077100000E-6	3.085300000E+0	9.999717773E+3	1.076844000E+3
-2.426670000E-5	-3.024950000E-6	3.098900000E+0	9.999717773E+3	1.079783000E+3
-2.408040000E-5	-3.106910000E-6	3.111000000E+0	9.999717773E+3	1.081920000E+3
-2.394630000E-5	-3.062200000E-6	3.121100000E+0	9.999717773E+3	1.084377000E+3
-2.384940000E-5	-3.121810000E-6	3.133400000E+0	9.999717773E+3	1.086724000E+3
-2.373770000E-5	-3.099460000E-6	3.143600000E+0	9.999717773E+3	1.089170000E+3
-2.373020000E-5	-3.084550000E-6	3.153800000E+0	9.999717773E+3	1.090741000E+3
-2.355890000E-5	-3.211210000E-6	3.164500000E+0	9.999717773E+3	1.093154000E+3
-2.336510000E-5	-3.226120000E-6	3.175100000E+0	9.999717773E+3	1.094716000E+3
-2.332040000E-5	-3.047300000E-6	3.188000000E+0	9.999717773E+3	1.097777000E+3
-2.324590000E-5	-3.047300000E-6	3.198200000E+0	9.999717773E+3	1.099405000E+3
-2.315650000E-5	-3.099460000E-6	3.208200000E+0	9.999717773E+3	1.101778000E+3
-2.299260000E-5	-3.315520000E-6	3.218600000E+0	9.999717773E+3	1.103507000E+3
-2.273930000E-5	-3.233570000E-6	3.228600000E+0	9.999717773E+3	1.105908000E+3
-2.273180000E-5	-3.181410000E-6	3.238900000E+0	9.999717773E+3	1.108063000E+3
-2.249340000E-5	-3.248470000E-6	3.249900000E+0	9.999717773E+3	1.109646000E+3
-2.259030000E-5	-3.226120000E-6	3.261200000E+0	9.999717773E+3	1.112419000E+3
-2.253810000E-5	-3.211210000E-6	3.273100000E+0	9.999717773E+3	1.114445000E+3
-2.240400000E-5	-3.263370000E-6	3.284700000E+0	9.999717773E+3	1.116846000E+3
-2.207620000E-5	-3.248470000E-6	3.295700000E+0	9.999717773E+3	1.119410000E+3
-2.204640000E-5	-3.308070000E-6	3.307200000E+0	9.999717773E+3	1.121390000E+3
-2.197930000E-5	-3.226120000E-6	3.318300000E+0	9.999717773E+3	1.124029000E+3
-2.178560000E-5	-3.263370000E-6	3.328300000E+0	9.999717773E+3	1.125521000E+3
-2.172600000E-5	-3.367680000E-6	3.338800000E+0	9.999717773E+3	1.128094000E+3
-2.159930000E-5	-3.315520000E-6	3.349400000E+0	9.999717773E+3	1.129654000E+3
-2.146520000E-5	-3.352780000E-6	3.360000000E+0	9.999717773E+3	1.132525000E+3
-2.139070000E-5	-3.300620000E-6	3.371400000E+0	9.999717773E+3	1.134566000E+3
-2.121940000E-5	-3.464530000E-6	3.381400000E+0	9.999717773E+3	1.135910000E+3
-2.121940000E-5	-3.360230000E-6	3.392900000E+0	9.999717773E+3	1.138652000E+3
-2.098100000E-5	-3.375130000E-6	3.403500000E+0	9.999717773E+3	1.140987000E+3
-2.075000000E-5	-3.457080000E-6	3.414300000E+0	9.999717773E+3	1.142623000E+3
-2.085430000E-5	-3.561390000E-6	3.424700000E+0	9.999717773E+3	1.145179000E+3
-2.069780000E-5	-3.539040000E-6	3.437100000E+0	9.999717773E+3	1.147127000E+3
-2.065310000E-5	-3.471990000E-6	3.448900000E+0	9.999717773E+3	1.149595000E+3
-2.047430000E-5	-3.524140000E-6	3.459000000E+0	9.999717773E+3	1.151965000E+3
-2.035510000E-5	-3.628450000E-6	3.470100000E+0	9.999717773E+3	1.153983000E+3
-2.022100000E-5	-3.688050000E-6	3.480700000E+0	9.999717773E+3	1.156266000E+3
-1.990810000E-5	-3.732760000E-6	3.494000000E+0	9.999717773E+3	1.158614000E+3
-1.977400000E-5	-3.665700000E-6	3.507300000E+0	9.999717773E+3	1.161432000E+3
-1.972180000E-5	-3.486890000E-6	3.517400000E+0	9.999717773E+3	1.163392000E+3
-1.948340000E-5	-3.553940000E-6	3.528100000E+0	9.999717773E+3	1.165835000E+3
-1.925990000E-5	-3.561390000E-6	3.540200000E+0	9.999717773E+3	1.167970000E+3
-1.920030000E-5	-3.680600000E-6	3.553300000E+0	9.999717773E+3	1.170495000E+3
-1.879790000E-5	-3.725300000E-6	3.563800000E+0	9.999717773E+3	1.173260000E+3
-1.868620000E-5	-3.628450000E-6	3.574900000E+0	9.999717773E+3	1.175279000E+3
-1.856700000E-5	-3.680600000E-6	3.585200000E+0	9.999717773E+3	1.176908000E+3
-1.844780000E-5	-3.755110000E-6	3.596800000E+0	9.999717773E+3	1.179271000E+3
-1.824660000E-5	-3.553940000E-6	3.608900000E+0	9.999717773E+3	1.181858000E+3
-1.806780000E-5	-3.650800000E-6	3.619600000E+0	9.999717773E+3	1.183802000E+3
-1.792620000E-5	-3.688050000E-6	3.631200000E+0	9.999717773E+3	1.186746000E+3
-1.779960000E-5	-3.680600000E-6	3.642500000E+0	9.999717773E+3	1.188325000E+3
-1.762820000E-5	-3.851980000E-6	3.654400000E+0	9.999717773E+3	1.191124000E+3
-1.749410000E-5	-3.807260000E-6	3.664700000E+0	9.999717773E+3	1.193146000E+3
-1.732270000E-5	-3.881780000E-6	3.675500000E+0	9.999717773E+3	1.195130000E+3
-1.706940000E-5	-3.881780000E-6	3.686500000E+0	9.999717773E+3	1.197126000E+3
-1.694270000E-5	-3.844530000E-6	3.698100000E+0	9.999717773E+3	1.199823000E+3
-1.677140000E-5	-3.926490000E-6	3.710700000E+0	9.999717773E+3	1.201804000E+3
-1.654040000E-5	-3.971190000E-6	3.721400000E+0	9.999717773E+3	1.204242000E+3
-1.630200000E-5	-3.986090000E-6	3.731900000E+0	9.999717773E+3	1.206600000E+3
-1.627220000E-5	-3.933940000E-6	3.743700000E+0	9.999717773E+3	1.208383000E+3
-1.592200000E-5	-4.105300000E-6	3.754000000E+0	9.999717773E+3	1.210781000E+3
-1.581770000E-5	-4.090400000E-6	3.765200000E+0	9.999717773E+3	1.213210000E+3
-1.557930000E-5	-4.060600000E-6	3.776500000E+0	9.999717773E+3	1.215583000E+3
-1.547500000E-5	-4.157450000E-6	3.786700000E+0	9.999717773E+3	1.217571000E+3
-1.518430000E-5	-4.023340000E-6	3.798800000E+0	9.999717773E+3	1.219605000E+3
-1.518430000E-5	-4.097850000E-6	3.809900000E+0	9.999717773E+3	1.222145000E+3
-1.501300000E-5	-4.030790000E-6	3.821800000E+0	9.999717773E+3	1.224489000E+3
-1.484160000E-5	-4.172350000E-6	3.833100000E+0	9.999717773E+3	1.226531000E+3
-1.457340000E-5	-4.157450000E-6	3.845000000E+0	9.999717773E+3	1.229057000E+3
-1.432010000E-5	-4.075500000E-6	3.856100000E+0	9.999717773E+3	1.231508000E+3
-1.419340000E-5	-4.105300000E-6	3.866200000E+0	9.999717773E+3	1.233023000E+3
-1.411890000E-5	-4.150000000E-6	3.876500000E+0	9.999717773E+3	1.235544000E+3
-1.367190000E-5	-3.978640000E-6	3.887500000E+0	9.999717773E+3	1.237999000E+3
-1.361230000E-5	-4.164900000E-6	3.898500000E+0	9.999717773E+3	1.239268000E+3
-1.350800000E-5	-4.075500000E-6	3.908900000E+0	9.999717773E+3	1.242112000E+3
-1.323970000E-5	-4.120200000E-6	3.921700000E+0	9.999717773E+3	1.244077000E+3
-1.273310000E-5	-4.112750000E-6	3.933400000E+0	9.999717773E+3	1.246859000E+3
-1.257660000E-5	-4.075500000E-6	3.944700000E+0	9.999717773E+3	1.248912000E+3
-1.233820000E-5	-4.142550000E-6	3.956000000E+0	9.999717773E+3	1.251269000E+3
-1.224880000E-5	-4.112750000E-6	3.968600000E+0	9.999717773E+3	1.253732000E+3
-1.187630000E-5	-4.135100000E-6	3.979100000E+0	9.999717773E+3	1.255671000E+3
-1.178690000E-5	-4.239410000E-6	3.989200000E+0	9.999717773E+3	1.258091000E+3
-1.148140000E-5	-4.313920000E-6	4.000300000E+0	9.999717773E+3	1.259925000E+3
-1.122810000E-5	-4.202160000E-6	4.010400000E+0	9.999717773E+3	1.261936000E+3
-1.100460000E-5	-4.194710000E-6	4.022100000E+0	9.999717773E+3	1.264387000E+3
-1.075120000E-5	-4.194710000E-6	4.035200000E+0	9.999717773E+3	1.267150000E+3
-1.051280000E-5	-4.172350000E-6	4.045900000E+0	9.999717773E+3	1.269139000E+3
-1.014030000E-5	-4.202160000E-6	4.057200000E+0	9.999717773E+3	1.271730000E+3
-9.968940000E-6	-4.082950000E-6	4.067600000E+0	9.999717773E+3	1.273390000E+3
-9.693260000E-6	-4.135100000E-6	4.078700000E+0	9.999717773E+3	1.275837000E+3
-9.439940000E-6	-4.120200000E-6	4.089900000E+0	9.999717773E+3	1.278248000E+3
-9.208980000E-6	-4.060600000E-6	4.101700000E+0	9.999717773E+3	1.280211000E+3
-8.866250000E-6	-4.000990000E-6	4.113400000E+0	9.999717773E+3	1.282612000E+3
-8.747040000E-6	-4.030790000E-6	4.124000000E+0	9.999717773E+3	1.285041000E+3
-8.612930000E-6	-4.023340000E-6	4.136100000E+0	9.999717773E+3	1.286998000E+3
-8.136090000E-6	-4.068050000E-6	4.148000000E+0	9.999717773E+3	1.289893000E+3
-7.860420000E-6	-3.941390000E-6	4.159500000E+0	9.999717773E+3	1.291806000E+3
-7.376100000E-6	-3.807260000E-6	4.170900000E+0	9.999717773E+3	1.294331000E+3
-7.152590000E-6	-3.762560000E-6	4.182400000E+0	9.999717773E+3	1.296465000E+3
-6.832210000E-6	-3.643350000E-6	4.195000000E+0	9.999717773E+3	1.299314000E+3
-6.653400000E-6	-3.650800000E-6	4.205800000E+0	9.999717773E+3	1.300864000E+3
-6.161660000E-6	-3.464530000E-6	4.217200000E+0	9.999717773E+3	1.304074000E+3
-6.146760000E-6	-3.471990000E-6	4.227600000E+0	9.999717773E+3	1.305432000E+3
-5.625220000E-6	-3.568840000E-6	4.238900000E+0	9.999717773E+3	1.308190000E+3
-5.379350000E-6	-3.308070000E-6	4.249500000E+0	9.999717773E+3	1.309954000E+3
-5.170730000E-6	-3.278270000E-6	4.260200000E+0	9.999717773E+3	1.311960000E+3
-4.820550000E-6	-3.173960000E-6	4.273400000E+0	9.999717773E+3	1.314727000E+3
-4.619390000E-6	-3.196310000E-6	4.284400000E+0	9.999717773E+3	1.316746000E+3
-4.224510000E-6	-2.920640000E-6	4.294400000E+0	9.999717773E+3	1.319132000E+3
-3.911580000E-6	-2.980250000E-6	4.305200000E+0	9.999717773E+3	1.320806000E+3
-3.613550000E-6	-2.779080000E-6	4.315300000E+0	9.999717773E+3	1.323133000E+3
-3.166510000E-6	-2.637520000E-6	4.328000000E+0	9.999717773E+3	1.325569000E+3
-2.793980000E-6	-2.563010000E-6	4.338700000E+0	9.999717773E+3	1.327778000E+3
-2.592820000E-6	-2.391650000E-6	4.349400000E+0	9.999717773E+3	1.330141000E+3
-2.376750000E-6	-2.264990000E-6	4.360800000E+0	9.999717773E+3	1.332452000E+3
-2.078730000E-6	-1.974420000E-6	4.371200000E+0	9.999717773E+3	1.334535000E+3
-1.832850000E-6	-1.937170000E-6	4.381400000E+0	9.999717773E+3	1.336197000E+3
-1.586980000E-6	-1.750890000E-6	4.392800000E+0	9.999717773E+3	1.338669000E+3
-1.393270000E-6	-1.624230000E-6	4.403500000E+0	9.999717773E+3	1.340668000E+3
-1.132500000E-6	-1.408170000E-6	4.414500000E+0	9.999717773E+3	1.343129000E+3
-1.139950000E-6	-1.437970000E-6	4.425700000E+0	9.999717773E+3	1.345141000E+3
-7.227100000E-7	-1.326210000E-6	4.439500000E+0	9.999717773E+3	1.347935000E+3
-5.364450000E-7	-1.043090000E-6	4.450000000E+0	9.999717773E+3	1.349919000E+3
-5.140940000E-7	-9.536820000E-7	4.461700000E+0	9.999717773E+3	1.352516000E+3
-3.203770000E-7	-7.599630000E-7	4.473900000E+0	9.999717773E+3	1.354522000E+3
-4.321350000E-7	-5.736980000E-7	4.485000000E+0	9.999717773E+3	1.357262000E+3
-2.309690000E-7	-5.364450000E-7	4.496400000E+0	9.999717773E+3	1.359302000E+3
-1.490130000E-7	-3.278270000E-7	4.507800000E+0	9.999717773E+3	1.361684000E+3
-1.564630000E-7	-4.023330000E-7	4.519100000E+0	9.999717773E+3	1.363735000E+3
-4.470370000E-8	-5.215440000E-7	4.530400000E+0	9.999717773E+3	1.365781000E+3
-1.266610000E-7	-4.470370000E-7	4.541200000E+0	9.999717773E+3	1.368593000E+3
8.940740000E-8	-2.235180000E-7	4.551400000E+0	9.999717773E+3	1.370211000E+3
-5.215430000E-8	-2.235180000E-7	4.561600000E+0	9.999717773E+3	1.372271000E+3
9.685800000E-8	-2.905740000E-7	4.572000000E+0	9.999717773E+3	1.374212000E+3
2.980250000E-8	-2.384200000E-7	4.582200000E+0	9.999717773E+3	1.376989000E+3
8.940740000E-8	-1.862650000E-7	4.593500000E+0	9.999717773E+3	1.378777000E+3
3.725310000E-8	-6.705570000E-8	4.603700000E+0	9.999717773E+3	1.380857000E+3
3.725310000E-8	-2.980250000E-8	4.616900000E+0	9.999717773E+3	1.383247000E+3
7.450640000E-9	-1.490130000E-8	4.627800000E+0	9.999717773E+3	1.385654000E+3
5.960510000E-8	-8.195680000E-8	4.638600000E+0	9.999717773E+3	1.387648000E+3
1.490130000E-8	0.000000000E+0	4.650400000E+0	9.999717773E+3	1.390056000E+3
-1.490130000E-8	-5.960510000E-8	4.664300000E+0	9.999717773E+3	1.392900000E+3
1.564630000E-7	-1.937160000E-7	4.675700000E+0	9.999717773E+3	1.394979000E+3
3.725310000E-8	-1.490130000E-8	4.686100000E+0	9.999717773E+3	1.397440000E+3
1.713640000E-7	-2.011670000E-7	4.699000000E+0	9.999717773E+3	1.399826000E+3
5.960510000E-8	2.980250000E-8	4.709200000E+0	9.999717773E+3	1.401805000E+3
1.043090000E-7	0.000000000E+0	4.719900000E+0	9.999717773E+3	1.404174000E+3
8.940740000E-8	-2.235190000E-8	4.730400000E+0	9.999717773E+3	1.406355000E+3
2.384200000E-7	-6.705570000E-8	4.741100000E+0	9.999717773E+3	1.407966000E+3
9.685800000E-8	-1.266610000E-7	4.752300000E+0	9.999717773E+3	1.410302000E+3
5.215430000E-8	-5.960510000E-8	4.762700000E+0	9.999717773E+3	1.412697000E+3
1.341110000E-7	-5.215430000E-8	4.775600000E+0	9.999717773E+3	1.415108000E+3
2.011670000E-7	-2.235190000E-8	4.786700000E+0	9.999717773E+3	1.417108000E+3
2.235190000E-8	1.490130000E-8	4.797700000E+0	9.999717773E+3	1.419934000E+3
-1.490130000E-8	-3.725310000E-8	4.810600000E+0	9.999717773E+3	1.421721000E+3
1.490130000E-7	-4.470370000E-8	4.821000000E+0	9.999717773E+3	1.424040000E+3
1.043090000E-7	-1.490130000E-8	4.832200000E+0	9.999717773E+3	1.426634000E+3
4.470370000E-8	-1.490130000E-8	4.842700000E+0	9.999717773E+3	1.428975000E+3
1.192100000E-7	0.000000000E+0	4.853600000E+0	9.999717773E+3	1.430565000E+3
1.639140000E-7	-1.043090000E-7	4.864300000E+0	9.999717773E+3	1.432984000E+3
1.862650000E-7	-8.940740000E-8	4.875300000E+0	9.999717773E+3	1.435385000E+3
9.685800000E-8	-5.215430000E-8	4.887100000E+0	9.999717773E+3	1.437388000E+3
1.266610000E-7	4.470370000E-8	4.898100000E+0	9.999717773E+3	1.439001000E+3
4.470370000E-8	-2.980250000E-8	4.909800000E+0	9.999717773E+3	1.442180000E+3
1.117590000E-7	-1.341110000E-7	4.921700000E+0	9.999717773E+3	1.444323000E+3
-6.705570000E-8	-1.192100000E-7	4.933500000E+0	9.999717773E+3	1.446344000E+3
8.940740000E-8	-1.341110000E-7	4.944300000E+0	9.999717773E+3	1.448856000E+3
5.960510000E-8	-2.235190000E-8	4.955500000E+0	9.999717773E+3	1.451236000E+3
8.195680000E-8	-2.011670000E-7	4.966100000E+0	9.999717773E+3	1.453243000E+3
1.266610000E-7	-2.309690000E-7	4.978700000E+0	9.999717773E+3	1.455228000E+3
6.705570000E-8	-1.937160000E-7	4.989500000E+0	9.999717773E+3	1.458052000E+3
2.980250000E-8	-3.129260000E-7	5.001800000E+0	9.999717773E+3	1.460107000E+3
0.000000000E+0	-2.458710000E-7	5.014100000E+0	9.999717773E+3	1.462847000E+3
7.450640000E-9	-2.682230000E-7	5.025500000E+0	9.999717773E+3	1.464844000E+3
4.470370000E-8	-1.192100000E-7	5.036300000E+0	9.999717773E+3	1.467368000E+3
1.266610000E-7	-6.705570000E-8	5.048500000E+0	9.999717773E+3	1.469412000E+3
1.415620000E-7	-1.862650000E-7	5.060500000E+0	9.999717773E+3	1.472193000E+3
2.235180000E-7	-2.905740000E-7	5.071700000E+0	9.999717773E+3	1.474314000E+3
1.266610000E-7	-3.650800000E-7	5.084600000E+0	9.999717773E+3	1.477112000E+3
1.862650000E-7	-2.607720000E-7	5.096900000E+0	9.999717773E+3	1.478752000E+3
3.054760000E-7	-1.266610000E-7	5.107100000E+0	9.999717773E+3	1.481555000E+3
1.490130000E-7	-2.607720000E-7	5.117500000E+0	9.999717773E+3	1.483518000E+3
2.831240000E-7	-2.905740000E-7	5.127700000E+0	9.999717773E+3	1.485615000E+3
1.862650000E-7	-2.086170000E-7	5.140500000E+0	9.999717773E+3	1.487950000E+3
2.384200000E-7	-2.384200000E-7	5.152000000E+0	9.999717773E+3	1.490754000E+3
3.054760000E-7	-2.235180000E-7	5.166300000E+0	9.999717773E+3	1.493301000E+3
3.725310000E-7	-2.905740000E-7	5.176400000E+0	9.999717773E+3	1.495432000E+3
2.607720000E-7	-1.937160000E-7	5.187100000E+0	9.999717773E+3	1.497426000E+3
2.607720000E-7	-1.117590000E-7	5.199600000E+0	9.999717773E+3	1.499791000E+3
2.756730000E-7	-8.940740000E-8	5.212100000E+0	9.999717773E+3	1.502595000E+3
1.937160000E-7	-3.725310000E-8	5.223000000E+0	9.999717773E+3	1.504175000E+3
2.458710000E-7	-5.960510000E-8	5.233100000E+0	9.999717773E+3	1.506633000E+3
1.490130000E-7	-1.043090000E-7	5.244100000E+0	9.999717773E+3	1.508994000E+3
2.831240000E-7	-9.685800000E-8	5.254800000E+0	9.999717773E+3	1.510601000E+3
2.309690000E-7	-2.086170000E-7	5.265300000E+0	9.999717773E+3	1.513187000E+3
3.129260000E-7	-1.564630000E-7	5.276400000E+0	9.999717773E+3	1.515173000E+3
3.129260000E-7	-8.940740000E-8	5.287000000E+0	9.999717773E+3	1.517563000E+3
2.905740000E-7	-1.713640000E-7	5.299100000E+0	9.999717773E+3	1.519526000E+3
2.458710000E-7	-2.160680000E-7	5.309300000E+0	9.999717773E+3	1.522004000E+3
2.011670000E-7	-3.203770000E-7	5.320800000E+0	9.999717773E+3	1.523933000E+3
3.129260000E-7	-2.607720000E-7	5.331300000E+0	9.999717773E+3	1.526356000E+3
1.937160000E-7	-2.384200000E-7	5.342600000E+0	9.999717773E+3	1.528464000E+3
1.713640000E-7	-2.458710000E-7	5.354400000E+0	9.999717773E+3	1.530892000E+3
2.160680000E-7	-1.937160000E-7	5.365300000E+0	9.999717773E+3	1.533253000E+3
3.576300000E-7	-1.415620000E-7	5.375900000E+0	9.999717773E+3	1.535309000E+3
2.086170000E-7	-1.192100000E-7	5.385900000E+0	9.999717773E+3	1.536891000E+3
2.905740000E-7	-1.937160000E-7	5.396300000E+0	9.999717773E+3	1.539270000E+3
2.831240000E-7	-2.086170000E-7	5.408000000E+0	9.999717773E+3	1.541786000E+3
2.309690000E-7	-1.117590000E-7	5.420600000E+0	9.999717773E+3	1.544262000E+3
2.458710000E-7	-1.713640000E-7	5.431900000E+0	9.999717773E+3	1.546212000E+3
1.937160000E-7	-5.215430000E-8	5.443000000E+0	9.999717773E+3	1.548731000E+3
2.533220000E-7	-1.788150000E-7	5.454300000E+0	9.999717773E+3	1.551124000E+3
2.756730000E-7	-3.725310000E-8	5.466000000E+0	9.999717773E+3	1.553145000E+3
1.862650000E-7	-1.415620000E-7	5.478900000E+0	9.999717773E+3	1.555941000E+3
1.266610000E-7	-1.639140000E-7	5.491200000E+0	9.999717773E+3	1.558328000E+3
1.266610000E-7	-7.450640000E-9	5.502600000E+0	9.999717773E+3	1.561149000E+3
