20250522_HM462Hf2Nb3Ru_chiAC_vs_T_B_1.001.txt Thu, May 22, 2025 2:08:32 PM Gabe
Magnet: None
Trigger spacing of 0.010000 on column #3
Offsets:	0.000000000E+0	0.000000000E+0	0.000000000E+0	0.000000000E+0	0.000000000E+0

Scale Factors:	1.000000000E+0	1.000000000E+0	1.000000000E+0	1.000000000E+0	1.000000000E+0

1T
Lockin_V_001	Chan2_V_001	Temperature_001	Field_001	Timestamp_001
4.470370000E-8	5.960510000E-8	6.999900000E+0	9.999823242E+3	3.700000000E-2
8.195680000E-8	-3.725310000E-8	6.987800000E+0	9.999823242E+3	2.983100000E+1
9.685800000E-8	-5.960510000E-8	6.976400000E+0	9.999823242E+3	3.154600000E+1
8.195680000E-8	-2.235190000E-8	6.965300000E+0	9.999823242E+3	3.317900000E+1
6.705570000E-8	-2.235190000E-8	6.955200000E+0	9.999823242E+3	3.557100000E+1
9.685800000E-8	-6.705570000E-8	6.942400000E+0	9.999823242E+3	3.756200000E+1
5.215430000E-8	-1.341110000E-7	6.930100000E+0	9.999823242E+3	4.038500000E+1
1.266610000E-7	-8.940740000E-8	6.917900000E+0	9.999823242E+3	4.278600000E+1
9.685800000E-8	-6.705570000E-8	6.906400000E+0	9.999823242E+3	4.516600000E+1
3.725310000E-8	-1.341110000E-7	6.894600000E+0	9.999823242E+3	4.715300000E+1
-2.980250000E-8	-1.639140000E-7	6.882700000E+0	9.999823242E+3	4.996000000E+1
-5.960510000E-8	-1.639140000E-7	6.871900000E+0	9.999823242E+3	5.198100000E+1
-2.235190000E-8	-1.937160000E-7	6.859300000E+0	9.999823242E+3	5.439000000E+1
-3.725310000E-8	-2.160680000E-7	6.849000000E+0	9.999823242E+3	5.597200000E+1
-4.470370000E-8	-1.639140000E-7	6.837300000E+0	9.999823242E+3	5.885900000E+1
2.235190000E-8	-1.564630000E-7	6.826000000E+0	9.999823242E+3	6.117400000E+1
0.000000000E+0	-1.713640000E-7	6.814600000E+0	9.999823242E+3	6.361300000E+1
5.960510000E-8	-1.639140000E-7	6.803800000E+0	9.999823242E+3	6.519200000E+1
4.470370000E-8	-1.937160000E-7	6.791500000E+0	9.999823242E+3	6.798200000E+1
4.470370000E-8	-1.415620000E-7	6.780600000E+0	9.999823242E+3	7.003600000E+1
5.215430000E-8	-1.713640000E-7	6.769400000E+0	9.999823242E+3	7.238900000E+1
5.960510000E-8	-2.309690000E-7	6.757800000E+0	9.999823242E+3	7.482300000E+1
4.470370000E-8	-2.682230000E-7	6.747200000E+0	9.999823242E+3	7.643400000E+1
-2.235190000E-8	-2.682230000E-7	6.735500000E+0	9.999823242E+3	7.921700000E+1
-4.470370000E-8	-2.831240000E-7	6.724700000E+0	9.999823242E+3	8.118000000E+1
-1.117590000E-7	-3.352780000E-7	6.713600000E+0	9.999823242E+3	8.375800000E+1
-4.470370000E-8	-3.054760000E-7	6.703100000E+0	9.999823242E+3	8.534500000E+1
0.000000000E+0	-2.905740000E-7	6.689500000E+0	9.999823242E+3	8.824200000E+1
-4.470370000E-8	-2.905740000E-7	6.677800000E+0	9.999823242E+3	9.064100000E+1
-7.450630000E-8	-3.576300000E-7	6.666300000E+0	9.999823242E+3	9.320300000E+1
-2.980250000E-8	-3.278270000E-7	6.655100000E+0	9.999823242E+3	9.532800000E+1
5.960510000E-8	-2.831240000E-7	6.644800000E+0	9.999823242E+3	9.691600000E+1
-2.235190000E-8	-3.278270000E-7	6.632600000E+0	9.999823242E+3	9.936400000E+1
-7.450630000E-8	-3.650800000E-7	6.621200000E+0	9.999823242E+3	1.019540000E+2
-1.788150000E-7	-3.799810000E-7	6.610300000E+0	9.999823242E+3	1.046980000E+2
-1.341110000E-7	-3.129260000E-7	6.598200000E+0	9.999823242E+3	1.064880000E+2
-2.980250000E-8	-2.756730000E-7	6.587400000E+0	9.999823242E+3	1.083980000E+2
-8.195680000E-8	-2.607720000E-7	6.576600000E+0	9.999823242E+3	1.108050000E+2
1.490130000E-8	-1.937160000E-7	6.566500000E+0	9.999823242E+3	1.129530000E+2
-2.235190000E-8	-3.352780000E-7	6.555000000E+0	9.999823242E+3	1.153370000E+2
-1.117590000E-7	-3.203770000E-7	6.543300000E+0	9.999823242E+3	1.173250000E+2
-5.960510000E-8	-3.129260000E-7	6.531100000E+0	9.999823242E+3	1.203020000E+2
2.980250000E-8	-2.235180000E-7	6.519800000E+0	9.999823242E+3	1.225490000E+2
-4.470370000E-8	-3.203770000E-7	6.509500000E+0	9.999823242E+3	1.245330000E+2
-3.725310000E-8	-2.086170000E-7	6.499400000E+0	9.999823242E+3	1.263920000E+2
2.980250000E-8	-1.862650000E-7	6.486300000E+0	9.999823242E+3	1.291240000E+2
-2.235190000E-8	-1.862650000E-7	6.474400000E+0	9.999823242E+3	1.313450000E+2
-2.235190000E-8	-1.937160000E-7	6.464000000E+0	9.999823242E+3	1.333900000E+2
-1.713640000E-7	-3.278270000E-7	6.451900000E+0	9.999823242E+3	1.358890000E+2
-8.940740000E-8	-2.831240000E-7	6.441200000E+0	9.999823242E+3	1.376270000E+2
-4.470370000E-8	-2.086170000E-7	6.428600000E+0	9.999823242E+3	1.405600000E+2
-2.086170000E-7	-3.054760000E-7	6.418100000E+0	9.999823242E+3	1.426690000E+2
-1.415620000E-7	-3.129260000E-7	6.406700000E+0	9.999823242E+3	1.452280000E+2
-2.533220000E-7	-2.831240000E-7	6.395600000E+0	9.999823242E+3	1.468240000E+2
-2.607720000E-7	-3.501790000E-7	6.384800000E+0	9.999823242E+3	1.494820000E+2
-2.235180000E-7	-3.874320000E-7	6.374700000E+0	9.999823242E+3	1.514950000E+2
-2.980250000E-7	-3.576300000E-7	6.363400000E+0	9.999823242E+3	1.536340000E+2
-2.458710000E-7	-3.799810000E-7	6.353100000E+0	9.999823242E+3	1.553920000E+2
-1.862650000E-7	-3.278270000E-7	6.341800000E+0	9.999823242E+3	1.579470000E+2
-2.011670000E-7	-2.980250000E-7	6.331100000E+0	9.999823242E+3	1.600310000E+2
-4.321350000E-7	-3.725310000E-7	6.320400000E+0	9.999823242E+3	1.621890000E+2
-2.756730000E-7	-2.309690000E-7	6.307900000E+0	9.999823242E+3	1.649620000E+2
-2.756730000E-7	-2.756730000E-7	6.295900000E+0	9.999823242E+3	1.668360000E+2
-2.607720000E-7	-3.427290000E-7	6.285400000E+0	9.999823242E+3	1.690810000E+2
-2.905740000E-7	-3.725310000E-7	6.274000000E+0	9.999823242E+3	1.715020000E+2
-3.501790000E-7	-3.948830000E-7	6.259900000E+0	9.999823242E+3	1.744470000E+2
-2.980250000E-7	-3.799810000E-7	6.248000000E+0	9.999823242E+3	1.764850000E+2
-5.587970000E-7	-3.576300000E-7	6.236200000E+0	9.999823242E+3	1.787020000E+2
-5.736980000E-7	-3.874320000E-7	6.226000000E+0	9.999823242E+3	1.807120000E+2
-8.195680000E-7	-3.129260000E-7	6.215500000E+0	9.999823242E+3	1.833620000E+2
-5.364450000E-7	-3.203770000E-7	6.204800000E+0	9.999823242E+3	1.853760000E+2
-3.576300000E-7	-2.682230000E-7	6.194600000E+0	9.999823242E+3	1.871020000E+2
-4.917420000E-7	-2.980250000E-7	6.182600000E+0	9.999823242E+3	1.896310000E+2
-5.364450000E-7	-3.352780000E-7	6.171600000E+0	9.999823242E+3	1.921620000E+2
-5.438960000E-7	-3.203770000E-7	6.159400000E+0	9.999823242E+3	1.941680000E+2
-3.352780000E-7	-3.874320000E-7	6.148400000E+0	9.999823242E+3	1.961140000E+2
-5.587970000E-7	-3.576300000E-7	6.136800000E+0	9.999823242E+3	1.991570000E+2
-7.674130000E-7	-3.576300000E-7	6.124300000E+0	9.999823242E+3	2.015700000E+2
-6.109510000E-7	-3.725310000E-7	6.113600000E+0	9.999823242E+3	2.036870000E+2
-5.438960000E-7	-3.874320000E-7	6.102200000E+0	9.999823242E+3	2.056550000E+2
-7.152590000E-7	-3.725310000E-7	6.091600000E+0	9.999823242E+3	2.079680000E+2
-8.940730000E-7	-4.470370000E-7	6.081200000E+0	9.999823242E+3	2.103020000E+2
-7.376110000E-7	-4.470370000E-7	6.068600000E+0	9.999823242E+3	2.120610000E+2
-7.674130000E-7	-4.246850000E-7	6.056800000E+0	9.999823242E+3	2.145840000E+2
-7.003580000E-7	-3.427290000E-7	6.046300000E+0	9.999823242E+3	2.171130000E+2
-8.270180000E-7	-4.246850000E-7	6.035600000E+0	9.999823242E+3	2.192530000E+2
-8.270180000E-7	-3.278270000E-7	6.023600000E+0	9.999823242E+3	2.213970000E+2
-8.642710000E-7	-4.693880000E-7	6.012500000E+0	9.999823242E+3	2.233870000E+2
-9.909340000E-7	-3.576300000E-7	6.001600000E+0	9.999823242E+3	2.260340000E+2
-8.866230000E-7	-3.725310000E-7	5.991300000E+0	9.999823242E+3	2.283450000E+2
-9.089740000E-7	-3.278270000E-7	5.979400000E+0	9.999823242E+3	2.303170000E+2
-7.823150000E-7	-3.352780000E-7	5.969000000E+0	9.999823242E+3	2.324790000E+2
-7.897650000E-7	-4.544870000E-7	5.958500000E+0	9.999823242E+3	2.344890000E+2
-8.344690000E-7	-4.470370000E-7	5.947500000E+0	9.999823242E+3	2.367330000E+2
-9.834840000E-7	-4.768410000E-7	5.936500000E+0	9.999823242E+3	2.391920000E+2
-1.005840000E-6	-4.619380000E-7	5.921500000E+0	9.999823242E+3	2.414540000E+2
-1.057990000E-6	-4.172340000E-7	5.909900000E+0	9.999823242E+3	2.442210000E+2
-1.013290000E-6	-3.501790000E-7	5.898900000E+0	9.999823242E+3	2.463350000E+2
-1.110140000E-6	-3.799810000E-7	5.887700000E+0	9.999823242E+3	2.488940000E+2
-8.940730000E-7	-3.650800000E-7	5.876300000E+0	9.999823242E+3	2.506020000E+2
-6.333030000E-7	-4.097840000E-7	5.864700000E+0	9.999823242E+3	2.534550000E+2
-7.525120000E-7	-4.321350000E-7	5.852800000E+0	9.999823242E+3	2.556570000E+2
-7.674130000E-7	-4.842910000E-7	5.840900000E+0	9.999823242E+3	2.583490000E+2
-8.195680000E-7	-4.991930000E-7	5.830300000E+0	9.999823242E+3	2.599990000E+2
-1.050540000E-6	-5.289950000E-7	5.818900000E+0	9.999823242E+3	2.621220000E+2
-1.080340000E-6	-6.109510000E-7	5.808800000E+0	9.999823242E+3	2.646770000E+2
-9.983850000E-7	-6.854570000E-7	5.795600000E+0	9.999823242E+3	2.667250000E+2
-1.639140000E-7	-9.834840000E-7	5.784500000E+0	9.999823242E+3	2.695400000E+2
-3.501790000E-7	-1.132500000E-6	5.774400000E+0	9.999823242E+3	2.710050000E+2
-6.705560000E-7	-1.609330000E-6	5.762600000E+0	9.999823242E+3	2.740000000E+2
-1.125040000E-6	-1.974420000E-6	5.749300000E+0	9.999823242E+3	2.761880000E+2
-1.244250000E-6	-2.704580000E-6	5.738900000E+0	9.999823242E+3	2.782260000E+2
-1.475220000E-6	-3.352780000E-6	5.726700000E+0	9.999823242E+3	2.809260000E+2
-2.071280000E-6	-4.269210000E-6	5.715900000E+0	9.999823242E+3	2.834500000E+2
-2.160680000E-6	-4.939760000E-6	5.703700000E+0	9.999823242E+3	2.855920000E+2
-2.928090000E-6	-5.759330000E-6	5.693300000E+0	9.999823242E+3	2.873110000E+2
-3.784910000E-6	-6.787510000E-6	5.680700000E+0	9.999823242E+3	2.896670000E+2
-4.760950000E-6	-7.696510000E-6	5.670300000E+0	9.999823242E+3	2.920670000E+2
-6.347920000E-6	-8.873700000E-6	5.659300000E+0	9.999823242E+3	2.951170000E+2
-7.197290000E-6	-9.469750000E-6	5.646500000E+0	9.999823242E+3	2.968770000E+2
-9.000360000E-6	-1.039360000E-5	5.636400000E+0	9.999823242E+3	2.989970000E+2
-9.946580000E-6	-1.100460000E-5	5.625200000E+0	9.999823242E+3	3.013970000E+2
-1.174220000E-5	-1.151870000E-5	5.613700000E+0	9.999823242E+3	3.031760000E+2
-1.463300000E-5	-1.216690000E-5	5.602700000E+0	9.999823242E+3	3.056720000E+2
-1.594440000E-5	-1.214450000E-5	5.591400000E+0	9.999823242E+3	3.079750000E+2
-1.818700000E-5	-1.214450000E-5	5.579900000E+0	9.999823242E+3	3.103070000E+2
-1.960260000E-5	-1.215200000E-5	5.569700000E+0	9.999823242E+3	3.121950000E+2
-2.115230000E-5	-1.190610000E-5	5.559500000E+0	9.999823242E+3	3.138130000E+2
-2.378980000E-5	-1.163790000E-5	5.546800000E+0	9.999823242E+3	3.170030000E+2
-2.546620000E-5	-1.131750000E-5	5.535900000E+0	9.999823242E+3	3.189820000E+2
-2.711280000E-5	-1.104180000E-5	5.524000000E+0	9.999823242E+3	3.215110000E+2
-2.845390000E-5	-1.075870000E-5	5.513500000E+0	9.999823242E+3	3.229220000E+2
-3.024200000E-5	-1.013280000E-5	5.501300000E+0	9.999823242E+3	3.262370000E+2
-3.147890000E-5	-9.670910000E-6	5.488600000E+0	9.999823242E+3	3.285150000E+2
-3.320750000E-5	-9.201530000E-6	5.478100000E+0	9.999823242E+3	3.304610000E+2
-3.418350000E-5	-8.858800000E-6	5.467100000E+0	9.999823242E+3	3.329160000E+2
-3.536810000E-5	-8.449020000E-6	5.457000000E+0	9.999823242E+3	3.348640000E+2
-3.659000000E-5	-7.897670000E-6	5.446700000E+0	9.999823242E+3	3.373930000E+2
-3.728290000E-5	-7.733760000E-6	5.435600000E+0	9.999823242E+3	3.387440000E+2
-3.887740000E-5	-7.115330000E-6	5.424600000E+0	9.999823242E+3	3.416640000E+2
-3.965970000E-5	-6.839660000E-6	5.414100000E+0	9.999823242E+3	3.435910000E+2
-4.074750000E-5	-6.452230000E-6	5.400800000E+0	9.999823242E+3	3.460010000E+2
-4.166390000E-5	-6.131860000E-6	5.388900000E+0	9.999823242E+3	3.483260000E+2
-4.254300000E-5	-5.759330000E-6	5.377500000E+0	9.999823242E+3	3.503340000E+2
-4.339990000E-5	-5.364450000E-6	5.367000000E+0	9.999823242E+3	3.529400000E+2
-4.402570000E-5	-5.051520000E-6	5.355600000E+0	9.999823242E+3	3.551560000E+2
-4.465900000E-5	-4.775850000E-6	5.344200000E+0	9.999823242E+3	3.577370000E+2
-4.530720000E-5	-4.470380000E-6	5.333500000E+0	9.999823242E+3	3.594150000E+2
-4.611930000E-5	-4.284110000E-6	5.322300000E+0	9.999823242E+3	3.614100000E+2
-4.667070000E-5	-4.030790000E-6	5.311700000E+0	9.999823242E+3	3.642280000E+2
-4.722200000E-5	-3.740210000E-6	5.300800000E+0	9.999823242E+3	3.662580000E+2
-4.769880000E-5	-3.613550000E-6	5.290600000E+0	9.999823242E+3	3.681660000E+2
-4.813840000E-5	-3.352780000E-6	5.280000000E+0	9.999823242E+3	3.701890000E+2
-4.868230000E-5	-3.151610000E-6	5.269200000E+0	9.999823242E+3	3.725410000E+2
-4.908470000E-5	-2.920640000E-6	5.258200000E+0	9.999823242E+3	3.744800000E+2
-4.926350000E-5	-2.793980000E-6	5.247700000E+0	9.999823242E+3	3.766810000E+2
-4.971800000E-5	-2.570460000E-6	5.236900000E+0	9.999823242E+3	3.787670000E+2
-5.016500000E-5	-2.339500000E-6	5.225800000E+0	9.999823242E+3	3.813560000E+2
-5.034380000E-5	-2.242640000E-6	5.214800000E+0	9.999823242E+3	3.826270000E+2
-5.091010000E-5	-2.034020000E-6	5.203400000E+0	9.999823242E+3	3.855790000E+2
-5.112610000E-5	-1.937170000E-6	5.192900000E+0	9.999823242E+3	3.874230000E+2
-5.157320000E-5	-1.840300000E-6	5.182500000E+0	9.999823242E+3	3.899760000E+2
-5.178920000E-5	-1.728540000E-6	5.172300000E+0	9.999823242E+3	3.917100000E+2
-5.196800000E-5	-1.534830000E-6	5.160300000E+0	9.999823242E+3	3.937050000E+2
-5.218410000E-5	-1.460320000E-6	5.150300000E+0	9.999823242E+3	3.963540000E+2
-5.244490000E-5	-1.311310000E-6	5.138600000E+0	9.999823242E+3	3.985250000E+2
-5.278760000E-5	-1.385820000E-6	5.125600000E+0	9.999823242E+3	4.010660000E+2
-5.288450000E-5	-9.834840000E-7	5.113900000E+0	9.999823242E+3	4.033610000E+2
-5.301860000E-5	-9.164250000E-7	5.103700000E+0	9.999823242E+3	4.053300000E+2
-5.318990000E-5	-8.270180000E-7	5.093600000E+0	9.999823242E+3	4.077110000E+2
-5.338360000E-5	-7.450620000E-7	5.081500000E+0	9.999823242E+3	4.097260000E+2
-5.359230000E-5	-6.109510000E-7	5.069100000E+0	9.999823242E+3	4.126360000E+2
-5.368910000E-5	-5.587970000E-7	5.057900000E+0	9.999823242E+3	4.145390000E+2
-5.386790000E-5	-4.619380000E-7	5.047400000E+0	9.999823242E+3	4.165370000E+2
-5.410630000E-5	-4.768410000E-7	5.035900000E+0	9.999823242E+3	4.188810000E+2
-5.434480000E-5	-3.650800000E-7	5.025600000E+0	9.999823242E+3	4.213280000E+2
-5.448630000E-5	-2.607720000E-7	5.015100000E+0	9.999823242E+3	4.239210000E+2
-5.465770000E-5	-2.309690000E-7	5.002500000E+0	9.999823242E+3	4.251770000E+2
-5.497060000E-5	-1.415620000E-7	4.991200000E+0	9.999823242E+3	4.281220000E+2
-5.512710000E-5	-7.450630000E-8	4.980400000E+0	9.999823242E+3	4.304060000E+2
-5.506000000E-5	1.490130000E-8	4.969900000E+0	9.999823242E+3	4.320020000E+2
-5.517180000E-5	0.000000000E+0	4.958900000E+0	9.999823242E+3	4.342670000E+2
-5.523140000E-5	1.266610000E-7	4.948100000E+0	9.999823242E+3	4.362480000E+2
-5.532080000E-5	1.862650000E-7	4.936000000E+0	9.999823242E+3	4.391880000E+2
-5.556670000E-5	1.862650000E-7	4.922600000E+0	9.999823242E+3	4.414760000E+2
-5.567840000E-5	2.831240000E-7	4.911600000E+0	9.999823242E+3	4.440160000E+2
-5.573800000E-5	3.427290000E-7	4.901400000E+0	9.999823242E+3	4.459310000E+2
-5.596900000E-5	3.501790000E-7	4.886900000E+0	9.999823242E+3	4.488660000E+2
-5.596900000E-5	4.395860000E-7	4.874700000E+0	9.999823242E+3	4.508240000E+2
-5.608080000E-5	4.470370000E-7	4.863700000E+0	9.999823242E+3	4.536010000E+2
-5.611060000E-5	4.991930000E-7	4.851400000E+0	9.999823242E+3	4.556400000E+2
-5.620000000E-5	4.693880000E-7	4.841200000E+0	9.999823242E+3	4.584050000E+2
-5.622230000E-5	5.289950000E-7	4.830000000E+0	9.999823242E+3	4.603170000E+2
-5.633410000E-5	6.035010000E-7	4.817900000E+0	9.999823242E+3	4.628490000E+2
-5.643840000E-5	6.407540000E-7	4.807400000E+0	9.999823242E+3	4.646660000E+2
-5.657990000E-5	6.929080000E-7	4.797100000E+0	9.999823242E+3	4.667300000E+2
-5.650540000E-5	7.152590000E-7	4.786400000E+0	9.999823242E+3	4.687910000E+2
-5.669170000E-5	6.631050000E-7	4.774200000E+0	9.999823242E+3	4.714560000E+2
-5.668430000E-5	7.525120000E-7	4.763100000E+0	9.999823242E+3	4.729390000E+2
-5.672900000E-5	8.046660000E-7	4.753000000E+0	9.999823242E+3	4.757800000E+2
-5.689290000E-5	6.780060000E-7	4.742100000E+0	9.999823242E+3	4.778590000E+2
-5.684070000E-5	8.121170000E-7	4.729800000E+0	9.999823242E+3	4.803090000E+2
-5.695990000E-5	8.717220000E-7	4.718400000E+0	9.999823242E+3	4.824590000E+2
-5.708660000E-5	7.823150000E-7	4.708000000E+0	9.999823242E+3	4.844090000E+2
-5.715360000E-5	8.642710000E-7	4.696200000E+0	9.999823242E+3	4.872380000E+2
-5.722070000E-5	7.525120000E-7	4.683900000E+0	9.999823242E+3	4.892390000E+2
-5.715360000E-5	8.717220000E-7	4.673800000E+0	9.999823242E+3	4.912410000E+2
-5.719830000E-5	9.834840000E-7	4.662300000E+0	9.999823242E+3	4.940260000E+2
-5.717600000E-5	9.909340000E-7	4.652000000E+0	9.999823242E+3	4.955110000E+2
-5.731750000E-5	9.313260000E-7	4.641700000E+0	9.999823242E+3	4.982690000E+2
-5.730260000E-5	9.387770000E-7	4.631100000E+0	9.999823242E+3	4.998830000E+2
-5.734740000E-5	9.536820000E-7	4.620500000E+0	9.999823242E+3	5.024650000E+2
-5.736970000E-5	1.013290000E-6	4.609500000E+0	9.999823242E+3	5.041180000E+2
-5.750380000E-5	9.760330000E-7	4.596500000E+0	9.999823242E+3	5.071070000E+2
-5.757090000E-5	9.983850000E-7	4.586000000E+0	9.999823242E+3	5.093470000E+2
-5.760070000E-5	1.035640000E-6	4.575200000E+0	9.999823242E+3	5.109650000E+2
-5.758580000E-5	1.057990000E-6	4.563600000E+0	9.999823242E+3	5.138620000E+2
-5.763790000E-5	1.139950000E-6	4.552700000E+0	9.999823242E+3	5.157870000E+2
-5.760810000E-5	1.177200000E-6	4.542600000E+0	9.999823242E+3	5.172150000E+2
-5.772730000E-5	1.162300000E-6	4.531000000E+0	9.999823242E+3	5.199890000E+2
-5.773480000E-5	1.169750000E-6	4.520800000E+0	9.999823242E+3	5.220000000E+2
-5.777200000E-5	1.207000000E-6	4.509600000E+0	9.999823242E+3	5.245260000E+2
-5.786140000E-5	1.199550000E-6	4.498600000E+0	9.999823242E+3	5.264030000E+2
-5.783160000E-5	1.192100000E-6	4.487800000E+0	9.999823242E+3	5.284450000E+2
-5.788380000E-5	1.266610000E-6	4.475300000E+0	9.999823242E+3	5.314760000E+2
-5.786890000E-5	1.244250000E-6	4.463900000E+0	9.999823242E+3	5.332400000E+2
-5.801790000E-5	1.199550000E-6	4.453300000E+0	9.999823242E+3	5.355980000E+2
-5.798810000E-5	1.192100000E-6	4.442300000E+0	9.999823242E+3	5.379760000E+2
-5.801790000E-5	1.207000000E-6	4.428000000E+0	9.999823242E+3	5.400580000E+2
-5.805520000E-5	1.236800000E-6	4.417100000E+0	9.999823242E+3	5.429990000E+2
-5.812970000E-5	1.266610000E-6	4.404500000E+0	9.999823242E+3	5.454530000E+2
-5.797320000E-5	1.400720000E-6	4.393900000E+0	9.999823242E+3	5.477150000E+2
-5.798810000E-5	1.445420000E-6	4.383600000E+0	9.999823242E+3	5.492450000E+2
-5.803280000E-5	1.400720000E-6	4.372100000E+0	9.999823242E+3	5.520870000E+2
-5.810730000E-5	1.266610000E-6	4.361600000E+0	9.999823242E+3	5.540560000E+2
-5.815200000E-5	1.110140000E-6	4.351000000E+0	9.999823242E+3	5.561420000E+2
-5.808500000E-5	1.139950000E-6	4.340800000E+0	9.999823242E+3	5.574700000E+2
-5.810730000E-5	1.266610000E-6	4.330400000E+0	9.999823242E+3	5.604110000E+2
-5.812970000E-5	1.348560000E-6	4.318700000E+0	9.999823242E+3	5.622710000E+2
-5.821160000E-5	1.482670000E-6	4.305900000E+0	9.999823242E+3	5.651860000E+2
-5.827870000E-5	1.408170000E-6	4.292800000E+0	9.999823242E+3	5.675950000E+2
-5.839790000E-5	1.408170000E-6	4.281100000E+0	9.999823242E+3	5.701050000E+2
-5.836810000E-5	1.393270000E-6	4.269100000E+0	9.999823242E+3	5.720330000E+2
-5.842020000E-5	1.303860000E-6	4.256700000E+0	9.999823242E+3	5.749880000E+2
-5.845000000E-5	1.311310000E-6	4.244800000E+0	9.999823242E+3	5.769300000E+2
-5.850220000E-5	1.326210000E-6	4.234400000E+0	9.999823242E+3	5.791880000E+2
-5.863630000E-5	1.132500000E-6	4.221400000E+0	9.999823242E+3	5.818080000E+2
-5.871080000E-5	1.013290000E-6	4.210000000E+0	9.999823242E+3	5.847190000E+2
-5.865870000E-5	9.834840000E-7	4.198000000E+0	9.999823242E+3	5.865460000E+2
-5.857670000E-5	1.139950000E-6	4.185600000E+0	9.999823242E+3	5.886100000E+2
-5.852450000E-5	1.341110000E-6	4.172200000E+0	9.999823242E+3	5.919270000E+2
-5.868100000E-5	1.214450000E-6	4.160100000E+0	9.999823242E+3	5.944990000E+2
-5.871080000E-5	1.169750000E-6	4.148100000E+0	9.999823242E+3	5.962750000E+2
-5.868850000E-5	1.266610000E-6	4.134600000E+0	9.999823242E+3	5.992460000E+2
-5.884490000E-5	1.050540000E-6	4.123100000E+0	9.999823242E+3	6.015910000E+2
-5.877040000E-5	1.125040000E-6	4.109200000E+0	9.999823242E+3	6.043870000E+2
-5.874060000E-5	1.214450000E-6	4.097600000E+0	9.999823242E+3	6.064440000E+2
-5.866610000E-5	1.475220000E-6	4.086700000E+0	9.999823242E+3	6.089920000E+2
-5.860650000E-5	1.572080000E-6	4.076500000E+0	9.999823242E+3	6.112560000E+2
-5.863630000E-5	1.601880000E-6	4.063600000E+0	9.999823242E+3	6.132620000E+2
-5.870340000E-5	1.557180000E-6	4.053400000E+0	9.999823242E+3	6.152570000E+2
-5.865120000E-5	1.624230000E-6	4.043000000E+0	9.999823242E+3	6.180040000E+2
-5.865870000E-5	1.691290000E-6	4.032500000E+0	9.999823242E+3	6.194490000E+2
-5.870340000E-5	1.646590000E-6	4.021500000E+0	9.999823242E+3	6.218850000E+2
-5.877790000E-5	1.683840000E-6	4.010600000E+0	9.999823242E+3	6.242660000E+2
-5.877790000E-5	1.616780000E-6	3.999800000E+0	9.999823242E+3	6.258480000E+2
-5.883750000E-5	1.624230000E-6	3.988000000E+0	9.999823242E+3	6.286560000E+2
-5.880020000E-5	1.698740000E-6	3.976600000E+0	9.999823242E+3	6.310580000E+2
-5.882260000E-5	1.639140000E-6	3.966000000E+0	9.999823242E+3	6.326570000E+2
-5.884490000E-5	1.609330000E-6	3.953900000E+0	9.999823242E+3	6.354990000E+2
-5.891940000E-5	1.631680000E-6	3.941600000E+0	9.999823242E+3	6.379260000E+2
-5.894180000E-5	1.579530000E-6	3.930100000E+0	9.999823242E+3	6.398260000E+2
-5.891200000E-5	1.624230000E-6	3.919200000E+0	9.999823242E+3	6.429150000E+2
-5.894920000E-5	1.586980000E-6	3.907500000E+0	9.999823242E+3	6.442920000E+2
-5.903860000E-5	1.646590000E-6	3.894100000E+0	9.999823242E+3	6.471860000E+2
-5.902370000E-5	1.601880000E-6	3.881400000E+0	9.999823242E+3	6.501720000E+2
-5.902370000E-5	1.616780000E-6	3.868800000E+0	9.999823242E+3	6.519790000E+2
-5.909080000E-5	1.452870000E-6	3.857200000E+0	9.999823242E+3	6.549680000E+2
-5.913550000E-5	1.497570000E-6	3.843600000E+0	9.999823242E+3	6.569230000E+2
-5.918020000E-5	1.534830000E-6	3.832800000E+0	9.999823242E+3	6.599950000E+2
-5.912800000E-5	1.639140000E-6	3.822600000E+0	9.999823242E+3	6.617280000E+2
-5.910570000E-5	1.646590000E-6	3.809800000E+0	9.999823242E+3	6.641140000E+2
-5.915780000E-5	1.505020000E-6	3.797300000E+0	9.999823242E+3	6.670800000E+2
-5.911310000E-5	1.601880000E-6	3.787100000E+0	9.999823242E+3	6.689160000E+2
-5.915040000E-5	1.579530000E-6	3.775600000E+0	9.999823242E+3	6.709590000E+2
-5.938140000E-5	1.363460000E-6	3.764600000E+0	9.999823242E+3	6.739910000E+2
-5.937390000E-5	1.341110000E-6	3.753700000E+0	9.999823242E+3	6.751700000E+2
-5.938880000E-5	1.274060000E-6	3.743400000E+0	9.999823242E+3	6.777190000E+2
-5.938140000E-5	1.251700000E-6	3.732000000E+0	9.999823242E+3	6.798400000E+2
-5.945590000E-5	1.326210000E-6	3.721800000E+0	9.999823242E+3	6.819900000E+2
-5.938880000E-5	1.385820000E-6	3.707800000E+0	9.999823242E+3	6.845300000E+2
-5.938140000E-5	1.378360000E-6	3.697100000E+0	9.999823242E+3	6.870880000E+2
-5.928450000E-5	1.467770000E-6	3.686600000E+0	9.999823242E+3	6.888330000E+2
-5.928450000E-5	1.601880000E-6	3.674200000E+0	9.999823242E+3	6.913570000E+2
-5.928450000E-5	1.549730000E-6	3.663000000E+0	9.999823242E+3	6.937080000E+2
-5.928450000E-5	1.624230000E-6	3.650800000E+0	9.999823242E+3	6.955850000E+2
-5.938880000E-5	1.564630000E-6	3.638900000E+0	9.999823242E+3	6.985010000E+2
-5.940370000E-5	1.527380000E-6	3.628600000E+0	9.999823242E+3	7.004970000E+2
-5.942610000E-5	1.475220000E-6	3.618300000E+0	9.999823242E+3	7.023550000E+2
-5.933670000E-5	1.639140000E-6	3.605400000E+0	9.999823242E+3	7.055780000E+2
-5.930690000E-5	1.654040000E-6	3.593000000E+0	9.999823242E+3	7.076910000E+2
-5.937390000E-5	1.706190000E-6	3.581800000E+0	9.999823242E+3	7.107760000E+2
-5.933670000E-5	1.698740000E-6	3.570000000E+0	9.999823242E+3	7.129370000E+2
-5.932180000E-5	1.743440000E-6	3.559800000E+0	9.999823242E+3	7.150510000E+2
-5.934410000E-5	1.817950000E-6	3.548600000E+0	9.999823242E+3	7.171630000E+2
-5.937390000E-5	1.832850000E-6	3.534900000E+0	9.999823242E+3	7.202560000E+2
-5.935160000E-5	1.773250000E-6	3.524800000E+0	9.999823242E+3	7.223770000E+2
-5.943350000E-5	1.825400000E-6	3.506600000E+0	9.999823242E+3	7.254260000E+2
-5.936650000E-5	1.877550000E-6	3.493700000E+0	9.999823242E+3	7.290340000E+2
-5.940370000E-5	1.877550000E-6	3.483000000E+0	9.999823242E+3	7.311640000E+2
-5.941120000E-5	1.870100000E-6	3.472600000E+0	9.999823242E+3	7.333160000E+2
-5.935900000E-5	1.870100000E-6	3.453700000E+0	9.999823242E+3	7.365140000E+2
-5.942610000E-5	1.832850000E-6	3.441900000E+0	9.999823242E+3	7.402440000E+2
-5.955270000E-5	1.765790000E-6	3.429000000E+0	9.999823242E+3	7.423800000E+2
-5.941860000E-5	1.765790000E-6	3.416900000E+0	9.999823242E+3	7.456260000E+2
-5.943350000E-5	1.795600000E-6	3.403100000E+0	9.999823242E+3	7.477000000E+2
-5.947820000E-5	1.683840000E-6	3.392500000E+0	9.999823242E+3	7.508260000E+2
-5.955270000E-5	1.721090000E-6	3.379700000E+0	9.999823242E+3	7.529020000E+2
-5.947080000E-5	1.758340000E-6	3.365300000E+0	9.999823242E+3	7.561320000E+2
-5.951550000E-5	1.668940000E-6	3.352800000E+0	9.999823242E+3	7.582780000E+2
-5.956020000E-5	1.683840000E-6	3.340500000E+0	9.999823242E+3	7.613520000E+2
-5.957510000E-5	1.721090000E-6	3.328600000E+0	9.999823242E+3	7.634400000E+2
-5.947080000E-5	1.773250000E-6	3.317000000E+0	9.999823242E+3	7.666180000E+2
-5.944840000E-5	1.810500000E-6	3.303100000E+0	9.999823242E+3	7.687570000E+2
-5.950800000E-5	1.795600000E-6	3.292800000E+0	9.999823242E+3	7.720910000E+2
-5.947820000E-5	1.758340000E-6	3.275300000E+0	9.999823242E+3	7.744920000E+2
-5.954530000E-5	1.765790000E-6	3.262300000E+0	9.999823242E+3	7.782250000E+2
-5.953040000E-5	1.788150000E-6	3.247300000E+0	9.999823242E+3	7.803620000E+2
-5.959740000E-5	1.698740000E-6	3.233700000E+0	9.999823242E+3	7.840050000E+2
-5.956760000E-5	1.668940000E-6	3.220500000E+0	9.999823242E+3	7.860950000E+2
-5.950800000E-5	1.683840000E-6	3.207200000E+0	9.999823242E+3	7.893320000E+2
-5.950800000E-5	1.676390000E-6	3.196500000E+0	9.999823242E+3	7.914190000E+2
-5.947820000E-5	1.698740000E-6	3.185300000E+0	9.999823242E+3	7.940770000E+2
-5.948570000E-5	1.706190000E-6	3.172800000E+0	9.999823242E+3	7.962260000E+2
-5.947820000E-5	1.631680000E-6	3.158200000E+0	9.999823242E+3	7.998300000E+2
-5.956020000E-5	1.601880000E-6	3.140600000E+0	9.999823242E+3	8.030270000E+2
-5.956760000E-5	1.668940000E-6	3.127800000E+0	9.999823242E+3	8.063050000E+2
-5.960490000E-5	1.683840000E-6	3.114400000E+0	9.999823242E+3	8.083620000E+2
-5.960490000E-5	1.698740000E-6	3.097900000E+0	9.999823242E+3	8.121190000E+2
-5.967940000E-5	1.631680000E-6	3.085200000E+0	9.999823242E+3	8.153040000E+2
-5.967940000E-5	1.668940000E-6	3.073500000E+0	9.999823242E+3	8.174310000E+2
-5.960490000E-5	1.698740000E-6	3.063200000E+0	9.999823242E+3	8.195810000E+2
-5.973150000E-5	1.654040000E-6	3.047800000E+0	9.999823242E+3	8.227820000E+2
-5.959000000E-5	1.698740000E-6	3.037000000E+0	9.999823242E+3	8.253100000E+2
-5.968680000E-5	1.601880000E-6	3.023600000E+0	9.999823242E+3	8.279660000E+2
-5.962720000E-5	1.735990000E-6	3.012200000E+0	9.999823242E+3	8.301030000E+2
-5.970170000E-5	1.795600000E-6	2.999700000E+0	9.999823242E+3	8.333020000E+2
-5.970920000E-5	1.646590000E-6	2.987700000E+0	9.999823242E+3	8.354310000E+2
-5.979110000E-5	1.668940000E-6	2.972600000E+0	9.999823242E+3	8.386350000E+2
-5.974640000E-5	1.639140000E-6	2.959600000E+0	9.999823242E+3	8.422210000E+2
-5.986560000E-5	1.460320000E-6	2.942400000E+0	9.999823242E+3	8.443670000E+2
-5.979110000E-5	1.586980000E-6	2.931600000E+0	9.999823242E+3	8.476080000E+2
-5.983580000E-5	1.542280000E-6	2.918400000E+0	9.999823242E+3	8.497790000E+2
-5.985820000E-5	1.601880000E-6	2.903900000E+0	9.999823242E+3	8.534650000E+2
-5.983580000E-5	1.609330000E-6	2.892700000E+0	9.999823242E+3	8.555700000E+2
-5.985070000E-5	1.646590000E-6	2.880300000E+0	9.999823242E+3	8.581710000E+2
-5.988800000E-5	1.594430000E-6	2.869500000E+0	9.999823242E+3	8.614420000E+2
-5.983580000E-5	1.631680000E-6	2.855600000E+0	9.999823242E+3	8.629590000E+2
-5.986560000E-5	1.557180000E-6	2.844500000E+0	9.999823242E+3	8.661500000E+2
-5.985820000E-5	1.609330000E-6	2.832600000E+0	9.999823242E+3	8.682390000E+2
-5.984330000E-5	1.616780000E-6	2.819900000E+0	9.999823242E+3	8.704070000E+2
-5.991780000E-5	1.490120000E-6	2.808500000E+0	9.999823242E+3	8.736060000E+2
-5.988800000E-5	1.579530000E-6	2.795900000E+0	9.999823242E+3	8.758010000E+2
-5.985820000E-5	1.586980000E-6	2.778700000E+0	9.999823242E+3	8.790160000E+2
-5.985820000E-5	1.639140000E-6	2.760900000E+0	9.999823242E+3	8.832320000E+2
-5.979110000E-5	1.646590000E-6	2.750400000E+0	9.999823242E+3	8.857770000E+2
-5.981350000E-5	1.691290000E-6	2.739900000E+0	9.999823242E+3	8.878820000E+2
-5.975390000E-5	1.661490000E-6	2.728800000E+0	9.999823242E+3	8.900520000E+2
-5.985070000E-5	1.698740000E-6	2.717900000E+0	9.999823242E+3	8.926740000E+2
-5.973900000E-5	1.713640000E-6	2.706800000E+0	9.999823242E+3	8.948510000E+2
-5.966450000E-5	1.728540000E-6	2.695900000E+0	9.999823242E+3	8.969810000E+2
-5.968680000E-5	1.773250000E-6	2.682200000E+0	9.999823242E+3	9.005890000E+2
-5.979110000E-5	1.691290000E-6	2.666600000E+0	9.999823242E+3	9.027030000E+2
-5.979110000E-5	1.735990000E-6	2.655700000E+0	9.999823242E+3	9.059010000E+2
-5.979860000E-5	1.668940000E-6	2.642400000E+0	9.999823242E+3	9.080010000E+2
-5.972410000E-5	1.676390000E-6	2.629400000E+0	9.999823242E+3	9.112120000E+2
-5.979110000E-5	1.713640000E-6	2.618400000E+0	9.999823242E+3	9.139490000E+2
-5.979110000E-5	1.728540000E-6	2.604200000E+0	9.999823242E+3	9.160110000E+2
-5.976130000E-5	1.758340000E-6	2.593300000E+0	9.999823242E+3	9.192010000E+2
-5.979110000E-5	1.750890000E-6	2.579500000E+0	9.999823242E+3	9.213520000E+2
-5.979110000E-5	1.721090000E-6	2.565900000E+0	9.999823242E+3	9.245380000E+2
-5.984330000E-5	1.706190000E-6	2.554100000E+0	9.999823242E+3	9.267000000E+2
-5.985820000E-5	1.683840000E-6	2.539900000E+0	9.999823242E+3	9.298330000E+2
-5.979860000E-5	1.758340000E-6	2.529600000E+0	9.999823242E+3	9.330510000E+2
-5.988800000E-5	1.683840000E-6	2.511400000E+0	9.999823242E+3	9.350900000E+2
-5.986560000E-5	1.654040000E-6	2.499100000E+0	9.999823242E+3	9.385670000E+2
-5.985820000E-5	1.691290000E-6	2.488200000E+0	9.999823242E+3	9.416360000E+2
-5.993270000E-5	1.639140000E-6	2.470400000E+0	9.999823242E+3	9.437800000E+2
-5.986560000E-5	1.773250000E-6	2.455400000E+0	9.999823242E+3	9.473460000E+2
-5.988050000E-5	1.661490000E-6	2.436100000E+0	9.999823242E+3	9.516550000E+2
-5.991780000E-5	1.631680000E-6	2.424700000E+0	9.999823242E+3	9.538210000E+2
-5.991040000E-5	1.706190000E-6	2.410700000E+0	9.999823242E+3	9.569650000E+2
-5.993270000E-5	1.758340000E-6	2.400400000E+0	9.999823242E+3	9.591340000E+2
-5.991780000E-5	1.825400000E-6	2.386700000E+0	9.999823242E+3	9.623080000E+2
-5.990290000E-5	1.780700000E-6	2.374900000E+0	9.999823242E+3	9.644250000E+2
-5.991780000E-5	1.586980000E-6	2.361000000E+0	9.999823242E+3	9.676360000E+2
-5.997740000E-5	1.497570000E-6	2.348900000E+0	9.999823242E+3	9.697660000E+2
-6.000720000E-5	1.586980000E-6	2.338500000E+0	9.999823242E+3	9.723070000E+2
-5.994760000E-5	1.601880000E-6	2.328000000E+0	9.999823242E+3	9.750120000E+2
-5.994020000E-5	1.579530000E-6	2.310600000E+0	9.999823242E+3	9.774990000E+2
-5.991040000E-5	1.847750000E-6	2.293600000E+0	9.999823242E+3	9.812250000E+2
-6.004450000E-5	1.899910000E-6	2.276200000E+0	9.999823242E+3	9.854150000E+2
-6.005940000E-5	1.773250000E-6	2.265200000E+0	9.999823242E+3	9.875600000E+2
-6.002960000E-5	1.907360000E-6	2.251400000E+0	9.999823242E+3	9.906760000E+2
-5.999980000E-5	1.721090000E-6	2.241000000E+0	9.999823242E+3	9.928570000E+2
-6.014880000E-5	1.311310000E-6	2.230600000E+0	9.999823242E+3	9.949670000E+2
-6.026050000E-5	1.311310000E-6	2.217400000E+0	9.999823242E+3	9.981610000E+2
-6.026050000E-5	1.259160000E-6	2.206100000E+0	9.999823242E+3	1.000321000E+3
-6.008920000E-5	1.579530000E-6	2.194600000E+0	9.999823242E+3	1.002412000E+3
-6.022330000E-5	1.385820000E-6	2.182500000E+0	9.999823242E+3	1.005626000E+3
-6.022330000E-5	1.393270000E-6	2.168300000E+0	9.999823242E+3	1.007773000E+3
-6.023820000E-5	1.393270000E-6	2.154900000E+0	9.999823242E+3	1.010977000E+3
-6.023820000E-5	1.363460000E-6	2.144600000E+0	9.999823242E+3	1.013154000E+3
-6.014130000E-5	1.497570000E-6	2.132600000E+0	9.999823242E+3	1.015612000E+3
-6.010410000E-5	1.631680000E-6	2.122600000E+0	9.999823242E+3	1.017746000E+3
-6.018600000E-5	1.519930000E-6	2.104900000E+0	9.999823242E+3	1.020962000E+3
-6.002960000E-5	1.706190000E-6	2.092800000E+0	9.999823242E+3	1.024030000E+3
-6.008170000E-5	1.721090000E-6	2.082100000E+0	9.999823242E+3	1.026164000E+3
-6.001470000E-5	1.624230000E-6	2.070200000E+0	9.999823242E+3	1.028831000E+3
-6.006680000E-5	1.832850000E-6	2.060100000E+0	9.999823242E+3	1.030990000E+3
-6.008920000E-5	1.855200000E-6	2.047300000E+0	9.999823242E+3	1.033499000E+3
-6.008920000E-5	1.773250000E-6	2.036200000E+0	9.999823242E+3	1.036704000E+3
-6.009660000E-5	1.840300000E-6	2.020800000E+0	9.999823242E+3	1.038889000E+3
-6.004450000E-5	2.011670000E-6	2.009900000E+0	9.999823242E+3	1.042030000E+3
-6.013390000E-5	1.966970000E-6	1.996500000E+0	9.999823242E+3	1.044183000E+3
-6.034250000E-5	1.534830000E-6	2.009200000E+0	9.999823242E+3	1.170248000E+3
-6.043930000E-5	1.393270000E-6	2.020500000E+0	9.999823242E+3	1.172200000E+3
-6.026800000E-5	1.549730000E-6	2.032100000E+0	9.999823242E+3	1.174596000E+3
-6.012640000E-5	1.743440000E-6	2.043000000E+0	9.999823242E+3	1.177045000E+3
-6.017860000E-5	1.750890000E-6	2.053700000E+0	9.999823242E+3	1.178988000E+3
-6.014880000E-5	1.832850000E-6	2.064100000E+0	9.999823242E+3	1.181052000E+3
-6.011150000E-5	1.870100000E-6	2.074100000E+0	9.999823242E+3	1.183006000E+3
-6.013390000E-5	1.825400000E-6	2.085500000E+0	9.999823242E+3	1.185555000E+3
-6.016370000E-5	1.832850000E-6	2.096500000E+0	9.999823242E+3	1.187546000E+3
-6.016370000E-5	1.631680000E-6	2.108000000E+0	9.999823242E+3	1.189844000E+3
-6.017110000E-5	1.668940000E-6	2.120200000E+0	9.999823242E+3	1.192312000E+3
-6.019350000E-5	1.728540000E-6	2.131500000E+0	9.999823242E+3	1.194421000E+3
-6.036480000E-5	1.341110000E-6	2.143000000E+0	9.999823242E+3	1.196853000E+3
-6.053620000E-5	1.199550000E-6	2.153000000E+0	9.999823242E+3	1.199196000E+3
-6.043930000E-5	1.266610000E-6	2.163700000E+0	9.999823242E+3	1.201070000E+3
-6.037970000E-5	1.437970000E-6	2.174700000E+0	9.999823242E+3	1.203002000E+3
-6.034250000E-5	1.318760000E-6	2.185300000E+0	9.999823242E+3	1.205675000E+3
-6.011150000E-5	1.907360000E-6	2.196500000E+0	9.999823242E+3	1.207687000E+3
-5.998490000E-5	1.899910000E-6	2.208100000E+0	9.999823242E+3	1.210067000E+3
-6.002210000E-5	1.952070000E-6	2.219200000E+0	9.999823242E+3	1.212104000E+3
-5.997000000E-5	1.966970000E-6	2.229900000E+0	9.999823242E+3	1.214842000E+3
-5.994760000E-5	1.981870000E-6	2.243000000E+0	9.999823242E+3	1.216740000E+3
-5.994760000E-5	1.952070000E-6	2.253900000E+0	9.999823242E+3	1.219310000E+3
-5.991780000E-5	2.019120000E-6	2.264200000E+0	9.999823242E+3	1.221012000E+3
-5.997740000E-5	1.929710000E-6	2.275100000E+0	9.999823242E+3	1.223836000E+3
-6.002960000E-5	1.907360000E-6	2.285600000E+0	9.999823242E+3	1.225441000E+3
-6.043930000E-5	1.072890000E-6	2.298300000E+0	9.999823242E+3	1.227945000E+3
-6.043930000E-5	1.169750000E-6	2.308600000E+0	9.999823242E+3	1.230328000E+3
-6.034250000E-5	1.192100000E-6	2.319100000E+0	9.999823242E+3	1.232189000E+3
-6.021580000E-5	1.214450000E-6	2.330900000E+0	9.999823242E+3	1.234206000E+3
-5.998490000E-5	1.877550000E-6	2.346600000E+0	9.999823242E+3	1.237622000E+3
-5.997000000E-5	1.966970000E-6	2.359500000E+0	9.999823242E+3	1.240475000E+3
-6.004450000E-5	1.959520000E-6	2.370600000E+0	9.999823242E+3	1.242444000E+3
-6.004450000E-5	1.944620000E-6	2.383800000E+0	9.999823242E+3	1.245032000E+3
-5.998490000E-5	1.937170000E-6	2.394300000E+0	9.999823242E+3	1.247413000E+3
-6.043190000E-5	1.154850000E-6	2.405400000E+0	9.999823242E+3	1.249556000E+3
-6.043930000E-5	1.065440000E-6	2.416000000E+0	9.999823242E+3	1.251173000E+3
-6.041700000E-5	1.087790000E-6	2.428400000E+0	9.999823242E+3	1.253923000E+3
-6.024560000E-5	1.184650000E-6	2.438900000E+0	9.999823242E+3	1.256201000E+3
-6.026800000E-5	1.154850000E-6	2.449100000E+0	9.999823242E+3	1.258179000E+3
-6.003700000E-5	1.698740000E-6	2.461600000E+0	9.999823242E+3	1.260791000E+3
-6.004450000E-5	1.870100000E-6	2.473300000E+0	9.999823242E+3	1.263103000E+3
-6.000720000E-5	1.922260000E-6	2.483900000E+0	9.999823242E+3	1.265122000E+3
-6.013390000E-5	1.661490000E-6	2.494600000E+0	9.999823242E+3	1.267250000E+3
-6.014130000E-5	1.423070000E-6	2.506200000E+0	9.999823242E+3	1.269658000E+3
-6.034990000E-5	1.274060000E-6	2.516600000E+0	9.999823242E+3	1.271852000E+3
-6.002210000E-5	1.795600000E-6	2.528800000E+0	9.999823242E+3	1.273927000E+3
-6.020840000E-5	1.393270000E-6	2.539800000E+0	9.999823242E+3	1.276479000E+3
-6.023820000E-5	1.236800000E-6	2.550500000E+0	9.999823242E+3	1.278467000E+3
-6.003700000E-5	1.579530000E-6	2.560900000E+0	9.999823242E+3	1.280466000E+3
-6.034250000E-5	1.199550000E-6	2.573300000E+0	9.999823242E+3	1.283304000E+3
-6.035740000E-5	1.162300000E-6	2.584200000E+0	9.999823242E+3	1.284986000E+3
-6.002960000E-5	1.676390000E-6	2.596000000E+0	9.999823242E+3	1.287560000E+3
-6.017110000E-5	1.423070000E-6	2.606200000E+0	9.999823242E+3	1.289525000E+3
-6.030520000E-5	1.199550000E-6	2.617300000E+0	9.999823242E+3	1.291992000E+3
-6.003700000E-5	1.683840000E-6	2.629300000E+0	9.999823242E+3	1.294237000E+3
-5.995510000E-5	1.959520000E-6	2.640800000E+0	9.999823242E+3	1.296644000E+3
-5.999980000E-5	1.773250000E-6	2.651700000E+0	9.999823242E+3	1.298595000E+3
-6.026050000E-5	1.199550000E-6	2.662700000E+0	9.999823242E+3	1.300994000E+3
-5.999980000E-5	1.721090000E-6	2.673200000E+0	9.999823242E+3	1.302999000E+3
-5.990290000E-5	2.048920000E-6	2.683400000E+0	9.999823242E+3	1.305188000E+3
-5.991780000E-5	2.048920000E-6	2.694600000E+0	9.999823242E+3	1.307267000E+3
-5.985820000E-5	2.026570000E-6	2.704600000E+0	9.999823242E+3	1.309253000E+3
-5.992530000E-5	1.966970000E-6	2.715300000E+0	9.999823242E+3	1.311413000E+3
-5.991780000E-5	1.780700000E-6	2.725400000E+0	9.999823242E+3	1.313475000E+3
-6.020090000E-5	1.169750000E-6	2.737000000E+0	9.999823242E+3	1.315946000E+3
-6.017110000E-5	1.199550000E-6	2.747700000E+0	9.999823242E+3	1.317943000E+3
-5.994020000E-5	1.728540000E-6	2.759700000E+0	9.999823242E+3	1.319993000E+3
-5.982090000E-5	2.048920000E-6	2.770200000E+0	9.999823242E+3	1.322488000E+3
-5.978370000E-5	1.996770000E-6	2.782500000E+0	9.999823242E+3	1.324483000E+3
-5.981350000E-5	1.981870000E-6	2.793700000E+0	9.999823242E+3	1.327263000E+3
-6.005940000E-5	1.452870000E-6	2.803900000E+0	9.999823242E+3	1.328746000E+3
-6.000720000E-5	1.333660000E-6	2.816100000E+0	9.999823242E+3	1.331607000E+3
-6.011150000E-5	1.221900000E-6	2.827200000E+0	9.999823242E+3	1.333949000E+3
-5.998490000E-5	1.266610000E-6	2.838200000E+0	9.999823242E+3	1.335989000E+3
-6.016370000E-5	1.251700000E-6	2.848900000E+0	9.999823242E+3	1.338474000E+3
-6.009660000E-5	1.326210000E-6	2.859100000E+0	9.999823242E+3	1.340101000E+3
-6.008170000E-5	1.266610000E-6	2.870000000E+0	9.999823242E+3	1.342615000E+3
-6.017110000E-5	1.139950000E-6	2.881900000E+0	9.999823242E+3	1.344674000E+3
-6.015620000E-5	1.154850000E-6	2.894100000E+0	9.999823242E+3	1.347561000E+3
-5.990290000E-5	1.788150000E-6	2.904600000E+0	9.999823242E+3	1.349188000E+3
-5.973150000E-5	1.929710000E-6	2.915800000E+0	9.999823242E+3	1.351726000E+3
-5.972410000E-5	1.981870000E-6	2.926900000E+0	9.999823242E+3	1.353699000E+3
-5.978370000E-5	1.758340000E-6	2.938200000E+0	9.999823242E+3	1.356100000E+3
-5.979110000E-5	1.557180000E-6	2.949300000E+0	9.999823242E+3	1.358096000E+3
-5.991040000E-5	1.415620000E-6	2.963500000E+0	9.999823242E+3	1.361174000E+3
-6.002210000E-5	1.266610000E-6	2.973700000E+0	9.999823242E+3	1.363189000E+3
-5.978370000E-5	1.743440000E-6	2.983900000E+0	9.999823242E+3	1.365176000E+3
-5.976880000E-5	1.929710000E-6	2.995400000E+0	9.999823242E+3	1.367574000E+3
-5.973150000E-5	2.056370000E-6	3.006700000E+0	9.999823242E+3	1.369707000E+3
-5.979110000E-5	2.056370000E-6	3.019900000E+0	9.999823242E+3	1.372500000E+3
-5.977620000E-5	2.115980000E-6	3.030600000E+0	9.999823242E+3	1.374159000E+3
-5.983580000E-5	2.071280000E-6	3.043600000E+0	9.999823242E+3	1.377087000E+3
-5.980600000E-5	1.981870000E-6	3.054600000E+0	9.999823242E+3	1.379968000E+3
-5.998490000E-5	1.497570000E-6	3.068300000E+0	9.999823242E+3	1.382061000E+3
-6.000720000E-5	1.400720000E-6	3.079700000E+0	9.999823242E+3	1.384819000E+3
-5.996250000E-5	1.348560000E-6	3.090800000E+0	9.999823242E+3	1.386555000E+3
-5.980600000E-5	1.676390000E-6	3.104300000E+0	9.999823242E+3	1.389442000E+3
-5.978370000E-5	1.728540000E-6	3.116800000E+0	9.999823242E+3	1.391856000E+3
-5.965700000E-5	1.966970000E-6	3.127000000E+0	9.999823242E+3	1.394261000E+3
-5.972410000E-5	2.078730000E-6	3.137300000E+0	9.999823242E+3	1.395861000E+3
-5.970170000E-5	2.108530000E-6	3.149600000E+0	9.999823242E+3	1.398248000E+3
-5.968680000E-5	2.078730000E-6	3.161300000E+0	9.999823242E+3	1.401074000E+3
-5.976130000E-5	1.996770000E-6	3.172200000E+0	9.999823242E+3	1.402906000E+3
-5.973900000E-5	2.130880000E-6	3.182900000E+0	9.999823242E+3	1.405345000E+3
-5.970170000E-5	2.160680000E-6	3.195600000E+0	9.999823242E+3	1.407374000E+3
-5.961230000E-5	2.242640000E-6	3.206700000E+0	9.999823242E+3	1.409760000E+3
-5.971660000E-5	2.153230000E-6	3.218900000E+0	9.999823242E+3	1.412274000E+3
-5.966450000E-5	2.235190000E-6	3.232100000E+0	9.999823242E+3	1.414851000E+3
-5.966450000E-5	2.257540000E-6	3.242600000E+0	9.999823242E+3	1.416850000E+3
-5.964210000E-5	2.205390000E-6	3.252600000E+0	9.999823242E+3	1.419220000E+3
-5.959000000E-5	2.227740000E-6	3.262900000E+0	9.999823242E+3	1.420810000E+3
-5.953780000E-5	2.153230000E-6	3.273900000E+0	9.999823242E+3	1.423264000E+3
-5.956760000E-5	2.220290000E-6	3.285100000E+0	9.999823242E+3	1.425603000E+3
-5.952290000E-5	2.175580000E-6	3.297100000E+0	9.999823242E+3	1.427861000E+3
-5.959000000E-5	2.078730000E-6	3.310400000E+0	9.999823242E+3	1.430663000E+3
-5.962720000E-5	2.123430000E-6	3.320900000E+0	9.999823242E+3	1.432312000E+3
-5.948570000E-5	2.212840000E-6	3.331600000E+0	9.999823242E+3	1.435064000E+3
-5.941120000E-5	2.227740000E-6	3.342600000E+0	9.999823242E+3	1.436934000E+3
-5.936650000E-5	2.279890000E-6	3.353300000E+0	9.999823242E+3	1.439242000E+3
-5.932180000E-5	2.279890000E-6	3.366800000E+0	9.999823242E+3	1.442157000E+3
-5.932920000E-5	2.235190000E-6	3.378800000E+0	9.999823242E+3	1.444156000E+3
-5.936650000E-5	2.197940000E-6	3.391800000E+0	9.999823242E+3	1.446562000E+3
-5.941120000E-5	2.197940000E-6	3.404400000E+0	9.999823242E+3	1.449374000E+3
-5.946330000E-5	2.197940000E-6	3.416600000E+0	9.999823242E+3	1.451814000E+3
-5.938880000E-5	2.212840000E-6	3.428100000E+0	9.999823242E+3	1.453980000E+3
-5.945590000E-5	2.153230000E-6	3.439300000E+0	9.999823242E+3	1.456295000E+3
-5.940370000E-5	2.034020000E-6	3.451000000E+0	9.999823242E+3	1.459086000E+3
-5.948570000E-5	2.086180000E-6	3.462300000E+0	9.999823242E+3	1.460836000E+3
-5.947820000E-5	1.885000000E-6	3.472500000E+0	9.999823242E+3	1.462990000E+3
-5.942610000E-5	1.989320000E-6	3.484000000E+0	9.999823242E+3	1.465035000E+3
-5.943350000E-5	2.063830000E-6	3.494700000E+0	9.999823242E+3	1.467428000E+3
-5.944840000E-5	1.862650000E-6	3.505500000E+0	9.999823242E+3	1.469780000E+3
-5.941120000E-5	1.825400000E-6	3.519400000E+0	9.999823242E+3	1.472361000E+3
-5.936650000E-5	2.011670000E-6	3.531500000E+0	9.999823242E+3	1.474693000E+3
-5.935160000E-5	2.063830000E-6	3.541600000E+0	9.999823242E+3	1.476778000E+3
-5.932920000E-5	2.019120000E-6	3.553500000E+0	9.999823242E+3	1.478881000E+3
-5.932920000E-5	2.063830000E-6	3.563600000E+0	9.999823242E+3	1.481252000E+3
-5.935160000E-5	2.130880000E-6	3.575900000E+0	9.999823242E+3	1.483624000E+3
-5.939630000E-5	2.078730000E-6	3.586800000E+0	9.999823242E+3	1.485651000E+3
-5.933670000E-5	2.093630000E-6	3.600700000E+0	9.999823242E+3	1.488659000E+3
-5.935160000E-5	1.974420000E-6	3.612100000E+0	9.999823242E+3	1.490589000E+3
-5.936650000E-5	2.004220000E-6	3.624600000E+0	9.999823242E+3	1.493508000E+3
-5.926220000E-5	2.019120000E-6	3.636900000E+0	9.999823242E+3	1.495568000E+3
-5.920250000E-5	2.026570000E-6	3.647300000E+0	9.999823242E+3	1.498314000E+3
-5.918760000E-5	2.048920000E-6	3.659300000E+0	9.999823242E+3	1.499928000E+3
-5.917270000E-5	1.974420000E-6	3.670500000E+0	9.999823242E+3	1.502779000E+3
-5.921740000E-5	1.914810000E-6	3.685200000E+0	9.999823242E+3	1.505276000E+3
-5.920250000E-5	1.899910000E-6	3.695400000E+0	9.999823242E+3	1.507865000E+3
-5.917270000E-5	1.996770000E-6	3.706700000E+0	9.999823242E+3	1.509809000E+3
-5.915780000E-5	1.899910000E-6	3.719900000E+0	9.999823242E+3	1.512197000E+3
-5.903120000E-5	1.810500000E-6	3.730000000E+0	9.999823242E+3	1.514628000E+3
-5.911310000E-5	1.899910000E-6	3.740400000E+0	9.999823242E+3	1.516601000E+3
-5.907590000E-5	1.855200000E-6	3.753100000E+0	9.999823242E+3	1.518771000E+3
-5.915780000E-5	1.974420000E-6	3.765700000E+0	9.999823242E+3	1.521557000E+3
-5.924720000E-5	1.959520000E-6	3.775700000E+0	9.999823242E+3	1.523912000E+3
-5.919510000E-5	1.929710000E-6	3.787400000E+0	9.999823242E+3	1.525780000E+3
-5.926960000E-5	1.959520000E-6	3.797600000E+0	9.999823242E+3	1.528052000E+3
-5.921740000E-5	1.952070000E-6	3.808700000E+0	9.999823242E+3	1.530473000E+3
-5.918020000E-5	1.907360000E-6	3.820200000E+0	9.999823242E+3	1.532068000E+3
-5.918760000E-5	1.862650000E-6	3.831200000E+0	9.999823242E+3	1.534902000E+3
-5.919510000E-5	1.877550000E-6	3.842700000E+0	9.999823242E+3	1.536610000E+3
-5.913550000E-5	1.803050000E-6	3.852700000E+0	9.999823242E+3	1.539442000E+3
-5.912800000E-5	1.832850000E-6	3.865900000E+0	9.999823242E+3	1.541539000E+3
-5.912060000E-5	1.870100000E-6	3.876300000E+0	9.999823242E+3	1.543917000E+3
-5.915780000E-5	1.780700000E-6	3.887300000E+0	9.999823242E+3	1.545538000E+3
-5.915780000E-5	1.862650000E-6	3.899100000E+0	9.999823242E+3	1.548537000E+3
-5.912800000E-5	1.959520000E-6	3.911400000E+0	9.999823242E+3	1.550497000E+3
-5.912800000E-5	1.922260000E-6	3.924500000E+0	9.999823242E+3	1.553279000E+3
-5.900880000E-5	1.981870000E-6	3.936000000E+0	9.999823242E+3	1.555687000E+3
-5.896410000E-5	1.974420000E-6	3.947300000E+0	9.999823242E+3	1.557676000E+3
-5.900880000E-5	1.929710000E-6	3.957800000E+0	9.999823242E+3	1.560091000E+3
-5.897900000E-5	1.862650000E-6	3.968300000E+0	9.999823242E+3	1.562468000E+3
-5.902370000E-5	1.832850000E-6	3.978600000E+0	9.999823242E+3	1.563842000E+3
-5.894920000E-5	1.817950000E-6	3.991100000E+0	9.999823242E+3	1.566662000E+3
-5.888220000E-5	1.877550000E-6	4.002200000E+0	9.999823242E+3	1.569183000E+3
-5.891940000E-5	1.847750000E-6	4.013700000E+0	9.999823242E+3	1.570867000E+3
-5.885240000E-5	1.795600000E-6	4.024500000E+0	9.999823242E+3	1.573541000E+3
-5.890450000E-5	1.817950000E-6	4.036200000E+0	9.999823242E+3	1.575560000E+3
-5.888220000E-5	1.728540000E-6	4.047100000E+0	9.999823242E+3	1.578082000E+3
-5.883000000E-5	1.765790000E-6	4.059400000E+0	9.999823242E+3	1.580217000E+3
-5.877790000E-5	1.773250000E-6	4.071100000E+0	9.999823242E+3	1.583060000E+3
-5.871830000E-5	1.810500000E-6	4.082400000E+0	9.999823242E+3	1.584627000E+3
-5.871830000E-5	1.661490000E-6	4.094000000E+0	9.999823242E+3	1.587471000E+3
-5.871080000E-5	1.765790000E-6	4.106600000E+0	9.999823242E+3	1.589438000E+3
-5.869590000E-5	1.803050000E-6	4.117500000E+0	9.999823242E+3	1.591821000E+3
-5.865120000E-5	1.840300000E-6	4.128100000E+0	9.999823242E+3	1.593822000E+3
-5.857670000E-5	1.773250000E-6	4.138900000E+0	9.999823242E+3	1.596628000E+3
-5.848730000E-5	1.803050000E-6	4.150000000E+0	9.999823242E+3	1.598621000E+3
-5.846490000E-5	1.780700000E-6	4.161100000E+0	9.999823242E+3	1.600770000E+3
-5.847240000E-5	1.735990000E-6	4.172200000E+0	9.999823242E+3	1.602591000E+3
-5.851710000E-5	1.698740000E-6	4.183600000E+0	9.999823242E+3	1.605276000E+3
-5.839790000E-5	1.706190000E-6	4.194600000E+0	9.999823242E+3	1.607351000E+3
-5.845750000E-5	1.773250000E-6	4.205200000E+0	9.999823242E+3	1.609736000E+3
-5.839040000E-5	1.743440000E-6	4.216500000E+0	9.999823242E+3	1.611291000E+3
-5.836060000E-5	1.609330000E-6	4.232300000E+0	9.999823242E+3	1.614805000E+3
-5.842020000E-5	1.676390000E-6	4.242500000E+0	9.999823242E+3	1.617153000E+3
-5.842770000E-5	1.691290000E-6	4.253800000E+0	9.999823242E+3	1.619172000E+3
-5.839790000E-5	1.631680000E-6	4.265200000E+0	9.999823242E+3	1.621545000E+3
-5.842020000E-5	1.661490000E-6	4.276600000E+0	9.999823242E+3	1.623956000E+3
-5.836060000E-5	1.698740000E-6	4.287000000E+0	9.999823242E+3	1.625576000E+3
-5.840530000E-5	1.169750000E-6	4.297100000E+0	9.999823242E+3	1.627970000E+3
-5.828610000E-5	1.579530000E-6	4.309800000E+0	9.999823242E+3	1.630399000E+3
-5.836810000E-5	1.549730000E-6	4.321300000E+0	9.999823242E+3	1.632754000E+3
-5.826380000E-5	1.646590000E-6	4.332300000E+0	9.999823242E+3	1.635163000E+3
-5.823400000E-5	1.773250000E-6	4.342800000E+0	9.999823242E+3	1.636931000E+3
-5.816690000E-5	1.758340000E-6	4.354300000E+0	9.999823242E+3	1.639703000E+3
-5.808500000E-5	1.601880000E-6	4.364900000E+0	9.999823242E+3	1.641467000E+3
-5.813710000E-5	1.527380000E-6	4.375200000E+0	9.999823242E+3	1.643817000E+3
-5.815200000E-5	1.527380000E-6	4.386300000E+0	9.999823242E+3	1.645905000E+3
-5.806260000E-5	1.497570000E-6	4.397600000E+0	9.999823242E+3	1.647844000E+3
-5.806260000E-5	1.549730000E-6	4.408900000E+0	9.999823242E+3	1.650219000E+3
-5.808500000E-5	1.564630000E-6	4.421200000E+0	9.999823242E+3	1.652790000E+3
-5.795830000E-5	1.572080000E-6	4.432100000E+0	9.999823242E+3	1.654744000E+3
-5.800300000E-5	1.683840000E-6	4.443600000E+0	9.999823242E+3	1.657293000E+3
-5.802540000E-5	1.624230000E-6	4.454600000E+0	9.999823242E+3	1.659699000E+3
-5.802540000E-5	1.609330000E-6	4.464800000E+0	9.999823242E+3	1.661326000E+3
-5.794340000E-5	1.631680000E-6	4.475400000E+0	9.999823242E+3	1.663683000E+3
-5.789120000E-5	1.639140000E-6	4.485700000E+0	9.999823242E+3	1.666141000E+3
-5.787630000E-5	1.542280000E-6	4.497000000E+0	9.999823242E+3	1.667692000E+3
-5.788380000E-5	1.393270000E-6	4.509000000E+0	9.999823242E+3	1.670098000E+3
-5.781670000E-5	1.497570000E-6	4.519600000E+0	9.999823242E+3	1.672498000E+3
-5.776460000E-5	1.557180000E-6	4.529800000E+0	9.999823242E+3	1.674644000E+3
-5.775710000E-5	1.557180000E-6	4.541600000E+0	9.999823242E+3	1.676638000E+3
-5.766030000E-5	1.557180000E-6	4.552900000E+0	9.999823242E+3	1.679034000E+3
-5.764540000E-5	1.527380000E-6	4.563700000E+0	9.999823242E+3	1.681428000E+3
-5.761560000E-5	1.452870000E-6	4.575100000E+0	9.999823242E+3	1.683183000E+3
-5.764540000E-5	1.437970000E-6	4.585200000E+0	9.999823242E+3	1.685578000E+3
-5.757830000E-5	1.400720000E-6	4.595800000E+0	9.999823242E+3	1.688019000E+3
-5.745170000E-5	1.400720000E-6	4.607100000E+0	9.999823242E+3	1.689729000E+3
-5.742930000E-5	1.393270000E-6	4.617900000E+0	9.999823242E+3	1.692081000E+3
-5.738460000E-5	1.378360000E-6	4.628000000E+0	9.999823242E+3	1.694524000E+3
-5.740700000E-5	1.326210000E-6	4.640800000E+0	9.999823242E+3	1.696508000E+3
-5.731010000E-5	1.348560000E-6	4.652100000E+0	9.999823242E+3	1.699495000E+3
-5.731750000E-5	1.348560000E-6	4.664000000E+0	9.999823242E+3	1.701045000E+3
-5.713870000E-5	1.303860000E-6	4.676900000E+0	9.999823242E+3	1.703844000E+3
-5.714620000E-5	1.192100000E-6	4.690100000E+0	9.999823242E+3	1.706628000E+3
-5.711640000E-5	1.221900000E-6	4.700700000E+0	9.999823242E+3	1.708641000E+3
-5.703440000E-5	1.147400000E-6	4.711500000E+0	9.999823242E+3	1.710645000E+3
-5.700460000E-5	1.169750000E-6	4.723100000E+0	9.999823242E+3	1.713039000E+3
-5.694500000E-5	1.154850000E-6	4.733400000E+0	9.999823242E+3	1.715208000E+3
-5.694500000E-5	1.132500000E-6	4.745500000E+0	9.999823242E+3	1.717582000E+3
-5.681090000E-5	1.072890000E-6	4.759200000E+0	9.999823242E+3	1.720383000E+3
-5.675880000E-5	1.087790000E-6	4.769900000E+0	9.999823242E+3	1.722411000E+3
-5.666190000E-5	9.983850000E-7	4.781000000E+0	9.999823242E+3	1.724835000E+3
-5.663210000E-5	1.005840000E-6	4.791400000E+0	9.999823242E+3	1.726853000E+3
-5.655010000E-5	9.164250000E-7	4.803300000E+0	9.999823242E+3	1.729063000E+3
-5.647560000E-5	9.387770000E-7	4.814400000E+0	9.999823242E+3	1.731486000E+3
-5.640860000E-5	9.313260000E-7	4.826200000E+0	9.999823242E+3	1.733879000E+3
-5.630430000E-5	9.015240000E-7	4.837100000E+0	9.999823242E+3	1.735922000E+3
-5.623720000E-5	8.270180000E-7	4.848300000E+0	9.999823242E+3	1.737879000E+3
-5.619250000E-5	7.748640000E-7	4.859200000E+0	9.999823242E+3	1.740671000E+3
-5.612550000E-5	7.376110000E-7	4.870800000E+0	9.999823242E+3	1.742675000E+3
-5.593170000E-5	7.599630000E-7	4.882300000E+0	9.999823242E+3	1.744691000E+3
-5.591680000E-5	7.525120000E-7	4.892400000E+0	9.999823242E+3	1.747237000E+3
-5.585720000E-5	6.482040000E-7	4.902500000E+0	9.999823242E+3	1.749223000E+3
-5.576780000E-5	6.258520000E-7	4.912600000E+0	9.999823242E+3	1.750845000E+3
-5.555180000E-5	5.364450000E-7	4.923700000E+0	9.999823242E+3	1.753196000E+3
-5.548470000E-5	5.066430000E-7	4.934700000E+0	9.999823242E+3	1.755617000E+3
-5.539530000E-5	4.693880000E-7	4.946700000E+0	9.999823242E+3	1.757736000E+3
-5.523880000E-5	4.395860000E-7	4.957300000E+0	9.999823242E+3	1.760124000E+3
-5.523880000E-5	4.917420000E-7	4.967900000E+0	9.999823242E+3	1.762151000E+3
-5.508240000E-5	3.948830000E-7	4.979500000E+0	9.999823242E+3	1.764164000E+3
-5.501530000E-5	3.278270000E-7	4.990100000E+0	9.999823242E+3	1.766605000E+3
-5.478440000E-5	2.160680000E-7	5.001400000E+0	9.999823242E+3	1.768965000E+3
-5.466510000E-5	1.490130000E-7	5.012100000E+0	9.999823242E+3	1.770990000E+3
-5.447890000E-5	1.043090000E-7	5.022900000E+0	9.999823242E+3	1.773427000E+3
-5.434480000E-5	1.043090000E-7	5.034200000E+0	9.999823242E+3	1.775120000E+3
-5.419580000E-5	-7.450640000E-9	5.044900000E+0	9.999823242E+3	1.777625000E+3
-5.403180000E-5	-1.341110000E-7	5.056700000E+0	9.999823242E+3	1.780065000E+3
-5.380830000E-5	-2.160680000E-7	5.068800000E+0	9.999823242E+3	1.781999000E+3
-5.367420000E-5	-2.607720000E-7	5.079600000E+0	9.999823242E+3	1.784432000E+3
-5.346560000E-5	-4.023330000E-7	5.091800000E+0	9.999823242E+3	1.786827000E+3
-5.324210000E-5	-4.917420000E-7	5.103200000E+0	9.999823242E+3	1.789607000E+3
-5.312290000E-5	-5.736980000E-7	5.114200000E+0	9.999823242E+3	1.791230000E+3
-5.287700000E-5	-6.109510000E-7	5.125000000E+0	9.999823242E+3	1.793265000E+3
-5.257150000E-5	-8.419190000E-7	5.137400000E+0	9.999823242E+3	1.796037000E+3
-5.243740000E-5	-8.642710000E-7	5.147600000E+0	9.999823242E+3	1.798201000E+3
-5.215430000E-5	-1.147400000E-6	5.159100000E+0	9.999823242E+3	1.799825000E+3
-5.189350000E-5	-1.110140000E-6	5.169800000E+0	9.999823242E+3	1.802553000E+3
-5.169240000E-5	-1.385820000E-6	5.181300000E+0	9.999823242E+3	1.805156000E+3
-5.155830000E-5	-1.467770000E-6	5.191800000E+0	9.999823242E+3	1.806316000E+3
-5.113360000E-5	-1.631680000E-6	5.202900000E+0	9.999823242E+3	1.809087000E+3
-5.079830000E-5	-1.691290000E-6	5.213300000E+0	9.999823242E+3	1.811083000E+3
-5.034380000E-5	-2.048920000E-6	5.226000000E+0	9.999823242E+3	1.813893000E+3
-5.006810000E-5	-1.952070000E-6	5.237600000E+0	9.999823242E+3	1.815507000E+3
-4.956150000E-5	-2.406550000E-6	5.248600000E+0	9.999823242E+3	1.818288000E+3
-4.921130000E-5	-2.577920000E-6	5.260500000E+0	9.999823242E+3	1.820741000E+3
-4.871210000E-5	-2.682220000E-6	5.272700000E+0	9.999823242E+3	1.822815000E+3
-4.828000000E-5	-2.987700000E-6	5.283200000E+0	9.999823242E+3	1.825285000E+3
-4.776590000E-5	-3.114360000E-6	5.294500000E+0	9.999823242E+3	1.827227000E+3
-4.732630000E-5	-3.322970000E-6	5.305600000E+0	9.999823242E+3	1.829646000E+3
-4.679730000E-5	-3.702950000E-6	5.316100000E+0	9.999823242E+3	1.832227000E+3
-4.638750000E-5	-3.866880000E-6	5.327200000E+0	9.999823242E+3	1.833786000E+3
-4.576170000E-5	-4.112750000E-6	5.338000000E+0	9.999823242E+3	1.835824000E+3
-4.503900000E-5	-4.388420000E-6	5.349400000E+0	9.999823242E+3	1.839032000E+3
-4.459200000E-5	-4.567240000E-6	5.361200000E+0	9.999823242E+3	1.840577000E+3
-4.386930000E-5	-4.947210000E-6	5.371600000E+0	9.999823242E+3	1.842618000E+3
-4.302730000E-5	-5.282490000E-6	5.381700000E+0	9.999823242E+3	1.844973000E+3
-4.223010000E-5	-5.632670000E-6	5.392300000E+0	9.999823242E+3	1.847447000E+3
-4.155960000E-5	-5.930690000E-6	5.404600000E+0	9.999823242E+3	1.849375000E+3
-4.030040000E-5	-6.422430000E-6	5.417800000E+0	9.999823242E+3	1.851930000E+3
-3.925730000E-5	-6.809860000E-6	5.428100000E+0	9.999823242E+3	1.854523000E+3
-3.843780000E-5	-6.996120000E-6	5.439400000E+0	9.999823242E+3	1.856447000E+3
-3.729040000E-5	-7.569820000E-6	5.451100000E+0	9.999823242E+3	1.858502000E+3
-3.579280000E-5	-7.964730000E-6	5.463300000E+0	9.999823242E+3	1.861294000E+3
-3.459330000E-5	-8.486270000E-6	5.474500000E+0	9.999823242E+3	1.863647000E+3
-3.346080000E-5	-8.836450000E-6	5.486000000E+0	9.999823242E+3	1.865713000E+3
-3.205260000E-5	-9.231330000E-6	5.496600000E+0	9.999823242E+3	1.867661000E+3
-3.044320000E-5	-9.752870000E-6	5.508300000E+0	9.999823242E+3	1.870107000E+3
-2.871470000E-5	-1.017760000E-5	5.520100000E+0	9.999823242E+3	1.872939000E+3
-2.735860000E-5	-1.049790000E-5	5.532500000E+0	9.999823242E+3	1.874978000E+3
-2.559290000E-5	-1.095990000E-5	5.544000000E+0	9.999823242E+3	1.877018000E+3
-2.388670000E-5	-1.119830000E-5	5.554100000E+0	9.999823242E+3	1.878998000E+3
-2.186760000E-5	-1.153360000E-5	5.564300000E+0	9.999823242E+3	1.881808000E+3
-2.063080000E-5	-1.170490000E-5	5.574900000E+0	9.999823242E+3	1.883377000E+3
-1.864890000E-5	-1.222650000E-5	5.586700000E+0	9.999823242E+3	1.885790000E+3
-1.647340000E-5	-1.232330000E-5	5.598300000E+0	9.999823242E+3	1.888591000E+3
-1.507260000E-5	-1.243510000E-5	5.610900000E+0	9.999823242E+3	1.890347000E+3
-1.262880000E-5	-1.211470000E-5	5.621800000E+0	9.999823242E+3	1.893127000E+3
-1.099710000E-5	-1.174960000E-5	5.632700000E+0	9.999823242E+3	1.895145000E+3
-9.179170000E-6	-1.098970000E-5	5.643100000E+0	9.999823242E+3	1.897183000E+3
-7.592170000E-6	-1.007320000E-5	5.653100000E+0	9.999823242E+3	1.899178000E+3
-6.087150000E-6	-9.067410000E-6	5.664100000E+0	9.999823242E+3	1.901135000E+3
-4.775850000E-6	-8.218050000E-6	5.674500000E+0	9.999823242E+3	1.903581000E+3
-3.904130000E-6	-7.450610000E-6	5.685400000E+0	9.999823242E+3	1.905570000E+3
-2.928090000E-6	-6.467130000E-6	5.697500000E+0	9.999823242E+3	1.908055000E+3
-2.048920000E-6	-5.513460000E-6	5.709200000E+0	9.999823242E+3	1.910096000E+3
-1.251700000E-6	-4.343720000E-6	5.721700000E+0	9.999823242E+3	1.913049000E+3
-8.791720000E-7	-3.650800000E-6	5.732400000E+0	9.999823242E+3	1.914991000E+3
-4.991930000E-7	-2.883390000E-6	5.743900000E+0	9.999823242E+3	1.917404000E+3
-1.713640000E-7	-2.235190000E-6	5.755300000E+0	9.999823242E+3	1.919412000E+3
-1.043090000E-7	-1.616780000E-6	5.766400000E+0	9.999823242E+3	1.921856000E+3
5.960510000E-8	-1.147400000E-6	5.779100000E+0	9.999823242E+3	1.924615000E+3
2.235190000E-8	-9.536820000E-7	5.789100000E+0	9.999823242E+3	1.926235000E+3
1.639140000E-7	-4.768410000E-7	5.800000000E+0	9.999823242E+3	1.928800000E+3
1.937160000E-7	-2.607720000E-7	5.812000000E+0	9.999823242E+3	1.930819000E+3
2.086170000E-7	-2.831240000E-7	5.824000000E+0	9.999823242E+3	1.933619000E+3
2.235180000E-7	-1.937160000E-7	5.834700000E+0	9.999823242E+3	1.935153000E+3
1.937160000E-7	-2.011670000E-7	5.845600000E+0	9.999823242E+3	1.937964000E+3
1.564630000E-7	-1.862650000E-7	5.856700000E+0	9.999823242E+3	1.940013000E+3
2.160680000E-7	-2.905740000E-7	5.868100000E+0	9.999823242E+3	1.941969000E+3
2.086170000E-7	-3.203770000E-7	5.879500000E+0	9.999823242E+3	1.944393000E+3
8.940740000E-8	-5.438960000E-7	5.889700000E+0	9.999823242E+3	1.946377000E+3
7.450640000E-9	-6.929080000E-7	5.900400000E+0	9.999823242E+3	1.948366000E+3
-6.705570000E-8	-6.556550000E-7	5.911200000E+0	9.999823242E+3	1.950933000E+3
-8.195680000E-8	-8.121170000E-7	5.921900000E+0	9.999823242E+3	1.953293000E+3
-1.564630000E-7	-8.270180000E-7	5.933000000E+0	9.999823242E+3	1.955339000E+3
-1.639140000E-7	-8.046660000E-7	5.944300000E+0	9.999823242E+3	1.957287000E+3
-2.086170000E-7	-8.866230000E-7	5.956200000E+0	9.999823242E+3	1.960096000E+3
-1.564630000E-7	-8.568200000E-7	5.967800000E+0	9.999823242E+3	1.961803000E+3
-2.086170000E-7	-9.462270000E-7	5.979000000E+0	9.999823242E+3	1.964626000E+3
0.000000000E+0	-6.705560000E-7	5.989400000E+0	9.999823242E+3	1.966635000E+3
-2.980250000E-8	-7.599630000E-7	6.000500000E+0	9.999823242E+3	1.968248000E+3
-6.705570000E-8	-7.674130000E-7	6.011200000E+0	9.999823242E+3	1.971055000E+3
-2.384200000E-7	-8.940730000E-7	6.023100000E+0	9.999823242E+3	1.973038000E+3
-2.160680000E-7	-9.238760000E-7	6.033700000E+0	9.999823242E+3	1.975226000E+3
-2.607720000E-7	-9.089740000E-7	6.044100000E+0	9.999823242E+3	1.977567000E+3
-1.937160000E-7	-8.866230000E-7	6.055200000E+0	9.999823242E+3	1.979563000E+3
-2.682230000E-7	-9.164250000E-7	6.065700000E+0	9.999823242E+3	1.981584000E+3
-3.650800000E-7	-1.020740000E-6	6.078200000E+0	9.999823242E+3	1.983977000E+3
-3.054760000E-7	-1.005840000E-6	6.089900000E+0	9.999823242E+3	1.986586000E+3
-3.650800000E-7	-9.536820000E-7	6.100800000E+0	9.999823242E+3	1.988927000E+3
-3.129260000E-7	-9.164250000E-7	6.111000000E+0	9.999823242E+3	1.990555000E+3
-3.129260000E-7	-1.050540000E-6	6.123400000E+0	9.999823242E+3	1.993328000E+3
-3.576300000E-7	-1.072890000E-6	6.134800000E+0	9.999823242E+3	1.995322000E+3
-2.831240000E-7	-9.685830000E-7	6.145900000E+0	9.999823242E+3	1.997712000E+3
-3.278270000E-7	-9.313260000E-7	6.156800000E+0	9.999823242E+3	1.999728000E+3
-2.384200000E-7	-9.834840000E-7	6.167000000E+0	9.999823242E+3	2.001722000E+3
-2.235180000E-7	-1.020740000E-6	6.178600000E+0	9.999823242E+3	2.004539000E+3
-2.086170000E-7	-8.344690000E-7	6.189100000E+0	9.999823242E+3	2.006513000E+3
-1.341110000E-7	-8.866230000E-7	6.201400000E+0	9.999823242E+3	2.008514000E+3
-1.713640000E-7	-9.164250000E-7	6.212100000E+0	9.999823242E+3	2.010928000E+3
-1.043090000E-7	-8.940730000E-7	6.222800000E+0	9.999823242E+3	2.013332000E+3
-4.470370000E-8	-7.003580000E-7	6.233000000E+0	9.999823242E+3	2.014990000E+3
-1.043090000E-7	-7.897650000E-7	6.243200000E+0	9.999823242E+3	2.017449000E+3
0.000000000E+0	-5.662480000E-7	6.253300000E+0	9.999823242E+3	2.019067000E+3
7.450640000E-9	-5.513470000E-7	6.264600000E+0	9.999823242E+3	2.021457000E+3
-7.450640000E-9	-5.364450000E-7	6.275000000E+0	9.999823242E+3	2.023914000E+3
-2.011670000E-7	-7.897650000E-7	6.286100000E+0	9.999823242E+3	2.025464000E+3
-3.501790000E-7	-1.020740000E-6	6.296700000E+0	9.999823242E+3	2.028015000E+3
-1.937160000E-7	-8.568200000E-7	6.308100000E+0	9.999823242E+3	2.030414000E+3
-2.831240000E-7	-9.909340000E-7	6.319100000E+0	9.999823242E+3	2.032405000E+3
-2.458710000E-7	-1.020740000E-6	6.329300000E+0	9.999823242E+3	2.034003000E+3
-2.309690000E-7	-8.940730000E-7	6.340100000E+0	9.999823242E+3	2.036425000E+3
-2.831240000E-7	-9.164250000E-7	6.350200000E+0	9.999823242E+3	2.038416000E+3
-2.458710000E-7	-8.791720000E-7	6.360300000E+0	9.999823242E+3	2.040458000E+3
-1.117590000E-7	-7.003580000E-7	6.370800000E+0	9.999823242E+3	2.043020000E+3
-2.607720000E-7	-7.450620000E-7	6.380900000E+0	9.999823242E+3	2.044933000E+3
-3.576300000E-7	-9.164250000E-7	6.391200000E+0	9.999823242E+3	2.046967000E+3
-3.427290000E-7	-8.121170000E-7	6.402400000E+0	9.999823242E+3	2.049105000E+3
-3.203770000E-7	-8.344690000E-7	6.412800000E+0	9.999823242E+3	2.050702000E+3
-3.352780000E-7	-8.642710000E-7	6.426000000E+0	9.999823242E+3	2.053894000E+3
-3.203770000E-7	-8.419190000E-7	6.437800000E+0	9.999823242E+3	2.055886000E+3
-2.160680000E-7	-7.525120000E-7	6.449000000E+0	9.999823242E+3	2.058348000E+3
-3.054760000E-7	-8.717220000E-7	6.460200000E+0	9.999823242E+3	2.060731000E+3
-2.384200000E-7	-8.419190000E-7	6.471200000E+0	9.999823242E+3	2.062721000E+3
-3.203770000E-7	-9.164250000E-7	6.482400000E+0	9.999823242E+3	2.064823000E+3
-2.980250000E-7	-9.089740000E-7	6.494200000E+0	9.999823242E+3	2.067566000E+3
-2.682230000E-7	-9.536820000E-7	6.505900000E+0	9.999823242E+3	2.069916000E+3
-3.054760000E-7	-1.013290000E-6	6.516000000E+0	9.999823242E+3	2.071529000E+3
-3.203770000E-7	-1.020740000E-6	6.527300000E+0	9.999823242E+3	2.073542000E+3
-2.905740000E-7	-1.028190000E-6	6.537400000E+0	9.999823242E+3	2.075889000E+3
-3.352780000E-7	-8.642710000E-7	6.547600000E+0	9.999823242E+3	2.078322000E+3
-2.533220000E-7	-8.642710000E-7	6.558400000E+0	9.999823242E+3	2.080309000E+3
-3.278270000E-7	-9.611320000E-7	6.568600000E+0	9.999823242E+3	2.082288000E+3
-2.607720000E-7	-9.313260000E-7	6.580400000E+0	9.999823242E+3	2.084692000E+3
-3.203770000E-7	-9.983850000E-7	6.592000000E+0	9.999823242E+3	2.087100000E+3
-2.384200000E-7	-9.983850000E-7	6.602900000E+0	9.999823242E+3	2.088874000E+3
-2.384200000E-7	-9.536820000E-7	6.614100000E+0	9.999823242E+3	2.091413000E+3
-3.129260000E-7	-1.020740000E-6	6.625100000E+0	9.999823242E+3	2.093392000E+3
-2.086170000E-7	-9.238760000E-7	6.637400000E+0	9.999823242E+3	2.095760000E+3
-3.054760000E-7	-9.313260000E-7	6.649200000E+0	9.999823242E+3	2.098583000E+3
-1.639140000E-7	-6.780060000E-7	6.661100000E+0	9.999823242E+3	2.100976000E+3
-2.086170000E-7	-7.301610000E-7	6.672400000E+0	9.999823242E+3	2.102971000E+3
-3.054760000E-7	-9.536820000E-7	6.683600000E+0	9.999823242E+3	2.105354000E+3
-2.607720000E-7	-9.611320000E-7	6.693900000E+0	9.999823242E+3	2.107379000E+3
-1.937160000E-7	-7.376110000E-7	6.704500000E+0	9.999823242E+3	2.109366000E+3
-2.458710000E-7	-1.035640000E-6	6.714600000E+0	9.999823242E+3	2.111384000E+3
-3.203770000E-7	-1.020740000E-6	6.725700000E+0	9.999823242E+3	2.113553000E+3
-2.831240000E-7	-1.035640000E-6	6.736900000E+0	9.999823242E+3	2.115930000E+3
-3.203770000E-7	-1.020740000E-6	6.747000000E+0	9.999823242E+3	2.118478000E+3
-2.980250000E-7	-9.387770000E-7	6.758900000E+0	9.999823242E+3	2.120031000E+3
-2.607720000E-7	-9.238760000E-7	6.768900000E+0	9.999823242E+3	2.122096000E+3
-2.980250000E-7	-9.909340000E-7	6.780800000E+0	9.999823242E+3	2.124869000E+3
-1.862650000E-7	-8.270180000E-7	6.791600000E+0	9.999823242E+3	2.127239000E+3
-1.415620000E-7	-7.301610000E-7	6.804200000E+0	9.999823242E+3	2.128868000E+3
-3.203770000E-7	-1.065440000E-6	6.814800000E+0	9.999823242E+3	2.131656000E+3
-2.756730000E-7	-9.536820000E-7	6.826400000E+0	9.999823242E+3	2.133644000E+3
-2.980250000E-7	-9.760330000E-7	6.836500000E+0	9.999823242E+3	2.135635000E+3
-1.937160000E-7	-8.791720000E-7	6.847500000E+0	9.999823242E+3	2.138477000E+3
-1.713640000E-7	-8.344690000E-7	6.859800000E+0	9.999823242E+3	2.140445000E+3
-1.341110000E-7	-5.960500000E-7	6.870000000E+0	9.999823242E+3	2.142440000E+3
-2.980250000E-7	-9.536820000E-7	6.880100000E+0	9.999823242E+3	2.144467000E+3
-1.415620000E-7	-7.376110000E-7	6.890600000E+0	9.999823242E+3	2.146916000E+3
-3.203770000E-7	-9.834840000E-7	6.902100000E+0	9.999823242E+3	2.148852000E+3
-2.980250000E-7	-9.983850000E-7	6.914400000E+0	9.999823242E+3	2.150843000E+3
-1.937160000E-7	-8.419190000E-7	6.924700000E+0	9.999823242E+3	2.153672000E+3
-2.160680000E-7	-1.020740000E-6	6.935100000E+0	9.999823242E+3	2.155782000E+3
-2.980250000E-7	-1.065440000E-6	6.947100000E+0	9.999823242E+3	2.157753000E+3
-2.905740000E-7	-9.909340000E-7	6.958600000E+0	9.999823242E+3	2.159754000E+3
-3.427290000E-7	-9.611320000E-7	6.970600000E+0	9.999823242E+3	2.162602000E+3
-1.639140000E-7	-7.674130000E-7	6.982300000E+0	9.999823242E+3	2.164960000E+3
-1.490130000E-7	-8.121170000E-7	6.992700000E+0	9.999823242E+3	2.167619000E+3
-2.682230000E-7	-8.344690000E-7	7.003300000E+0	9.999823242E+3	2.169128000E+3
