20250522_HM462Hf2Nb3Ru_chiAC_vs_T_B_4.001.txt Thu, May 22, 2025 4:20:27 PM Gabe
Magnet: None
Trigger spacing of 0.010000 on column #3
Offsets:	0.000000000E+0	0.000000000E+0	0.000000000E+0	0.000000000E+0	0.000000000E+0

Scale Factors:	1.000000000E+0	1.000000000E+0	1.000000000E+0	1.000000000E+0	1.000000000E+0

4T
Lockin_V_001	Chan2_V_001	Temperature_001	Field_001	Timestamp_001
-9.536820000E-7	-1.013290000E-6	7.000800000E+0	3.999965234E+4	3.300000000E-2
-3.576300000E-7	-1.788150000E-6	6.989300000E+0	3.999965234E+4	2.286600000E+1
0.000000000E+0	-1.311310000E-6	6.977000000E+0	3.999965234E+4	2.453100000E+1
4.768410000E-7	-2.503410000E-6	6.965700000E+0	3.999965234E+4	2.655800000E+1
2.622620000E-6	-2.145780000E-6	6.955600000E+0	3.999965234E+4	2.891100000E+1
-8.940730000E-7	-2.264990000E-6	6.945300000E+0	3.999965234E+4	3.058100000E+1
7.152590000E-7	-2.861040000E-6	6.934700000E+0	3.999965234E+4	3.256100000E+1
-5.364450000E-7	-1.370910000E-6	6.924600000E+0	3.999965234E+4	3.496500000E+1
4.172340000E-7	-1.847750000E-6	6.913600000E+0	3.999965234E+4	3.692600000E+1
1.788150000E-7	-2.086180000E-6	6.901800000E+0	3.999965234E+4	3.942300000E+1
4.172340000E-7	-1.847750000E-6	6.888600000E+0	3.999965234E+4	4.173300000E+1
1.251700000E-6	-1.788150000E-6	6.877200000E+0	3.999965234E+4	4.413100000E+1
5.960500000E-7	-9.536820000E-7	6.866100000E+0	3.999965234E+4	4.654200000E+1
9.536820000E-7	-2.324600000E-6	6.853200000E+0	3.999965234E+4	4.904500000E+1
-1.788150000E-7	-1.370910000E-6	6.843000000E+0	3.999965234E+4	5.078500000E+1
0.000000000E+0	-1.668940000E-6	6.831000000E+0	3.999965234E+4	5.359600000E+1
-2.384200000E-7	-2.384200000E-6	6.820000000E+0	3.999965234E+4	5.562000000E+1
-9.536820000E-7	-2.622620000E-6	6.808300000E+0	3.999965234E+4	5.805300000E+1
2.026570000E-6	-3.218670000E-6	6.796900000E+0	3.999965234E+4	5.998900000E+1
5.960500000E-7	-2.622620000E-6	6.786800000E+0	3.999965234E+4	6.239700000E+1
1.728540000E-6	-2.384200000E-6	6.775900000E+0	3.999965234E+4	6.440400000E+1
1.788150000E-6	-2.980250000E-6	6.765000000E+0	3.999965234E+4	6.640500000E+1
2.145780000E-6	-3.278270000E-6	6.754800000E+0	3.999965234E+4	6.840200000E+1
2.741830000E-6	-2.980250000E-6	6.744500000E+0	3.999965234E+4	7.082100000E+1
1.132500000E-6	-3.576290000E-6	6.732400000E+0	3.999965234E+4	7.287000000E+1
1.847750000E-6	-3.695500000E-6	6.719200000E+0	3.999965234E+4	7.560600000E+1
1.847750000E-6	-3.457080000E-6	6.707800000E+0	3.999965234E+4	7.799600000E+1
8.940730000E-7	-2.145780000E-6	6.696500000E+0	3.999965234E+4	8.040800000E+1
2.443800000E-6	-2.801430000E-6	6.684700000E+0	3.999965234E+4	8.241000000E+1
1.847750000E-6	-2.741830000E-6	6.673600000E+0	3.999965234E+4	8.494900000E+1
2.503410000E-6	-3.337870000E-6	6.663000000E+0	3.999965234E+4	8.694100000E+1
1.490120000E-6	-3.278270000E-6	6.651300000E+0	3.999965234E+4	8.933200000E+1
1.490120000E-6	-2.145780000E-6	6.639800000E+0	3.999965234E+4	9.137300000E+1
1.609330000E-6	-2.741830000E-6	6.626800000E+0	3.999965234E+4	9.414400000E+1
-1.788150000E-6	-2.086180000E-6	6.616800000E+0	3.999965234E+4	9.612200000E+1
-6.556550000E-7	-2.443800000E-6	6.605300000E+0	3.999965234E+4	9.856600000E+1
-1.788150000E-6	-2.384200000E-6	6.593300000E+0	3.999965234E+4	1.009720000E+2
-8.344690000E-7	-2.801430000E-6	6.581600000E+0	3.999965234E+4	1.029410000E+2
-2.324600000E-6	-1.788150000E-6	6.570400000E+0	3.999965234E+4	1.049530000E+2
-1.788150000E-6	-3.159060000E-6	6.559400000E+0	3.999965234E+4	1.077530000E+2
-3.039850000E-6	-2.980250000E-6	6.549000000E+0	3.999965234E+4	1.101470000E+2
-1.311310000E-6	-2.622620000E-6	6.536600000E+0	3.999965234E+4	1.119690000E+2
-1.549730000E-6	-2.920640000E-6	6.524100000E+0	3.999965234E+4	1.146800000E+2
-1.251700000E-6	-2.503410000E-6	6.514000000E+0	3.999965234E+4	1.164010000E+2
-1.132500000E-6	-2.324600000E-6	6.503200000E+0	3.999965234E+4	1.189030000E+2
-1.549730000E-6	-3.755110000E-6	6.492600000E+0	3.999965234E+4	1.214250000E+2
-5.960510000E-8	-3.576290000E-6	6.479800000E+0	3.999965234E+4	1.233510000E+2
-7.152590000E-7	-1.966970000E-6	6.468900000E+0	3.999965234E+4	1.255100000E+2
1.132500000E-6	-3.337870000E-6	6.458600000E+0	3.999965234E+4	1.279240000E+2
-1.430520000E-6	-2.682220000E-6	6.446500000E+0	3.999965234E+4	1.304720000E+2
-5.364450000E-7	-2.443800000E-6	6.433500000E+0	3.999965234E+4	1.326950000E+2
1.430520000E-6	-3.337870000E-6	6.419600000E+0	3.999965234E+4	1.355240000E+2
1.192100000E-6	-2.861040000E-6	6.408700000E+0	3.999965234E+4	1.376860000E+2
-1.788150000E-6	-2.324600000E-6	6.397600000E+0	3.999965234E+4	1.401500000E+2
-1.132500000E-6	-2.861040000E-6	6.385800000E+0	3.999965234E+4	1.423070000E+2
-1.370910000E-6	-2.324600000E-6	6.374900000E+0	3.999965234E+4	1.443240000E+2
3.576300000E-7	-1.549730000E-6	6.363300000E+0	3.999965234E+4	1.469630000E+2
4.768410000E-7	-1.847750000E-6	6.352400000E+0	3.999965234E+4	1.493590000E+2
-2.384200000E-7	1.192100000E-7	6.341800000E+0	3.999965234E+4	1.511900000E+2
1.788150000E-7	-1.490120000E-6	6.331200000E+0	3.999965234E+4	1.528810000E+2
2.026570000E-6	-1.549730000E-6	6.319200000E+0	3.999965234E+4	1.557740000E+2
-1.430520000E-6	-1.966970000E-6	6.307600000E+0	3.999965234E+4	1.580470000E+2
-9.536820000E-7	-1.668940000E-6	6.295700000E+0	3.999965234E+4	1.608520000E+2
8.940730000E-7	-1.728540000E-6	6.284300000E+0	3.999965234E+4	1.626960000E+2
-8.940730000E-7	-2.384200000E-6	6.273700000E+0	3.999965234E+4	1.647150000E+2
-1.192100000E-7	-1.549730000E-6	6.261100000E+0	3.999965234E+4	1.672560000E+2
4.768410000E-7	-3.159060000E-6	6.249700000E+0	3.999965234E+4	1.698270000E+2
-2.384200000E-6	-2.264990000E-6	6.237900000E+0	3.999965234E+4	1.719100000E+2
2.980250000E-7	-1.430520000E-6	6.226500000E+0	3.999965234E+4	1.743060000E+2
-8.940730000E-7	-9.536820000E-7	6.215800000E+0	3.999965234E+4	1.765930000E+2
1.966970000E-6	-3.576290000E-6	6.204100000E+0	3.999965234E+4	1.785680000E+2
1.013290000E-6	-2.086180000E-6	6.193200000E+0	3.999965234E+4	1.803610000E+2
8.940730000E-7	-2.026570000E-6	6.182400000E+0	3.999965234E+4	1.828480000E+2
1.549730000E-6	-1.311310000E-6	6.172200000E+0	3.999965234E+4	1.850020000E+2
-4.768410000E-7	-2.145780000E-6	6.160500000E+0	3.999965234E+4	1.875120000E+2
1.609330000E-6	-2.086180000E-6	6.148500000E+0	3.999965234E+4	1.896280000E+2
2.622620000E-6	-1.966970000E-6	6.137900000E+0	3.999965234E+4	1.916680000E+2
4.768410000E-7	-1.609330000E-6	6.126700000E+0	3.999965234E+4	1.943580000E+2
7.748640000E-7	-3.635900000E-6	6.114500000E+0	3.999965234E+4	1.968500000E+2
-1.311310000E-6	-1.370910000E-6	6.104000000E+0	3.999965234E+4	1.984610000E+2
1.311310000E-6	-2.741830000E-6	6.090600000E+0	3.999965234E+4	2.011530000E+2
9.536820000E-7	-2.682220000E-6	6.079900000E+0	3.999965234E+4	2.035240000E+2
-7.152590000E-7	-2.443800000E-6	6.068300000E+0	3.999965234E+4	2.058730000E+2
4.291560000E-6	-3.516690000E-6	6.056900000E+0	3.999965234E+4	2.085780000E+2
1.847750000E-6	-3.039850000E-6	6.045600000E+0	3.999965234E+4	2.103420000E+2
1.192100000E-6	-3.457080000E-6	6.035300000E+0	3.999965234E+4	2.124510000E+2
1.251700000E-6	-2.980250000E-6	6.024900000E+0	3.999965234E+4	2.145710000E+2
7.152590000E-7	-2.741830000E-6	6.014400000E+0	3.999965234E+4	2.167200000E+2
1.192100000E-7	-3.159060000E-6	6.002900000E+0	3.999965234E+4	2.184500000E+2
1.013290000E-6	-3.695500000E-6	5.992900000E+0	3.999965234E+4	2.208370000E+2
2.563010000E-6	-3.457080000E-6	5.980900000E+0	3.999965234E+4	2.231280000E+2
1.907360000E-6	-2.563010000E-6	5.969100000E+0	3.999965234E+4	2.260570000E+2
1.788150000E-6	-3.278270000E-6	5.958000000E+0	3.999965234E+4	2.278410000E+2
-4.768410000E-7	-2.682220000E-6	5.947700000E+0	3.999965234E+4	2.303430000E+2
1.549730000E-6	-3.933940000E-6	5.937100000E+0	3.999965234E+4	2.323200000E+2
1.132500000E-6	-3.218670000E-6	5.923500000E+0	3.999965234E+4	2.341940000E+2
3.397480000E-6	-2.920640000E-6	5.912000000E+0	3.999965234E+4	2.374360000E+2
5.364450000E-7	-2.920640000E-6	5.901700000E+0	3.999965234E+4	2.392400000E+2
1.609330000E-6	-3.576290000E-6	5.891000000E+0	3.999965234E+4	2.412690000E+2
1.430520000E-6	-3.516690000E-6	5.880300000E+0	3.999965234E+4	2.434120000E+2
2.622620000E-6	-3.516690000E-6	5.867000000E+0	3.999965234E+4	2.459440000E+2
2.980250000E-7	-2.801430000E-6	5.856900000E+0	3.999965234E+4	2.484550000E+2
3.457080000E-6	-2.622620000E-6	5.845400000E+0	3.999965234E+4	2.508640000E+2
4.172340000E-7	-3.635900000E-6	5.832100000E+0	3.999965234E+4	2.527720000E+2
2.861040000E-6	-3.993540000E-6	5.821400000E+0	3.999965234E+4	2.552640000E+2
2.443800000E-6	-3.337870000E-6	5.809500000E+0	3.999965234E+4	2.573890000E+2
4.351170000E-6	-4.470380000E-6	5.799100000E+0	3.999965234E+4	2.595580000E+2
3.695500000E-6	-6.377730000E-6	5.786700000E+0	3.999965234E+4	2.620740000E+2
1.490120000E-6	-5.066420000E-6	5.776200000E+0	3.999965234E+4	2.646350000E+2
2.384200000E-6	-6.079700000E-6	5.765500000E+0	3.999965234E+4	2.662120000E+2
2.622620000E-6	-4.410770000E-6	5.752900000E+0	3.999965234E+4	2.690420000E+2
3.576290000E-6	-5.602870000E-6	5.741300000E+0	3.999965234E+4	2.711120000E+2
3.278270000E-6	-4.112750000E-6	5.728500000E+0	3.999965234E+4	2.738640000E+2
2.086180000E-6	-3.337870000E-6	5.717700000E+0	3.999965234E+4	2.757920000E+2
3.278270000E-6	-4.291560000E-6	5.706800000E+0	3.999965234E+4	2.782210000E+2
1.132500000E-6	-4.410770000E-6	5.696400000E+0	3.999965234E+4	2.801960000E+2
3.218670000E-6	-5.304840000E-6	5.685800000E+0	3.999965234E+4	2.825510000E+2
1.430520000E-6	-4.351170000E-6	5.673900000E+0	3.999965234E+4	2.844940000E+2
2.682220000E-6	-5.126030000E-6	5.661700000E+0	3.999965234E+4	2.870060000E+2
3.159060000E-6	-5.543260000E-6	5.650200000E+0	3.999965234E+4	2.898590000E+2
3.457080000E-6	-5.066420000E-6	5.637200000E+0	3.999965234E+4	2.918220000E+2
4.470380000E-6	-4.828010000E-6	5.625100000E+0	3.999965234E+4	2.949040000E+2
4.887610000E-6	-4.947210000E-6	5.614700000E+0	3.999965234E+4	2.966280000E+2
2.384200000E-6	-4.529980000E-6	5.604300000E+0	3.999965234E+4	2.990370000E+2
2.026570000E-6	-4.351170000E-6	5.592400000E+0	3.999965234E+4	3.008980000E+2
3.576290000E-6	-4.291560000E-6	5.581900000E+0	3.999965234E+4	3.029760000E+2
3.993540000E-6	-4.947210000E-6	5.570500000E+0	3.999965234E+4	3.057870000E+2
2.920640000E-6	-5.900890000E-6	5.557300000E+0	3.999965234E+4	3.081270000E+2
4.410770000E-6	-4.172350000E-6	5.545600000E+0	3.999965234E+4	3.102180000E+2
2.324600000E-6	-3.814730000E-6	5.534400000E+0	3.999965234E+4	3.128880000E+2
5.364450000E-7	-3.337870000E-6	5.523900000E+0	3.999965234E+4	3.150440000E+2
9.536820000E-7	-3.814730000E-6	5.513400000E+0	3.999965234E+4	3.163510000E+2
2.741830000E-6	-4.112750000E-6	5.501100000E+0	3.999965234E+4	3.192920000E+2
3.159060000E-6	-4.172350000E-6	5.490700000E+0	3.999965234E+4	3.212320000E+2
5.304840000E-6	-4.291560000E-6	5.480500000E+0	3.999965234E+4	3.235510000E+2
2.920640000E-6	-3.457080000E-6	5.467100000E+0	3.999965234E+4	3.259460000E+2
4.172350000E-6	-4.053140000E-6	5.455500000E+0	3.999965234E+4	3.279370000E+2
3.218670000E-6	-3.874330000E-6	5.444000000E+0	3.999965234E+4	3.309250000E+2
1.788150000E-6	-3.755110000E-6	5.432600000E+0	3.999965234E+4	3.331730000E+2
3.397480000E-6	-3.993540000E-6	5.419800000E+0	3.999965234E+4	3.352490000E+2
3.755110000E-6	-5.006820000E-6	5.406400000E+0	3.999965234E+4	3.379510000E+2
3.099460000E-6	-4.410770000E-6	5.396200000E+0	3.999965234E+4	3.403910000E+2
1.192100000E-6	-3.457080000E-6	5.384900000E+0	3.999965234E+4	3.428930000E+2
2.264990000E-6	-3.874330000E-6	5.372000000E+0	3.999965234E+4	3.446530000E+2
1.192100000E-7	-3.159060000E-6	5.360800000E+0	3.999965234E+4	3.475640000E+2
2.443800000E-6	-3.099460000E-6	5.347900000E+0	3.999965234E+4	3.499950000E+2
3.039850000E-6	-3.337870000E-6	5.336400000E+0	3.999965234E+4	3.523760000E+2
1.072890000E-6	-3.755110000E-6	5.323600000E+0	3.999965234E+4	3.543740000E+2
4.172340000E-7	-3.218670000E-6	5.311200000E+0	3.999965234E+4	3.572040000E+2
-5.960510000E-8	-3.755110000E-6	5.298400000E+0	3.999965234E+4	3.601280000E+2
3.397480000E-6	-3.814730000E-6	5.288200000E+0	3.999965234E+4	3.618260000E+2
2.443800000E-6	-4.112750000E-6	5.276600000E+0	3.999965234E+4	3.644910000E+2
2.682220000E-6	-3.218670000E-6	5.266100000E+0	3.999965234E+4	3.664850000E+2
1.966970000E-6	-2.861040000E-6	5.255300000E+0	3.999965234E+4	3.683920000E+2
1.490120000E-6	-2.980250000E-6	5.244000000E+0	3.999965234E+4	3.707390000E+2
2.622620000E-6	-3.039850000E-6	5.233500000E+0	3.999965234E+4	3.731710000E+2
2.086180000E-6	-3.039850000E-6	5.219900000E+0	3.999965234E+4	3.751580000E+2
8.940730000E-7	-1.966970000E-6	5.208700000E+0	3.999965234E+4	3.780870000E+2
0.000000000E+0	-2.622620000E-6	5.196300000E+0	3.999965234E+4	3.799550000E+2
5.960510000E-8	-2.086180000E-6	5.183000000E+0	3.999965234E+4	3.828870000E+2
1.311310000E-6	-2.861040000E-6	5.171100000E+0	3.999965234E+4	3.856980000E+2
1.132500000E-6	-2.443800000E-6	5.158500000E+0	3.999965234E+4	3.871850000E+2
2.563010000E-6	-3.337870000E-6	5.145800000E+0	3.999965234E+4	3.904780000E+2
2.503410000E-6	-3.814730000E-6	5.132100000E+0	3.999965234E+4	3.929270000E+2
1.192100000E-7	-2.503410000E-6	5.121300000E+0	3.999965234E+4	3.953520000E+2
2.741830000E-6	-4.112750000E-6	5.109400000E+0	3.999965234E+4	3.979450000E+2
3.755110000E-6	-3.337870000E-6	5.098600000E+0	3.999965234E+4	3.996940000E+2
2.622620000E-6	-2.920640000E-6	5.087800000E+0	3.999965234E+4	4.021340000E+2
1.907360000E-6	-2.682220000E-6	5.077700000E+0	3.999965234E+4	4.035700000E+2
3.516690000E-6	-3.159060000E-6	5.065500000E+0	3.999965234E+4	4.064790000E+2
1.013290000E-6	-2.145780000E-6	5.055100000E+0	3.999965234E+4	4.087900000E+2
1.788150000E-6	-3.099460000E-6	5.044200000E+0	3.999965234E+4	4.102590000E+2
3.516690000E-6	-1.847750000E-6	5.033300000E+0	3.999965234E+4	4.129370000E+2
2.682220000E-6	-2.622620000E-6	5.019900000E+0	3.999965234E+4	4.155560000E+2
5.960510000E-8	-1.788150000E-6	5.008800000E+0	3.999965234E+4	4.179890000E+2
-1.192100000E-7	-1.609330000E-6	4.997700000E+0	3.999965234E+4	4.198550000E+2
2.443800000E-6	-3.576290000E-6	4.987600000E+0	3.999965234E+4	4.218110000E+2
1.847750000E-6	-3.218670000E-6	4.975400000E+0	3.999965234E+4	4.247740000E+2
3.218670000E-6	-1.430520000E-6	4.963500000E+0	3.999965234E+4	4.266260000E+2
1.430520000E-6	-2.801430000E-6	4.951700000E+0	3.999965234E+4	4.291770000E+2
1.251700000E-6	-1.966970000E-6	4.941400000E+0	3.999965234E+4	4.314580000E+2
2.324600000E-6	-1.609330000E-6	4.930400000E+0	3.999965234E+4	4.334440000E+2
2.920640000E-6	-2.741830000E-6	4.917700000E+0	3.999965234E+4	4.360820000E+2
1.549730000E-6	-1.728540000E-6	4.907000000E+0	3.999965234E+4	4.378960000E+2
1.609330000E-6	-3.159060000E-6	4.894100000E+0	3.999965234E+4	4.407780000E+2
1.490120000E-6	-1.966970000E-6	4.883600000E+0	3.999965234E+4	4.427270000E+2
-5.960510000E-8	-3.516690000E-6	4.872600000E+0	3.999965234E+4	4.450580000E+2
3.576300000E-7	-1.311310000E-6	4.859500000E+0	3.999965234E+4	4.474820000E+2
2.622620000E-6	-2.622620000E-6	4.848500000E+0	3.999965234E+4	4.498460000E+2
-1.311310000E-6	-2.503410000E-6	4.837100000E+0	3.999965234E+4	4.522370000E+2
1.490120000E-6	-2.920640000E-6	4.826900000E+0	3.999965234E+4	4.540960000E+2
1.192100000E-6	-2.384200000E-6	4.815400000E+0	3.999965234E+4	4.561220000E+2
0.000000000E+0	-2.205390000E-6	4.805000000E+0	3.999965234E+4	4.587670000E+2
-6.556550000E-7	-2.145780000E-6	4.793500000E+0	3.999965234E+4	4.604920000E+2
5.960500000E-7	-2.324600000E-6	4.780400000E+0	3.999965234E+4	4.634460000E+2
-6.556550000E-7	-2.682220000E-6	4.769300000E+0	3.999965234E+4	4.659590000E+2
9.536820000E-7	-3.516690000E-6	4.758900000E+0	3.999965234E+4	4.677240000E+2
-4.172340000E-7	-2.741830000E-6	4.748500000E+0	3.999965234E+4	4.698870000E+2
2.741830000E-6	-2.443800000E-6	4.736500000E+0	3.999965234E+4	4.725020000E+2
-5.364450000E-7	-2.682220000E-6	4.726100000E+0	3.999965234E+4	4.745290000E+2
-1.192100000E-7	-1.966970000E-6	4.714800000E+0	3.999965234E+4	4.762260000E+2
-1.072890000E-6	-1.251700000E-6	4.702100000E+0	3.999965234E+4	4.791790000E+2
4.172340000E-7	-3.278270000E-6	4.691500000E+0	3.999965234E+4	4.817170000E+2
1.013290000E-6	-2.622620000E-6	4.681100000E+0	3.999965234E+4	4.830780000E+2
5.960510000E-8	-2.861040000E-6	4.670900000E+0	3.999965234E+4	4.855580000E+2
4.768410000E-7	-2.384200000E-6	4.659900000E+0	3.999965234E+4	4.874320000E+2
1.311310000E-6	-2.026570000E-6	4.649300000E+0	3.999965234E+4	4.899020000E+2
4.172340000E-7	-3.159060000E-6	4.638200000E+0	3.999965234E+4	4.920020000E+2
1.192100000E-7	-3.933940000E-6	4.628000000E+0	3.999965234E+4	4.942460000E+2
1.370910000E-6	-3.874330000E-6	4.615500000E+0	3.999965234E+4	4.966760000E+2
1.788150000E-6	-3.635900000E-6	4.603600000E+0	3.999965234E+4	4.984830000E+2
-2.980250000E-7	-3.457080000E-6	4.591600000E+0	3.999965234E+4	5.014850000E+2
3.397480000E-6	-5.245240000E-6	4.581200000E+0	3.999965234E+4	5.034330000E+2
-3.576300000E-7	-4.053140000E-6	4.570600000E+0	3.999965234E+4	5.053320000E+2
4.768410000E-7	-3.814730000E-6	4.557800000E+0	3.999965234E+4	5.077640000E+2
5.960510000E-8	-3.278270000E-6	4.547600000E+0	3.999965234E+4	5.102170000E+2
1.072890000E-6	-3.218670000E-6	4.534600000E+0	3.999965234E+4	5.125130000E+2
1.609330000E-6	-3.993540000E-6	4.523600000E+0	3.999965234E+4	5.145220000E+2
-2.980250000E-7	-3.516690000E-6	4.512100000E+0	3.999965234E+4	5.171320000E+2
-1.311310000E-6	-3.755110000E-6	4.501500000E+0	3.999965234E+4	5.193110000E+2
-1.370910000E-6	-3.933940000E-6	4.487800000E+0	3.999965234E+4	5.219180000E+2
-4.768410000E-7	-4.708800000E-6	4.477200000E+0	3.999965234E+4	5.243790000E+2
-2.086180000E-6	-3.039850000E-6	4.463100000E+0	3.999965234E+4	5.266670000E+2
-1.549730000E-6	-3.159060000E-6	4.449700000E+0	3.999965234E+4	5.296140000E+2
-5.364450000E-7	-3.457080000E-6	4.438600000E+0	3.999965234E+4	5.319600000E+2
-1.788150000E-6	-8.344690000E-7	4.428100000E+0	3.999965234E+4	5.339220000E+2
-1.192100000E-6	-1.907360000E-6	4.412500000E+0	3.999965234E+4	5.367730000E+2
1.013290000E-6	-3.337870000E-6	4.401000000E+0	3.999965234E+4	5.391750000E+2
-2.205390000E-6	-2.145780000E-6	4.390800000E+0	3.999965234E+4	5.420130000E+2
-4.947210000E-6	-1.907360000E-6	4.379700000E+0	3.999965234E+4	5.435860000E+2
-2.145780000E-6	-1.847750000E-6	4.369100000E+0	3.999965234E+4	5.457250000E+2
-1.668940000E-6	-2.801430000E-6	4.356500000E+0	3.999965234E+4	5.483640000E+2
-9.536820000E-7	-2.861040000E-6	4.345700000E+0	3.999965234E+4	5.503950000E+2
-1.609330000E-6	-2.324600000E-6	4.335200000E+0	3.999965234E+4	5.525180000E+2
-2.264990000E-6	-2.443800000E-6	4.325200000E+0	3.999965234E+4	5.546780000E+2
-5.364450000E-7	-2.801430000E-6	4.313500000E+0	3.999965234E+4	5.568450000E+2
-2.145780000E-6	-2.980250000E-6	4.303300000E+0	3.999965234E+4	5.591080000E+2
-1.549730000E-6	-8.940730000E-7	4.291100000E+0	3.999965234E+4	5.614540000E+2
-2.443800000E-6	-2.324600000E-6	4.278200000E+0	3.999965234E+4	5.639720000E+2
-3.218670000E-6	-1.966970000E-6	4.266400000E+0	3.999965234E+4	5.662820000E+2
-1.370910000E-6	-2.741830000E-6	4.254300000E+0	3.999965234E+4	5.688130000E+2
-4.470380000E-6	-2.741830000E-6	4.242800000E+0	3.999965234E+4	5.708290000E+2
-3.218670000E-6	-2.145780000E-6	4.231600000E+0	3.999965234E+4	5.736090000E+2
-2.682220000E-6	-1.788150000E-6	4.221400000E+0	3.999965234E+4	5.756030000E+2
-1.847750000E-6	-2.145780000E-6	4.210500000E+0	3.999965234E+4	5.771880000E+2
-4.112750000E-6	-2.503410000E-6	4.198400000E+0	3.999965234E+4	5.798300000E+2
-2.324600000E-6	-2.264990000E-6	4.184900000E+0	3.999965234E+4	5.823810000E+2
-3.337870000E-6	-3.457080000E-6	4.171400000E+0	3.999965234E+4	5.853180000E+2
-4.112750000E-6	-2.920640000E-6	4.160200000E+0	3.999965234E+4	5.874640000E+2
-4.351170000E-6	-2.205390000E-6	4.149600000E+0	3.999965234E+4	5.901440000E+2
-4.112750000E-6	-2.145780000E-6	4.139500000E+0	3.999965234E+4	5.917290000E+2
-1.907360000E-6	-3.457080000E-6	4.128900000E+0	3.999965234E+4	5.935090000E+2
-1.549730000E-6	-2.861040000E-6	4.118800000E+0	3.999965234E+4	5.955280000E+2
-3.635900000E-6	-1.668940000E-6	4.107400000E+0	3.999965234E+4	5.985200000E+2
-1.788150000E-6	-2.503410000E-6	4.097300000E+0	3.999965234E+4	5.998960000E+2
-2.086180000E-6	-2.026570000E-6	4.086500000E+0	3.999965234E+4	6.018540000E+2
-1.430520000E-6	-1.192100000E-6	4.074200000E+0	3.999965234E+4	6.051250000E+2
-1.609330000E-6	-1.549730000E-6	4.063500000E+0	3.999965234E+4	6.067240000E+2
-2.920640000E-6	-1.847750000E-6	4.053100000E+0	3.999965234E+4	6.086760000E+2
-5.960500000E-7	-1.966970000E-6	4.042300000E+0	3.999965234E+4	6.109130000E+2
-6.556550000E-7	-1.072890000E-6	4.031000000E+0	3.999965234E+4	6.129770000E+2
-5.960500000E-7	-2.324600000E-6	4.019700000E+0	3.999965234E+4	6.160450000E+2
1.609330000E-6	-2.682220000E-6	4.007600000E+0	3.999965234E+4	6.178070000E+2
-2.741830000E-6	-2.026570000E-6	3.996800000E+0	3.999965234E+4	6.202600000E+2
-1.311310000E-6	-2.145780000E-6	3.986500000E+0	3.999965234E+4	6.227190000E+2
-9.536820000E-7	-1.728540000E-6	3.974900000E+0	3.999965234E+4	6.241230000E+2
7.152590000E-7	-3.635900000E-6	3.962600000E+0	3.999965234E+4	6.270580000E+2
-1.192100000E-6	-2.861040000E-6	3.952600000E+0	3.999965234E+4	6.289450000E+2
-2.741830000E-6	-2.622620000E-6	3.941900000E+0	3.999965234E+4	6.313530000E+2
-6.556550000E-7	-2.384200000E-6	3.929700000E+0	3.999965234E+4	6.333600000E+2
-1.430520000E-6	-1.966970000E-6	3.919200000E+0	3.999965234E+4	6.357400000E+2
7.152590000E-7	-2.682220000E-6	3.906600000E+0	3.999965234E+4	6.381690000E+2
-1.132500000E-6	-2.741830000E-6	3.894900000E+0	3.999965234E+4	6.401570000E+2
2.980250000E-7	-3.159060000E-6	3.883300000E+0	3.999965234E+4	6.431930000E+2
-1.490120000E-6	-2.503410000E-6	3.872400000E+0	3.999965234E+4	6.449330000E+2
-7.748640000E-7	-3.039850000E-6	3.862300000E+0	3.999965234E+4	6.469540000E+2
-6.556550000E-7	-4.112750000E-6	3.850700000E+0	3.999965234E+4	6.500620000E+2
-2.324600000E-6	-2.741830000E-6	3.838700000E+0	3.999965234E+4	6.513730000E+2
-1.668940000E-6	-3.576290000E-6	3.827500000E+0	3.999965234E+4	6.543100000E+2
-6.556550000E-7	-4.112750000E-6	3.814000000E+0	3.999965234E+4	6.564610000E+2
-1.490120000E-6	-3.337870000E-6	3.801000000E+0	3.999965234E+4	6.591380000E+2
5.960510000E-8	-3.516690000E-6	3.790600000E+0	3.999965234E+4	6.614720000E+2
-2.801430000E-6	-3.635900000E-6	3.778300000E+0	3.999965234E+4	6.641560000E+2
-1.549730000E-6	-2.384200000E-6	3.767000000E+0	3.999965234E+4	6.658660000E+2
-2.741830000E-6	-3.159060000E-6	3.754800000E+0	3.999965234E+4	6.689420000E+2
-1.788150000E-6	-3.755110000E-6	3.742600000E+0	3.999965234E+4	6.708160000E+2
-2.324600000E-6	-3.755110000E-6	3.732100000E+0	3.999965234E+4	6.733340000E+2
-1.966970000E-6	-2.920640000E-6	3.720200000E+0	3.999965234E+4	6.756200000E+2
5.960510000E-8	-3.218670000E-6	3.709600000E+0	3.999965234E+4	6.776080000E+2
1.370910000E-6	-2.741830000E-6	3.699300000E+0	3.999965234E+4	6.801380000E+2
1.847750000E-6	-3.933940000E-6	3.689300000E+0	3.999965234E+4	6.815260000E+2
1.192100000E-6	-3.457080000E-6	3.676700000E+0	3.999965234E+4	6.843920000E+2
2.443800000E-6	-3.933940000E-6	3.666600000E+0	3.999965234E+4	6.862870000E+2
1.609330000E-6	-4.768400000E-6	3.656400000E+0	3.999965234E+4	6.877990000E+2
1.192100000E-6	-4.529980000E-6	3.643900000E+0	3.999965234E+4	6.907340000E+2
1.549730000E-6	-4.708800000E-6	3.632400000E+0	3.999965234E+4	6.925240000E+2
7.748640000E-7	-3.755110000E-6	3.620700000E+0	3.999965234E+4	6.955110000E+2
2.920640000E-6	-4.589590000E-6	3.604600000E+0	3.999965234E+4	6.982030000E+2
1.549730000E-6	-3.457080000E-6	3.590100000E+0	3.999965234E+4	7.017950000E+2
-1.072890000E-6	-3.576290000E-6	3.579200000E+0	3.999965234E+4	7.039060000E+2
1.847750000E-6	-3.933940000E-6	3.567200000E+0	3.999965234E+4	7.065430000E+2
7.152590000E-7	-3.814730000E-6	3.556000000E+0	3.999965234E+4	7.087140000E+2
2.086180000E-6	-4.053140000E-6	3.542900000E+0	3.999965234E+4	7.119030000E+2
1.907360000E-6	-5.424050000E-6	3.532500000E+0	3.999965234E+4	7.140110000E+2
9.536820000E-7	-3.993540000E-6	3.515000000E+0	3.999965234E+4	7.171950000E+2
1.370910000E-6	-5.006820000E-6	3.501400000E+0	3.999965234E+4	7.204270000E+2
3.457080000E-6	-5.424050000E-6	3.491200000E+0	3.999965234E+4	7.225960000E+2
1.013290000E-6	-3.874330000E-6	3.479100000E+0	3.999965234E+4	7.257410000E+2
6.556550000E-7	-5.006820000E-6	3.466200000E+0	3.999965234E+4	7.278830000E+2
2.682220000E-6	-5.066420000E-6	3.453200000E+0	3.999965234E+4	7.310590000E+2
1.192100000E-6	-5.066420000E-6	3.440500000E+0	3.999965234E+4	7.332460000E+2
3.218670000E-6	-5.424050000E-6	3.428800000E+0	3.999965234E+4	7.364140000E+2
2.026570000E-6	-5.304840000E-6	3.416500000E+0	3.999965234E+4	7.385540000E+2
2.741830000E-6	-4.708800000E-6	3.401300000E+0	3.999965234E+4	7.417950000E+2
2.622620000E-6	-6.318120000E-6	3.390900000E+0	3.999965234E+4	7.438870000E+2
1.549730000E-6	-5.662470000E-6	3.379500000E+0	3.999965234E+4	7.470910000E+2
2.324600000E-6	-4.589590000E-6	3.363600000E+0	3.999965234E+4	7.496010000E+2
3.755110000E-6	-4.112750000E-6	3.349000000E+0	3.999965234E+4	7.528140000E+2
3.933940000E-6	-3.874330000E-6	3.334200000E+0	3.999965234E+4	7.560030000E+2
2.324600000E-6	-3.755110000E-6	3.319600000E+0	3.999965234E+4	7.592510000E+2
2.980250000E-6	-4.410770000E-6	3.308200000E+0	3.999965234E+4	7.619310000E+2
1.668940000E-6	-4.053140000E-6	3.296300000E+0	3.999965234E+4	7.640380000E+2
2.026570000E-6	-4.649190000E-6	3.280900000E+0	3.999965234E+4	7.672410000E+2
1.192100000E-6	-4.649190000E-6	3.270800000E+0	3.999965234E+4	7.693740000E+2
2.741830000E-6	-4.649190000E-6	3.257400000E+0	3.999965234E+4	7.726040000E+2
2.264990000E-6	-3.218670000E-6	3.245900000E+0	3.999965234E+4	7.747390000E+2
1.788150000E-7	-3.695500000E-6	3.234300000E+0	3.999965234E+4	7.768200000E+2
1.311310000E-6	-3.576290000E-6	3.222100000E+0	3.999965234E+4	7.800340000E+2
5.960500000E-7	-4.291560000E-6	3.210200000E+0	3.999965234E+4	7.821610000E+2
2.264990000E-6	-3.755110000E-6	3.195200000E+0	3.999965234E+4	7.853600000E+2
2.801430000E-6	-3.933940000E-6	3.179900000E+0	3.999965234E+4	7.885670000E+2
3.397480000E-6	-4.589590000E-6	3.169400000E+0	3.999965234E+4	7.913510000E+2
6.556550000E-7	-2.324600000E-6	3.153100000E+0	3.999965234E+4	7.938960000E+2
1.788150000E-6	-3.516690000E-6	3.142600000E+0	3.999965234E+4	7.969880000E+2
1.311310000E-6	-3.635900000E-6	3.127700000E+0	3.999965234E+4	7.991580000E+2
1.728540000E-6	-4.351170000E-6	3.115300000E+0	3.999965234E+4	8.023460000E+2
1.788150000E-6	-3.993540000E-6	3.104300000E+0	3.999965234E+4	8.044350000E+2
2.324600000E-6	-4.529980000E-6	3.093800000E+0	3.999965234E+4	8.075480000E+2
1.907360000E-6	-3.993540000E-6	3.077200000E+0	3.999965234E+4	8.096840000E+2
4.112750000E-6	-5.066420000E-6	3.066600000E+0	3.999965234E+4	8.128500000E+2
1.192100000E-6	-3.039850000E-6	3.053900000E+0	3.999965234E+4	8.150200000E+2
2.145780000E-6	-3.159060000E-6	3.043700000E+0	3.999965234E+4	8.175240000E+2
1.907360000E-6	-4.947210000E-6	3.031800000E+0	3.999965234E+4	8.196920000E+2
2.443800000E-6	-3.695500000E-6	3.012600000E+0	3.999965234E+4	8.233920000E+2
3.337870000E-6	-4.887610000E-6	2.995200000E+0	3.999965234E+4	8.277090000E+2
1.251700000E-6	-3.635900000E-6	2.984300000E+0	3.999965234E+4	8.298260000E+2
2.026570000E-6	-3.635900000E-6	2.968700000E+0	3.999965234E+4	8.333830000E+2
3.814730000E-6	-4.351170000E-6	2.957100000E+0	3.999965234E+4	8.355340000E+2
1.609330000E-6	-4.112750000E-6	2.944800000E+0	3.999965234E+4	8.382210000E+2
3.039850000E-6	-4.172350000E-6	2.932700000E+0	3.999965234E+4	8.403420000E+2
3.755110000E-6	-3.516690000E-6	2.918600000E+0	3.999965234E+4	8.439250000E+2
3.099460000E-6	-4.351170000E-6	2.907300000E+0	3.999965234E+4	8.460370000E+2
3.695500000E-6	-2.920640000E-6	2.889400000E+0	3.999965234E+4	8.492670000E+2
1.132500000E-6	-2.980250000E-6	2.875400000E+0	3.999965234E+4	8.529730000E+2
3.278270000E-6	-3.635900000E-6	2.862300000E+0	3.999965234E+4	8.551460000E+2
3.337870000E-6	-3.814730000E-6	2.848200000E+0	3.999965234E+4	8.587740000E+2
4.589590000E-6	-4.172350000E-6	2.836700000E+0	3.999965234E+4	8.609440000E+2
8.344690000E-7	-3.218670000E-6	2.819000000E+0	3.999965234E+4	8.640800000E+2
2.086180000E-6	-4.291560000E-6	2.806200000E+0	3.999965234E+4	8.678050000E+2
1.788150000E-6	-4.112750000E-6	2.792600000E+0	3.999965234E+4	8.699480000E+2
1.192100000E-6	-3.397480000E-6	2.777500000E+0	3.999965234E+4	8.731250000E+2
3.695500000E-6	-4.053140000E-6	2.763600000E+0	3.999965234E+4	8.763220000E+2
3.159060000E-6	-3.933940000E-6	2.753100000E+0	3.999965234E+4	8.784820000E+2
3.635900000E-6	-4.768400000E-6	2.738600000E+0	3.999965234E+4	8.816960000E+2
3.397480000E-6	-5.662470000E-6	2.728000000E+0	3.999965234E+4	8.842760000E+2
1.549730000E-6	-4.887610000E-6	2.716400000E+0	3.999965234E+4	8.863720000E+2
2.086180000E-6	-4.887610000E-6	2.705900000E+0	3.999965234E+4	8.889990000E+2
3.457080000E-6	-5.304840000E-6	2.690900000E+0	3.999965234E+4	8.911480000E+2
2.384200000E-6	-5.543260000E-6	2.679400000E+0	3.999965234E+4	8.943240000E+2
3.576290000E-6	-6.139310000E-6	2.668500000E+0	3.999965234E+4	8.964750000E+2
3.039850000E-6	-5.722080000E-6	2.655100000E+0	3.999965234E+4	8.990380000E+2
4.768410000E-7	-6.496940000E-6	2.641300000E+0	3.999965234E+4	9.022200000E+2
1.728540000E-6	-6.973770000E-6	2.629800000E+0	3.999965234E+4	9.043260000E+2
1.847750000E-6	-6.914170000E-6	2.616400000E+0	3.999965234E+4	9.075540000E+2
2.384200000E-6	-7.987080000E-6	2.604500000E+0	3.999965234E+4	9.097110000E+2
1.370910000E-6	-7.987080000E-6	2.587300000E+0	3.999965234E+4	9.134010000E+2
2.384200000E-7	-8.404310000E-6	2.576200000E+0	3.999965234E+4	9.164610000E+2
4.172340000E-7	-9.238780000E-6	2.562200000E+0	3.999965234E+4	9.186150000E+2
-2.503410000E-6	-8.881150000E-6	2.547700000E+0	3.999965234E+4	9.218900000E+2
-3.695500000E-6	-1.060970000E-5	2.534000000E+0	3.999965234E+4	9.250160000E+2
-1.668940000E-6	-1.084810000E-5	2.523100000E+0	3.999965234E+4	9.271890000E+2
-4.708800000E-6	-1.090770000E-5	2.512000000E+0	3.999965234E+4	9.293340000E+2
-4.768400000E-6	-1.257660000E-5	2.498600000E+0	3.999965234E+4	9.324970000E+2
-3.933940000E-6	-1.347070000E-5	2.488000000E+0	3.999965234E+4	9.346860000E+2
-7.033380000E-6	-1.412640000E-5	2.472400000E+0	3.999965234E+4	9.378290000E+2
-8.761940000E-6	-1.460320000E-5	2.456900000E+0	3.999965234E+4	9.414880000E+2
-9.536800000E-6	-1.513960000E-5	2.445700000E+0	3.999965234E+4	9.436180000E+2
-1.192100000E-5	-1.549730000E-5	2.434900000E+0	3.999965234E+4	9.457470000E+2
-1.424560000E-5	-1.645100000E-5	2.421100000E+0	3.999965234E+4	9.489720000E+2
-1.537810000E-5	-1.627220000E-5	2.410200000E+0	3.999965234E+4	9.510360000E+2
-1.853720000E-5	-1.555690000E-5	2.395900000E+0	3.999965234E+4	9.542240000E+2
-2.038490000E-5	-1.591460000E-5	2.383700000E+0	3.999965234E+4	9.563660000E+2
-2.056370000E-5	-1.627220000E-5	2.370800000E+0	3.999965234E+4	9.595980000E+2
-2.217300000E-5	-1.615300000E-5	2.359500000E+0	3.999965234E+4	9.617750000E+2
-2.497450000E-5	-1.597420000E-5	2.347300000E+0	3.999965234E+4	9.644280000E+2
-2.723940000E-5	-1.531850000E-5	2.335700000E+0	3.999965234E+4	9.674740000E+2
-2.843150000E-5	-1.531850000E-5	2.320400000E+0	3.999965234E+4	9.695610000E+2
-3.039850000E-5	-1.484160000E-5	2.308300000E+0	3.999965234E+4	9.727650000E+2
-3.391530000E-5	-1.394750000E-5	2.296600000E+0	3.999965234E+4	9.748890000E+2
-3.415370000E-5	-1.364950000E-5	2.282700000E+0	3.999965234E+4	9.780890000E+2
-3.552460000E-5	-1.329190000E-5	2.267600000E+0	3.999965234E+4	9.813230000E+2
-3.641870000E-5	-1.221900000E-5	2.256600000E+0	3.999965234E+4	9.834360000E+2
-3.850480000E-5	-1.180180000E-5	2.243900000E+0	3.999965234E+4	9.866250000E+2
-3.981610000E-5	-1.037130000E-5	2.231200000E+0	3.999965234E+4	9.887670000E+2
-4.124660000E-5	-8.881150000E-6	2.217100000E+0	3.999965234E+4	9.919630000E+2
-4.071020000E-5	-9.059960000E-6	2.206800000E+0	3.999965234E+4	9.941190000E+2
-4.190230000E-5	-8.642730000E-6	2.193000000E+0	3.999965234E+4	9.973120000E+2
-4.363080000E-5	-8.702340000E-6	2.181200000E+0	3.999965234E+4	9.994020000E+2
-4.500170000E-5	-7.569820000E-6	2.168100000E+0	3.999965234E+4	1.002678000E+3
-4.678990000E-5	-7.689060000E-6	2.156300000E+0	3.999965234E+4	1.004745000E+3
-4.649190000E-5	-7.510210000E-6	2.143400000E+0	3.999965234E+4	1.007957000E+3
-4.822040000E-5	-7.033380000E-6	2.131400000E+0	3.999965234E+4	1.010066000E+3
-4.792240000E-5	-7.987080000E-6	2.117900000E+0	3.999965234E+4	1.013330000E+3
-4.798200000E-5	-7.331400000E-6	2.106300000E+0	3.999965234E+4	1.015425000E+3
-4.816080000E-5	-7.391010000E-6	2.091600000E+0	3.999965234E+4	1.018660000E+3
-4.804160000E-5	-7.271800000E-6	2.080900000E+0	3.999965234E+4	1.020752000E+3
-4.845880000E-5	-7.450610000E-6	2.070900000E+0	3.999965234E+4	1.022930000E+3
-4.881640000E-5	-6.496940000E-6	2.059900000E+0	3.999965234E+4	1.025032000E+3
-4.935290000E-5	-6.675750000E-6	2.049100000E+0	3.999965234E+4	1.027548000E+3
-4.941250000E-5	-6.258520000E-6	2.038900000E+0	3.999965234E+4	1.029782000E+3
-5.000850000E-5	-5.543260000E-6	2.024700000E+0	3.999965234E+4	1.032279000E+3
-5.060460000E-5	-5.900890000E-6	2.006000000E+0	3.999965234E+4	1.036375000E+3
-5.245230000E-5	-5.424050000E-6	2.017000000E+0	3.999965234E+4	1.167659000E+3
-5.179670000E-5	-5.483660000E-6	2.028900000E+0	3.999965234E+4	1.170451000E+3
-5.185630000E-5	-6.318120000E-6	2.040200000E+0	3.999965234E+4	1.172816000E+3
-5.000850000E-5	-5.722080000E-6	2.051200000E+0	3.999965234E+4	1.174806000E+3
-4.917410000E-5	-6.079700000E-6	2.062000000E+0	3.999965234E+4	1.176871000E+3
-5.054500000E-5	-6.437330000E-6	2.073900000E+0	3.999965234E+4	1.179609000E+3
-5.036620000E-5	-6.616140000E-6	2.086800000E+0	3.999965234E+4	1.181772000E+3
-4.857800000E-5	-7.212190000E-6	2.099700000E+0	3.999965234E+4	1.184771000E+3
-4.828000000E-5	-6.914170000E-6	2.112000000E+0	3.999965234E+4	1.186837000E+3
-4.804160000E-5	-7.867870000E-6	2.123100000E+0	3.999965234E+4	1.189343000E+3
-4.702830000E-5	-7.987080000E-6	2.133200000E+0	3.999965234E+4	1.191024000E+3
-4.488250000E-5	-8.285100000E-6	2.143400000E+0	3.999965234E+4	1.193422000E+3
-4.524020000E-5	-9.238780000E-6	2.154400000E+0	3.999965234E+4	1.195413000E+3
-4.506130000E-5	-9.000360000E-6	2.165700000E+0	3.999965234E+4	1.198003000E+3
-4.529980000E-5	-9.298380000E-6	2.176300000E+0	3.999965234E+4	1.199600000E+3
-4.327320000E-5	-1.025210000E-5	2.187000000E+0	3.999965234E+4	1.202264000E+3
-4.363080000E-5	-1.031170000E-5	2.198500000E+0	3.999965234E+4	1.204338000E+3
-4.172350000E-5	-1.037130000E-5	2.210100000E+0	3.999965234E+4	1.206710000E+3
-4.154470000E-5	-1.102690000E-5	2.221200000E+0	3.999965234E+4	1.208698000E+3
-3.892210000E-5	-1.168260000E-5	2.233300000E+0	3.999965234E+4	1.211268000E+3
-3.945850000E-5	-1.138450000E-5	2.243600000E+0	3.999965234E+4	1.213390000E+3
-3.850480000E-5	-1.132490000E-5	2.255200000E+0	3.999965234E+4	1.215911000E+3
-3.635910000E-5	-1.162300000E-5	2.266200000E+0	3.999965234E+4	1.217612000E+3
-3.564380000E-5	-1.209980000E-5	2.276700000E+0	3.999965234E+4	1.220006000E+3
-3.415370000E-5	-1.293430000E-5	2.287400000E+0	3.999965234E+4	1.222020000E+3
-3.254440000E-5	-1.257660000E-5	2.298500000E+0	3.999965234E+4	1.224638000E+3
-3.302120000E-5	-1.329190000E-5	2.309400000E+0	3.999965234E+4	1.226164000E+3
-2.992160000E-5	-1.305350000E-5	2.320000000E+0	3.999965234E+4	1.228879000E+3
-2.867000000E-5	-1.478200000E-5	2.331800000E+0	3.999965234E+4	1.231229000E+3
-2.455720000E-5	-1.627220000E-5	2.343100000E+0	3.999965234E+4	1.233245000E+3
-2.163660000E-5	-1.627220000E-5	2.354900000E+0	3.999965234E+4	1.235762000E+3
-1.978890000E-5	-1.609340000E-5	2.366400000E+0	3.999965234E+4	1.237883000E+3
-1.847760000E-5	-1.686820000E-5	2.376800000E+0	3.999965234E+4	1.239884000E+3
-1.740470000E-5	-1.847760000E-5	2.387000000E+0	3.999965234E+4	1.242025000E+3
-1.519920000E-5	-1.770270000E-5	2.398300000E+0	3.999965234E+4	1.244425000E+3
-1.204020000E-5	-1.358990000E-5	2.408900000E+0	3.999965234E+4	1.246152000E+3
-1.192100000E-5	-1.794110000E-5	2.419600000E+0	3.999965234E+4	1.248597000E+3
-1.055010000E-5	-1.788150000E-5	2.431200000E+0	3.999965234E+4	1.250557000E+3
-1.066930000E-5	-1.740470000E-5	2.441900000E+0	3.999965234E+4	1.253243000E+3
-1.007320000E-5	-1.633180000E-5	2.452100000E+0	3.999965234E+4	1.254852000E+3
-7.510210000E-6	-1.549730000E-5	2.462700000E+0	3.999965234E+4	1.257449000E+3
-5.662470000E-6	-1.502040000E-5	2.475100000E+0	3.999965234E+4	1.259361000E+3
-4.053140000E-6	-1.502040000E-5	2.486100000E+0	3.999965234E+4	1.262210000E+3
-5.006820000E-6	-1.478200000E-5	2.496500000E+0	3.999965234E+4	1.263910000E+3
-3.635900000E-6	-1.400710000E-5	2.507200000E+0	3.999965234E+4	1.266328000E+3
-2.205390000E-6	-1.329190000E-5	2.518700000E+0	3.999965234E+4	1.268425000E+3
-8.344690000E-7	-1.293430000E-5	2.529400000E+0	3.999965234E+4	1.270428000E+3
-1.788150000E-7	-1.198060000E-5	2.540400000E+0	3.999965234E+4	1.273144000E+3
-4.172340000E-7	-1.341110000E-5	2.551100000E+0	3.999965234E+4	1.274695000E+3
-9.536820000E-7	-1.281510000E-5	2.561200000E+0	3.999965234E+4	1.277170000E+3
8.344690000E-7	-1.186140000E-5	2.572900000E+0	3.999965234E+4	1.279101000E+3
2.384200000E-6	-1.156340000E-5	2.584100000E+0	3.999965234E+4	1.281555000E+3
5.960500000E-7	-1.072890000E-5	2.596800000E+0	3.999965234E+4	1.284147000E+3
5.960510000E-8	-1.060970000E-5	2.608100000E+0	3.999965234E+4	1.286617000E+3
1.490120000E-6	-1.013280000E-5	2.620200000E+0	3.999965234E+4	1.288707000E+3
1.609330000E-6	-1.007320000E-5	2.630300000E+0	3.999965234E+4	1.290798000E+3
1.370910000E-6	-1.031170000E-5	2.641100000E+0	3.999965234E+4	1.292880000E+3
1.490120000E-6	-7.987080000E-6	2.652900000E+0	3.999965234E+4	1.295636000E+3
2.086180000E-6	-8.523520000E-6	2.664600000E+0	3.999965234E+4	1.297233000E+3
1.788150000E-7	-8.285100000E-6	2.675100000E+0	3.999965234E+4	1.299629000E+3
2.682220000E-6	-8.523520000E-6	2.685700000E+0	3.999965234E+4	1.301795000E+3
2.384200000E-6	-8.046690000E-6	2.697400000E+0	3.999965234E+4	1.304458000E+3
2.682220000E-6	-7.391010000E-6	2.707800000E+0	3.999965234E+4	1.306464000E+3
2.086180000E-6	-8.821550000E-6	2.718300000E+0	3.999965234E+4	1.308031000E+3
1.490120000E-6	-7.867870000E-6	2.729900000E+0	3.999965234E+4	1.310845000E+3
1.430520000E-6	-7.748660000E-6	2.741800000E+0	3.999965234E+4	1.312996000E+3
1.549730000E-6	-6.675750000E-6	2.752400000E+0	3.999965234E+4	1.315378000E+3
1.072890000E-6	-6.139310000E-6	2.762900000E+0	3.999965234E+4	1.317397000E+3
1.013290000E-6	-6.318120000E-6	2.773300000E+0	3.999965234E+4	1.319545000E+3
3.457080000E-6	-6.496940000E-6	2.783300000E+0	3.999965234E+4	1.321512000E+3
1.311310000E-6	-5.602870000E-6	2.795500000E+0	3.999965234E+4	1.324047000E+3
1.430520000E-6	-6.616140000E-6	2.806100000E+0	3.999965234E+4	1.326179000E+3
3.278270000E-6	-6.079700000E-6	2.817600000E+0	3.999965234E+4	1.328172000E+3
-2.384200000E-7	-6.318120000E-6	2.828300000E+0	3.999965234E+4	1.330573000E+3
2.861040000E-6	-6.079700000E-6	2.838700000E+0	3.999965234E+4	1.332589000E+3
1.788150000E-6	-6.079700000E-6	2.850100000E+0	3.999965234E+4	1.335153000E+3
5.960500000E-7	-6.616140000E-6	2.863400000E+0	3.999965234E+4	1.337267000E+3
1.907360000E-6	-6.198910000E-6	2.874400000E+0	3.999965234E+4	1.339683000E+3
4.172340000E-7	-5.841280000E-6	2.885200000E+0	3.999965234E+4	1.342050000E+3
4.172340000E-7	-5.841280000E-6	2.895700000E+0	3.999965234E+4	1.343492000E+3
9.536820000E-7	-6.437330000E-6	2.907400000E+0	3.999965234E+4	1.346198000E+3
-1.788150000E-7	-6.318120000E-6	2.918400000E+0	3.999965234E+4	1.348172000E+3
8.940730000E-7	-6.377730000E-6	2.928900000E+0	3.999965234E+4	1.350819000E+3
-1.192100000E-7	-5.960490000E-6	2.941200000E+0	3.999965234E+4	1.352698000E+3
1.132500000E-6	-7.033380000E-6	2.953500000E+0	3.999965234E+4	1.355555000E+3
-2.384200000E-7	-5.722080000E-6	2.964200000E+0	3.999965234E+4	1.357291000E+3
1.788150000E-6	-6.198910000E-6	2.974600000E+0	3.999965234E+4	1.359823000E+3
3.576300000E-7	-6.258520000E-6	2.985500000E+0	3.999965234E+4	1.361397000E+3
2.980250000E-6	-5.483660000E-6	2.996400000E+0	3.999965234E+4	1.363984000E+3
5.960500000E-7	-4.947210000E-6	3.006700000E+0	3.999965234E+4	1.366300000E+3
2.384200000E-6	-5.900890000E-6	3.017700000E+0	3.999965234E+4	1.367934000E+3
1.490120000E-6	-5.006820000E-6	3.029300000E+0	3.999965234E+4	1.370783000E+3
7.748640000E-7	-5.424050000E-6	3.039500000E+0	3.999965234E+4	1.372320000E+3
1.132500000E-6	-4.947210000E-6	3.051200000E+0	3.999965234E+4	1.374896000E+3
7.152590000E-7	-5.066420000E-6	3.063200000E+0	3.999965234E+4	1.377258000E+3
1.370910000E-6	-6.496940000E-6	3.073300000E+0	3.999965234E+4	1.379396000E+3
2.264990000E-6	-5.781680000E-6	3.083500000E+0	3.999965234E+4	1.381907000E+3
3.516690000E-6	-5.066420000E-6	3.093500000E+0	3.999965234E+4	1.383377000E+3
3.635900000E-6	-4.768400000E-6	3.104500000E+0	3.999965234E+4	1.385650000E+3
4.053140000E-6	-5.006820000E-6	3.114800000E+0	3.999965234E+4	1.387763000E+3
3.993540000E-6	-4.231960000E-6	3.127000000E+0	3.999965234E+4	1.390456000E+3
3.814730000E-6	-4.708800000E-6	3.137900000E+0	3.999965234E+4	1.392055000E+3
4.112750000E-6	-4.768400000E-6	3.149800000E+0	3.999965234E+4	1.394859000E+3
3.695500000E-6	-5.364450000E-6	3.161200000E+0	3.999965234E+4	1.396881000E+3
4.828010000E-6	-4.410770000E-6	3.172600000E+0	3.999965234E+4	1.399248000E+3
3.397480000E-6	-4.410770000E-6	3.183300000E+0	3.999965234E+4	1.401538000E+3
4.470380000E-6	-5.781680000E-6	3.195000000E+0	3.999965234E+4	1.403562000E+3
3.933940000E-6	-4.231960000E-6	3.207300000E+0	3.999965234E+4	1.406381000E+3
4.470380000E-6	-3.874330000E-6	3.218200000E+0	3.999965234E+4	1.408489000E+3
4.529980000E-6	-3.755110000E-6	3.228500000E+0	3.999965234E+4	1.410443000E+3
3.814730000E-6	-3.635900000E-6	3.240300000E+0	3.999965234E+4	1.412237000E+3
4.589590000E-6	-3.457080000E-6	3.251500000E+0	3.999965234E+4	1.414974000E+3
3.278270000E-6	-3.933940000E-6	3.262200000E+0	3.999965234E+4	1.417395000E+3
4.351170000E-6	-4.470380000E-6	3.272800000E+0	3.999965234E+4	1.418983000E+3
4.112750000E-6	-4.470380000E-6	3.284400000E+0	3.999965234E+4	1.421865000E+3
2.682220000E-6	-3.874330000E-6	3.295000000E+0	3.999965234E+4	1.423557000E+3
2.920640000E-6	-4.231960000E-6	3.306700000E+0	3.999965234E+4	1.426322000E+3
4.589590000E-6	-4.708800000E-6	3.318300000E+0	3.999965234E+4	1.428405000E+3
4.112750000E-6	-4.708800000E-6	3.330000000E+0	3.999965234E+4	1.430890000E+3
3.814730000E-6	-4.291560000E-6	3.340800000E+0	3.999965234E+4	1.432985000E+3
5.483660000E-6	-4.947210000E-6	3.353400000E+0	3.999965234E+4	1.434978000E+3
3.457080000E-6	-4.708800000E-6	3.365400000E+0	3.999965234E+4	1.437822000E+3
4.410770000E-6	-4.410770000E-6	3.379400000E+0	3.999965234E+4	1.440356000E+3
3.278270000E-6	-4.470380000E-6	3.391100000E+0	3.999965234E+4	1.443164000E+3
3.755110000E-6	-4.470380000E-6	3.402900000E+0	3.999965234E+4	1.445115000E+3
3.099460000E-6	-4.112750000E-6	3.414500000E+0	3.999965234E+4	1.447730000E+3
3.159060000E-6	-4.529980000E-6	3.424500000E+0	3.999965234E+4	1.449683000E+3
4.708800000E-6	-4.589590000E-6	3.435600000E+0	3.999965234E+4	1.452074000E+3
3.695500000E-6	-4.053140000E-6	3.447000000E+0	3.999965234E+4	1.454057000E+3
4.053140000E-6	-4.708800000E-6	3.462200000E+0	3.999965234E+4	1.457024000E+3
3.159060000E-6	-4.529980000E-6	3.474000000E+0	3.999965234E+4	1.459930000E+3
2.384200000E-6	-4.410770000E-6	3.484500000E+0	3.999965234E+4	1.461544000E+3
3.099460000E-6	-4.828010000E-6	3.497100000E+0	3.999965234E+4	1.464329000E+3
3.218670000E-6	-5.781680000E-6	3.508100000E+0	3.999965234E+4	1.466355000E+3
2.384200000E-6	-6.496940000E-6	3.518500000E+0	3.999965234E+4	1.468339000E+3
1.907360000E-6	-5.424050000E-6	3.529500000E+0	3.999965234E+4	1.470857000E+3
8.940730000E-7	-5.066420000E-6	3.539600000E+0	3.999965234E+4	1.472886000E+3
5.960500000E-7	-5.602870000E-6	3.549700000E+0	3.999965234E+4	1.474593000E+3
3.576300000E-7	-5.960490000E-6	3.561500000E+0	3.999965234E+4	1.476991000E+3
-2.980250000E-7	-5.424050000E-6	3.574000000E+0	3.999965234E+4	1.479464000E+3
6.556550000E-7	-6.020100000E-6	3.584100000E+0	3.999965234E+4	1.481832000E+3
1.430520000E-6	-5.602870000E-6	3.595400000E+0	3.999965234E+4	1.483965000E+3
-3.576300000E-7	-5.900890000E-6	3.606800000E+0	3.999965234E+4	1.485924000E+3
9.536820000E-7	-5.722080000E-6	3.617900000E+0	3.999965234E+4	1.488388000E+3
2.324600000E-6	-5.245240000E-6	3.630300000E+0	3.999965234E+4	1.490883000E+3
1.788150000E-6	-5.722080000E-6	3.642100000E+0	3.999965234E+4	1.492886000E+3
3.874330000E-6	-4.828010000E-6	3.653500000E+0	3.999965234E+4	1.495669000E+3
1.251700000E-6	-3.755110000E-6	3.663900000E+0	3.999965234E+4	1.497231000E+3
2.741830000E-6	-4.470380000E-6	3.674800000E+0	3.999965234E+4	1.499655000E+3
2.741830000E-6	-4.470380000E-6	3.685700000E+0	3.999965234E+4	1.501833000E+3
2.384200000E-6	-4.410770000E-6	3.696000000E+0	3.999965234E+4	1.504295000E+3
4.231960000E-6	-4.649190000E-6	3.708600000E+0	3.999965234E+4	1.506295000E+3
3.457080000E-6	-4.172350000E-6	3.719300000E+0	3.999965234E+4	1.508753000E+3
5.245240000E-6	-4.231960000E-6	3.729500000E+0	3.999965234E+4	1.510308000E+3
2.682220000E-6	-3.695500000E-6	3.739900000E+0	3.999965234E+4	1.512913000E+3
2.741830000E-6	-3.695500000E-6	3.751200000E+0	3.999965234E+4	1.515224000E+3
3.874330000E-6	-3.278270000E-6	3.761700000E+0	3.999965234E+4	1.517263000E+3
2.801430000E-6	-3.576290000E-6	3.772300000E+0	3.999965234E+4	1.519266000E+3
3.874330000E-6	-4.351170000E-6	3.785300000E+0	3.999965234E+4	1.521655000E+3
2.622620000E-6	-4.112750000E-6	3.798500000E+0	3.999965234E+4	1.524723000E+3
3.516690000E-6	-3.576290000E-6	3.809500000E+0	3.999965234E+4	1.526617000E+3
2.741830000E-6	-4.947210000E-6	3.820700000E+0	3.999965234E+4	1.528967000E+3
8.940730000E-7	-4.887610000E-6	3.832500000E+0	3.999965234E+4	1.530986000E+3
2.086180000E-6	-4.887610000E-6	3.844000000E+0	3.999965234E+4	1.533515000E+3
1.847750000E-6	-5.722080000E-6	3.854400000E+0	3.999965234E+4	1.535904000E+3
2.622620000E-6	-5.722080000E-6	3.866300000E+0	3.999965234E+4	1.537919000E+3
3.099460000E-6	-4.768400000E-6	3.877700000E+0	3.999965234E+4	1.540434000E+3
2.741830000E-6	-4.768400000E-6	3.888700000E+0	3.999965234E+4	1.542035000E+3
3.814730000E-6	-4.410770000E-6	3.898900000E+0	3.999965234E+4	1.544563000E+3
2.563010000E-6	-4.470380000E-6	3.909400000E+0	3.999965234E+4	1.547015000E+3
3.755110000E-6	-4.589590000E-6	3.920800000E+0	3.999965234E+4	1.548628000E+3
3.755110000E-6	-4.410770000E-6	3.932700000E+0	3.999965234E+4	1.551412000E+3
3.755110000E-6	-5.304840000E-6	3.943500000E+0	3.999965234E+4	1.553824000E+3
1.609330000E-6	-5.722080000E-6	3.954600000E+0	3.999965234E+4	1.555388000E+3
2.026570000E-6	-4.887610000E-6	3.966700000E+0	3.999965234E+4	1.558182000E+3
3.457080000E-6	-4.708800000E-6	3.977500000E+0	3.999965234E+4	1.560160000E+3
2.920640000E-6	-4.231960000E-6	3.990200000E+0	3.999965234E+4	1.562740000E+3
5.066420000E-6	-5.722080000E-6	4.001400000E+0	3.999965234E+4	1.564838000E+3
2.443800000E-6	-4.649190000E-6	4.013500000E+0	3.999965234E+4	1.567637000E+3
3.218670000E-6	-4.649190000E-6	4.024600000E+0	3.999965234E+4	1.569308000E+3
3.159060000E-6	-5.006820000E-6	4.037700000E+0	3.999965234E+4	1.572467000E+3
2.801430000E-6	-4.708800000E-6	4.049600000E+0	3.999965234E+4	1.574078000E+3
2.801430000E-6	-5.424050000E-6	4.060900000E+0	3.999965234E+4	1.577106000E+3
3.397480000E-6	-5.185630000E-6	4.071000000E+0	3.999965234E+4	1.578671000E+3
4.291560000E-6	-4.768400000E-6	4.081100000E+0	3.999965234E+4	1.581082000E+3
3.218670000E-6	-4.947210000E-6	4.093700000E+0	3.999965234E+4	1.583116000E+3
3.516690000E-6	-4.589590000E-6	4.104700000E+0	3.999965234E+4	1.585965000E+3
2.145780000E-6	-5.245240000E-6	4.114900000E+0	3.999965234E+4	1.587490000E+3
2.145780000E-6	-4.649190000E-6	4.127100000E+0	3.999965234E+4	1.590391000E+3
3.933940000E-6	-4.947210000E-6	4.140800000E+0	3.999965234E+4	1.592690000E+3
2.622620000E-6	-4.947210000E-6	4.151900000E+0	3.999965234E+4	1.595083000E+3
3.874330000E-6	-5.841280000E-6	4.162900000E+0	3.999965234E+4	1.597208000E+3
2.503410000E-6	-4.351170000E-6	4.174400000E+0	3.999965234E+4	1.599884000E+3
3.337870000E-6	-5.304840000E-6	4.184500000E+0	3.999965234E+4	1.601799000E+3
9.536820000E-7	-5.483660000E-6	4.195300000E+0	3.999965234E+4	1.603784000E+3
2.205390000E-6	-4.351170000E-6	4.206900000E+0	3.999965234E+4	1.606219000E+3
2.861040000E-6	-4.172350000E-6	4.218000000E+0	3.999965234E+4	1.608681000E+3
2.324600000E-6	-4.649190000E-6	4.229400000E+0	3.999965234E+4	1.610692000E+3
2.503410000E-6	-4.649190000E-6	4.242100000E+0	3.999965234E+4	1.613102000E+3
4.112750000E-6	-3.695500000E-6	4.252100000E+0	3.999965234E+4	1.615274000E+3
4.053140000E-6	-3.755110000E-6	4.264200000E+0	3.999965234E+4	1.617605000E+3
3.397480000E-6	-4.291560000E-6	4.274900000E+0	3.999965234E+4	1.620008000E+3
2.920640000E-6	-3.993540000E-6	4.287100000E+0	3.999965234E+4	1.621628000E+3
2.026570000E-6	-3.993540000E-6	4.297500000E+0	3.999965234E+4	1.624454000E+3
2.682220000E-6	-4.053140000E-6	4.309900000E+0	3.999965234E+4	1.626437000E+3
2.324600000E-6	-3.993540000E-6	4.320300000E+0	3.999965234E+4	1.628855000E+3
2.622620000E-6	-3.278270000E-6	4.331700000E+0	3.999965234E+4	1.630942000E+3
3.039850000E-6	-4.589590000E-6	4.341800000E+0	3.999965234E+4	1.633363000E+3
2.443800000E-6	-4.112750000E-6	4.352000000E+0	3.999965234E+4	1.634981000E+3
3.397480000E-6	-4.649190000E-6	4.363400000E+0	3.999965234E+4	1.637868000E+3
4.053140000E-6	-3.874330000E-6	4.373800000E+0	3.999965234E+4	1.639740000E+3
3.218670000E-6	-5.543260000E-6	4.385000000E+0	3.999965234E+4	1.641546000E+3
3.099460000E-6	-4.887610000E-6	4.398000000E+0	3.999965234E+4	1.644407000E+3
3.576290000E-6	-2.980250000E-6	4.408400000E+0	3.999965234E+4	1.646475000E+3
2.205390000E-6	-4.410770000E-6	4.420500000E+0	3.999965234E+4	1.648825000E+3
2.264990000E-6	-4.649190000E-6	4.433400000E+0	3.999965234E+4	1.651693000E+3
2.980250000E-6	-4.351170000E-6	4.444700000E+0	3.999965234E+4	1.653656000E+3
4.291560000E-6	-4.231960000E-6	4.460100000E+0	3.999965234E+4	1.656587000E+3
1.549730000E-6	-4.768400000E-6	4.470700000E+0	3.999965234E+4	1.658561000E+3
4.470380000E-6	-3.695500000E-6	4.481800000E+0	3.999965234E+4	1.661333000E+3
5.602870000E-6	-2.980250000E-6	4.493300000E+0	3.999965234E+4	1.663361000E+3
4.887610000E-6	-3.874330000E-6	4.503700000E+0	3.999965234E+4	1.664941000E+3
5.364450000E-6	-2.503410000E-6	4.514800000E+0	3.999965234E+4	1.667973000E+3
3.993540000E-6	-3.218670000E-6	4.527500000E+0	3.999965234E+4	1.669947000E+3
5.781680000E-6	-3.576290000E-6	4.538900000E+0	3.999965234E+4	1.672726000E+3
3.159060000E-6	-3.874330000E-6	4.549500000E+0	3.999965234E+4	1.674785000E+3
3.457080000E-6	-4.231960000E-6	4.560800000E+0	3.999965234E+4	1.676678000E+3
3.814730000E-6	-4.231960000E-6	4.570900000E+0	3.999965234E+4	1.678688000E+3
2.026570000E-6	-4.589590000E-6	4.581900000E+0	3.999965234E+4	1.681135000E+3
4.351170000E-6	-2.682220000E-6	4.593100000E+0	3.999965234E+4	1.683438000E+3
5.483660000E-6	-2.682220000E-6	4.605100000E+0	3.999965234E+4	1.685356000E+3
4.589590000E-6	-3.635900000E-6	4.617100000E+0	3.999965234E+4	1.688238000E+3
3.159060000E-6	-3.516690000E-6	4.628400000E+0	3.999965234E+4	1.690588000E+3
2.920640000E-6	-4.053140000E-6	4.639600000E+0	3.999965234E+4	1.692169000E+3
1.788150000E-6	-3.874330000E-6	4.650600000E+0	3.999965234E+4	1.694971000E+3
4.887610000E-6	-3.159060000E-6	4.662000000E+0	3.999965234E+4	1.697375000E+3
3.814730000E-6	-4.172350000E-6	4.672900000E+0	3.999965234E+4	1.699108000E+3
2.741830000E-6	-2.384200000E-6	4.683400000E+0	3.999965234E+4	1.701143000E+3
3.218670000E-6	-2.980250000E-6	4.693900000E+0	3.999965234E+4	1.703505000E+3
3.516690000E-6	-5.006820000E-6	4.704900000E+0	3.999965234E+4	1.705898000E+3
3.993540000E-6	-3.457080000E-6	4.715700000E+0	3.999965234E+4	1.707697000E+3
2.980250000E-6	-3.933940000E-6	4.726600000E+0	3.999965234E+4	1.710037000E+3
2.563010000E-6	-4.053140000E-6	4.738100000E+0	3.999965234E+4	1.712428000E+3
3.576290000E-6	-4.768400000E-6	4.748300000E+0	3.999965234E+4	1.714485000E+3
2.384200000E-6	-5.304840000E-6	4.759500000E+0	3.999965234E+4	1.716466000E+3
2.920640000E-6	-4.351170000E-6	4.771000000E+0	3.999965234E+4	1.718841000E+3
5.126030000E-6	-3.397480000E-6	4.781300000E+0	3.999965234E+4	1.721273000E+3
3.397480000E-6	-3.814730000E-6	4.793900000E+0	3.999965234E+4	1.723399000E+3
2.861040000E-6	-3.039850000E-6	4.804700000E+0	3.999965234E+4	1.725783000E+3
3.337870000E-6	-3.218670000E-6	4.817000000E+0	3.999965234E+4	1.728203000E+3
4.112750000E-6	-3.635900000E-6	4.827400000E+0	3.999965234E+4	1.729973000E+3
3.218670000E-6	-2.920640000E-6	4.839500000E+0	3.999965234E+4	1.732312000E+3
2.861040000E-6	-4.529980000E-6	4.850600000E+0	3.999965234E+4	1.735105000E+3
2.682220000E-6	-5.006820000E-6	4.863000000E+0	3.999965234E+4	1.737112000E+3
3.278270000E-6	-3.814730000E-6	4.873300000E+0	3.999965234E+4	1.739114000E+3
1.907360000E-6	-4.887610000E-6	4.884600000E+0	3.999965234E+4	1.741497000E+3
-1.192100000E-7	-3.218670000E-6	4.896300000E+0	3.999965234E+4	1.743962000E+3
1.251700000E-6	-4.172350000E-6	4.908600000E+0	3.999965234E+4	1.746795000E+3
1.430520000E-6	-3.874330000E-6	4.920200000E+0	3.999965234E+4	1.748479000E+3
1.609330000E-6	-3.278270000E-6	4.931800000E+0	3.999965234E+4	1.751015000E+3
3.635900000E-6	-2.980250000E-6	4.943600000E+0	3.999965234E+4	1.753396000E+3
1.490120000E-6	-3.576290000E-6	4.954700000E+0	3.999965234E+4	1.755400000E+3
3.993540000E-6	-3.337870000E-6	4.965000000E+0	3.999965234E+4	1.757851000E+3
1.609330000E-6	-3.933940000E-6	4.977800000E+0	3.999965234E+4	1.760219000E+3
3.397480000E-6	-3.635900000E-6	4.990200000E+0	3.999965234E+4	1.762998000E+3
2.682220000E-6	-4.291560000E-6	5.000900000E+0	3.999965234E+4	1.764983000E+3
3.695500000E-6	-3.576290000E-6	5.012900000E+0	3.999965234E+4	1.767446000E+3
3.278270000E-6	-3.457080000E-6	5.026100000E+0	3.999965234E+4	1.769913000E+3
2.980250000E-6	-4.112750000E-6	5.036400000E+0	3.999965234E+4	1.772347000E+3
2.801430000E-6	-4.410770000E-6	5.048100000E+0	3.999965234E+4	1.774368000E+3
4.291560000E-6	-3.218670000E-6	5.060000000E+0	3.999965234E+4	1.776785000E+3
2.026570000E-6	-3.576290000E-6	5.070800000E+0	3.999965234E+4	1.778460000E+3
3.814730000E-6	-1.370910000E-6	5.082500000E+0	3.999965234E+4	1.781304000E+3
4.887610000E-6	-1.966970000E-6	5.094000000E+0	3.999965234E+4	1.783712000E+3
3.755110000E-6	-3.457080000E-6	5.104300000E+0	3.999965234E+4	1.785678000E+3
2.086180000E-6	-4.589590000E-6	5.116000000E+0	3.999965234E+4	1.787690000E+3
1.847750000E-6	-3.576290000E-6	5.128600000E+0	3.999965234E+4	1.790468000E+3
2.205390000E-6	-3.755110000E-6	5.140600000E+0	3.999965234E+4	1.792850000E+3
3.397480000E-6	-4.470380000E-6	5.150800000E+0	3.999965234E+4	1.795302000E+3
2.264990000E-6	-4.768400000E-6	5.164500000E+0	3.999965234E+4	1.797533000E+3
3.337870000E-6	-3.516690000E-6	5.175400000E+0	3.999965234E+4	1.799920000E+3
1.013290000E-6	-3.993540000E-6	5.187000000E+0	3.999965234E+4	1.802349000E+3
2.801430000E-6	-4.053140000E-6	5.197300000E+0	3.999965234E+4	1.803996000E+3
2.145780000E-6	-3.695500000E-6	5.207700000E+0	3.999965234E+4	1.805951000E+3
2.264990000E-6	-3.635900000E-6	5.217800000E+0	3.999965234E+4	1.808817000E+3
2.324600000E-6	-4.351170000E-6	5.228800000E+0	3.999965234E+4	1.810353000E+3
3.337870000E-6	-4.112750000E-6	5.238800000E+0	3.999965234E+4	1.812745000E+3
2.145780000E-6	-4.768400000E-6	5.249000000E+0	3.999965234E+4	1.814794000E+3
2.682220000E-6	-3.755110000E-6	5.260100000E+0	3.999965234E+4	1.816933000E+3
4.053140000E-6	-4.529980000E-6	5.272100000E+0	3.999965234E+4	1.819317000E+3
2.682220000E-6	-5.483660000E-6	5.283400000E+0	3.999965234E+4	1.821272000E+3
1.430520000E-6	-5.424050000E-6	5.293500000E+0	3.999965234E+4	1.823309000E+3
3.159060000E-6	-5.066420000E-6	5.304800000E+0	3.999965234E+4	1.826086000E+3
2.324600000E-6	-4.768400000E-6	5.315300000E+0	3.999965234E+4	1.828063000E+3
2.622620000E-6	-4.589590000E-6	5.327500000E+0	3.999965234E+4	1.830072000E+3
2.920640000E-6	-4.053140000E-6	5.337500000E+0	3.999965234E+4	1.832217000E+3
3.993540000E-6	-4.768400000E-6	5.349400000E+0	3.999965234E+4	1.835000000E+3
4.172350000E-6	-5.126030000E-6	5.359500000E+0	3.999965234E+4	1.836600000E+3
3.218670000E-6	-4.351170000E-6	5.371300000E+0	3.999965234E+4	1.838637000E+3
3.218670000E-6	-4.470380000E-6	5.382000000E+0	3.999965234E+4	1.840987000E+3
2.622620000E-6	-4.470380000E-6	5.392000000E+0	3.999965234E+4	1.843389000E+3
2.861040000E-6	-3.576290000E-6	5.402200000E+0	3.999965234E+4	1.845394000E+3
2.801430000E-6	-3.397480000E-6	5.413200000E+0	3.999965234E+4	1.847575000E+3
1.609330000E-6	-4.708800000E-6	5.425800000E+0	3.999965234E+4	1.849545000E+3
2.861040000E-6	-5.066420000E-6	5.437400000E+0	3.999965234E+4	1.852477000E+3
1.490120000E-6	-4.649190000E-6	5.448600000E+0	3.999965234E+4	1.854536000E+3
2.026570000E-6	-4.708800000E-6	5.459500000E+0	3.999965234E+4	1.856864000E+3
1.311310000E-6	-4.410770000E-6	5.472200000E+0	3.999965234E+4	1.858894000E+3
1.788150000E-6	-3.159060000E-6	5.484900000E+0	3.999965234E+4	1.861698000E+3
1.788150000E-6	-4.291560000E-6	5.495800000E+0	3.999965234E+4	1.863692000E+3
4.470380000E-6	-3.516690000E-6	5.506500000E+0	3.999965234E+4	1.866092000E+3
2.741830000E-6	-3.576290000E-6	5.516800000E+0	3.999965234E+4	1.868595000E+3
3.159060000E-6	-4.649190000E-6	5.527000000E+0	3.999965234E+4	1.870207000E+3
2.622620000E-6	-4.470380000E-6	5.538400000E+0	3.999965234E+4	1.872586000E+3
3.993540000E-6	-3.576290000E-6	5.549600000E+0	3.999965234E+4	1.874658000E+3
4.172350000E-6	-4.649190000E-6	5.562800000E+0	3.999965234E+4	1.877404000E+3
4.231960000E-6	-3.218670000E-6	5.573000000E+0	3.999965234E+4	1.878997000E+3
2.682220000E-6	-3.814730000E-6	5.584500000E+0	3.999965234E+4	1.881788000E+3
2.622620000E-6	-3.814730000E-6	5.595700000E+0	3.999965234E+4	1.884276000E+3
2.264990000E-6	-3.337870000E-6	5.606100000E+0	3.999965234E+4	1.885866000E+3
2.980250000E-6	-4.291560000E-6	5.616300000E+0	3.999965234E+4	1.888208000E+3
2.503410000E-6	-3.814730000E-6	5.626400000E+0	3.999965234E+4	1.890070000E+3
2.920640000E-6	-3.039850000E-6	5.636500000E+0	3.999965234E+4	1.891939000E+3
4.410770000E-6	-3.576290000E-6	5.648000000E+0	3.999965234E+4	1.894738000E+3
2.980250000E-6	-3.755110000E-6	5.658600000E+0	3.999965234E+4	1.896345000E+3
4.231960000E-6	-3.755110000E-6	5.668700000E+0	3.999965234E+4	1.898331000E+3
3.337870000E-6	-3.576290000E-6	5.679400000E+0	3.999965234E+4	1.900472000E+3
4.768400000E-6	-3.337870000E-6	5.691200000E+0	3.999965234E+4	1.903308000E+3
1.907360000E-6	-3.933940000E-6	5.701700000E+0	3.999965234E+4	1.904872000E+3
2.563010000E-6	-2.563010000E-6	5.713500000E+0	3.999965234E+4	1.907755000E+3
2.801430000E-6	-3.695500000E-6	5.726800000E+0	3.999965234E+4	1.910078000E+3
3.993540000E-6	-3.695500000E-6	5.738500000E+0	3.999965234E+4	1.913013000E+3
1.907360000E-6	-3.576290000E-6	5.750600000E+0	3.999965234E+4	1.915017000E+3
2.861040000E-6	-3.039850000E-6	5.761000000E+0	3.999965234E+4	1.917019000E+3
3.814730000E-6	-3.874330000E-6	5.771900000E+0	3.999965234E+4	1.919004000E+3
3.159060000E-6	-3.576290000E-6	5.783900000E+0	3.999965234E+4	1.921549000E+3
3.218670000E-6	-2.622620000E-6	5.795200000E+0	3.999965234E+4	1.923546000E+3
3.695500000E-6	-2.503410000E-6	5.805500000E+0	3.999965234E+4	1.925946000E+3
3.278270000E-6	-2.622620000E-6	5.819400000E+0	3.999965234E+4	1.928734000E+3
1.549730000E-6	-3.457080000E-6	5.831300000E+0	3.999965234E+4	1.930727000E+3
3.576290000E-6	-2.861040000E-6	5.843600000E+0	3.999965234E+4	1.933537000E+3
1.490120000E-6	-4.112750000E-6	5.854700000E+0	3.999965234E+4	1.935929000E+3
2.026570000E-6	-3.874330000E-6	5.864900000E+0	3.999965234E+4	1.937537000E+3
2.920640000E-6	-2.026570000E-6	5.877600000E+0	3.999965234E+4	1.940326000E+3
2.622620000E-6	-2.145780000E-6	5.889000000E+0	3.999965234E+4	1.942727000E+3
2.622620000E-6	-4.351170000E-6	5.899200000E+0	3.999965234E+4	1.944732000E+3
2.384200000E-6	-3.874330000E-6	5.909300000E+0	3.999965234E+4	1.946336000E+3
2.145780000E-6	-3.576290000E-6	5.920800000E+0	3.999965234E+4	1.948776000E+3
4.053140000E-6	-2.920640000E-6	5.930900000E+0	3.999965234E+4	1.950471000E+3
1.907360000E-6	-3.039850000E-6	5.941100000E+0	3.999965234E+4	1.953274000E+3
1.907360000E-6	-3.635900000E-6	5.954100000E+0	3.999965234E+4	1.955400000E+3
3.814730000E-6	-2.801430000E-6	5.966800000E+0	3.999965234E+4	1.958205000E+3
1.847750000E-6	-2.980250000E-6	5.977000000E+0	3.999965234E+4	1.960237000E+3
3.278270000E-6	-2.205390000E-6	5.987300000E+0	3.999965234E+4	1.962245000E+3
2.205390000E-6	-2.980250000E-6	5.997900000E+0	3.999965234E+4	1.964671000E+3
2.622620000E-6	-2.920640000E-6	6.008000000E+0	3.999965234E+4	1.966190000E+3
2.086180000E-6	-2.026570000E-6	6.018400000E+0	3.999965234E+4	1.968193000E+3
3.039850000E-6	-1.013290000E-6	6.029300000E+0	3.999965234E+4	1.970618000E+3
2.264990000E-6	-1.788150000E-6	6.040800000E+0	3.999965234E+4	1.973005000E+3
3.099460000E-6	-1.549730000E-6	6.051700000E+0	3.999965234E+4	1.975546000E+3
4.828010000E-6	-1.728540000E-6	6.062300000E+0	3.999965234E+4	1.977540000E+3
2.682220000E-6	-2.324600000E-6	6.073600000E+0	3.999965234E+4	1.978902000E+3
3.933940000E-6	-1.668940000E-6	6.084000000E+0	3.999965234E+4	1.981679000E+3
3.099460000E-6	-2.801430000E-6	6.095600000E+0	3.999965234E+4	1.983655000E+3
2.384200000E-6	-1.668940000E-6	6.106000000E+0	3.999965234E+4	1.986105000E+3
2.026570000E-6	-1.907360000E-6	6.118100000E+0	3.999965234E+4	1.988474000E+3
2.682220000E-6	-2.205390000E-6	6.129100000E+0	3.999965234E+4	1.990875000E+3
1.907360000E-6	-3.397480000E-6	6.139600000E+0	3.999965234E+4	1.992507000E+3
1.907360000E-6	-2.086180000E-6	6.150200000E+0	3.999965234E+4	1.994494000E+3
2.443800000E-6	-2.026570000E-6	6.160900000E+0	3.999965234E+4	1.996899000E+3
1.788150000E-6	-3.874330000E-6	6.172000000E+0	3.999965234E+4	1.999306000E+3
1.490120000E-6	-3.814730000E-6	6.183700000E+0	3.999965234E+4	2.001696000E+3
9.536820000E-7	-4.291560000E-6	6.194000000E+0	3.999965234E+4	2.003330000E+3
1.132500000E-6	-2.503410000E-6	6.204900000E+0	3.999965234E+4	2.005772000E+3
1.132500000E-6	-3.814730000E-6	6.215700000E+0	3.999965234E+4	2.008073000E+3
2.980250000E-6	-3.159060000E-6	6.227600000E+0	3.999965234E+4	2.010081000E+3
7.748640000E-7	-3.814730000E-6	6.238700000E+0	3.999965234E+4	2.012879000E+3
4.053140000E-6	-3.337870000E-6	6.251000000E+0	3.999965234E+4	2.014886000E+3
2.324600000E-6	-2.503410000E-6	6.262400000E+0	3.999965234E+4	2.017403000E+3
1.549730000E-6	-3.933940000E-6	6.274200000E+0	3.999965234E+4	2.019557000E+3
1.192100000E-6	-3.159060000E-6	6.285700000E+0	3.999965234E+4	2.021551000E+3
2.324600000E-6	-3.397480000E-6	6.297600000E+0	3.999965234E+4	2.024412000E+3
2.384200000E-7	-2.801430000E-6	6.309200000E+0	3.999965234E+4	2.026737000E+3
1.072890000E-6	-3.933940000E-6	6.321300000E+0	3.999965234E+4	2.028772000E+3
1.311310000E-6	-2.503410000E-6	6.334700000E+0	3.999965234E+4	2.031591000E+3
2.861040000E-6	-2.741830000E-6	6.345000000E+0	3.999965234E+4	2.033570000E+3
6.556550000E-7	-3.814730000E-6	6.357000000E+0	3.999965234E+4	2.036368000E+3
8.344690000E-7	-3.397480000E-6	6.370300000E+0	3.999965234E+4	2.038775000E+3
1.192100000E-6	-3.397480000E-6	6.381600000E+0	3.999965234E+4	2.040944000E+3
2.682220000E-6	-3.099460000E-6	6.393100000E+0	3.999965234E+4	2.043463000E+3
2.980250000E-6	-3.695500000E-6	6.403600000E+0	3.999965234E+4	2.045817000E+3
4.172340000E-7	-2.920640000E-6	6.415000000E+0	3.999965234E+4	2.047840000E+3
2.026570000E-6	-2.622620000E-6	6.426100000E+0	3.999965234E+4	2.049909000E+3
1.490120000E-6	-1.907360000E-6	6.437400000E+0	3.999965234E+4	2.052247000E+3
2.563010000E-6	-1.788150000E-6	6.448300000E+0	3.999965234E+4	2.054652000E+3
4.768410000E-7	-2.324600000E-6	6.458500000E+0	3.999965234E+4	2.056635000E+3
2.205390000E-6	-3.576290000E-6	6.469600000E+0	3.999965234E+4	2.058236000E+3
2.145780000E-6	-2.503410000E-6	6.480200000E+0	3.999965234E+4	2.060634000E+3
2.324600000E-6	-3.039850000E-6	6.491500000E+0	3.999965234E+4	2.063044000E+3
1.251700000E-6	-2.026570000E-6	6.504100000E+0	3.999965234E+4	2.065824000E+3
7.748640000E-7	-2.443800000E-6	6.515800000E+0	3.999965234E+4	2.067841000E+3
8.344690000E-7	-3.874330000E-6	6.526200000E+0	3.999965234E+4	2.069846000E+3
3.159060000E-6	-3.993540000E-6	6.537600000E+0	3.999965234E+4	2.072700000E+3
0.000000000E+0	-4.172350000E-6	6.548700000E+0	3.999965234E+4	2.074747000E+3
8.940730000E-7	-4.112750000E-6	6.560600000E+0	3.999965234E+4	2.076656000E+3
1.251700000E-6	-4.410770000E-6	6.572000000E+0	3.999965234E+4	2.079486000E+3
2.324600000E-6	-3.933940000E-6	6.582200000E+0	3.999965234E+4	2.081230000E+3
2.801430000E-6	-3.278270000E-6	6.593000000E+0	3.999965234E+4	2.083574000E+3
1.907360000E-6	-3.635900000E-6	6.603100000E+0	3.999965234E+4	2.085580000E+3
2.741830000E-6	-2.682220000E-6	6.614200000E+0	3.999965234E+4	2.087199000E+3
-1.788150000E-7	-4.947210000E-6	6.627000000E+0	3.999965234E+4	2.090116000E+3
1.609330000E-6	-4.947210000E-6	6.638600000E+0	3.999965234E+4	2.092525000E+3
1.192100000E-6	-4.053140000E-6	6.649300000E+0	3.999965234E+4	2.094916000E+3
1.609330000E-6	-4.768400000E-6	6.659600000E+0	3.999965234E+4	2.096528000E+3
4.768410000E-7	-4.053140000E-6	6.670600000E+0	3.999965234E+4	2.098947000E+3
1.311310000E-6	-3.695500000E-6	6.682000000E+0	3.999965234E+4	2.101380000E+3
2.086180000E-6	-4.589590000E-6	6.693800000E+0	3.999965234E+4	2.103766000E+3
1.907360000E-6	-4.410770000E-6	6.705500000E+0	3.999965234E+4	2.105514000E+3
1.072890000E-6	-4.351170000E-6	6.718100000E+0	3.999965234E+4	2.108341000E+3
2.563010000E-6	-4.410770000E-6	6.728100000E+0	3.999965234E+4	2.110278000E+3
8.344690000E-7	-3.993540000E-6	6.739400000E+0	3.999965234E+4	2.112749000E+3
2.145780000E-6	-5.543260000E-6	6.749500000E+0	3.999965234E+4	2.115078000E+3
3.218670000E-6	-4.231960000E-6	6.761200000E+0	3.999965234E+4	2.117081000E+3
2.622620000E-6	-4.887610000E-6	6.773100000E+0	3.999965234E+4	2.119596000E+3
1.728540000E-6	-4.410770000E-6	6.784800000E+0	3.999965234E+4	2.121213000E+3
2.801430000E-6	-5.364450000E-6	6.795700000E+0	3.999965234E+4	2.124004000E+3
1.251700000E-6	-4.351170000E-6	6.806600000E+0	3.999965234E+4	2.125703000E+3
1.192100000E-6	-4.887610000E-6	6.818400000E+0	3.999965234E+4	2.128409000E+3
1.788150000E-6	-5.304840000E-6	6.829000000E+0	3.999965234E+4	2.130858000E+3
4.768410000E-7	-4.708800000E-6	6.841600000E+0	3.999965234E+4	2.133244000E+3
1.549730000E-6	-5.304840000E-6	6.852200000E+0	3.999965234E+4	2.134874000E+3
1.430520000E-6	-3.635900000E-6	6.863900000E+0	3.999965234E+4	2.137601000E+3
9.536820000E-7	-3.635900000E-6	6.876900000E+0	3.999965234E+4	2.140006000E+3
1.192100000E-7	-3.397480000E-6	6.888500000E+0	3.999965234E+4	2.142400000E+3
2.980250000E-7	-4.172350000E-6	6.898600000E+0	3.999965234E+4	2.144974000E+3
-4.172340000E-7	-3.695500000E-6	6.909500000E+0	3.999965234E+4	2.146582000E+3
9.536820000E-7	-4.291560000E-6	6.920400000E+0	3.999965234E+4	2.148988000E+3
4.172340000E-7	-4.649190000E-6	6.930900000E+0	3.999965234E+4	2.150928000E+3
1.192100000E-6	-3.039850000E-6	6.942200000E+0	3.999965234E+4	2.153342000E+3
1.251700000E-6	-3.278270000E-6	6.952800000E+0	3.999965234E+4	2.154937000E+3
2.563010000E-6	-4.172350000E-6	6.963300000E+0	3.999965234E+4	2.157791000E+3
1.430520000E-6	-4.589590000E-6	6.974300000E+0	3.999965234E+4	2.159785000E+3
6.556550000E-7	-4.053140000E-6	6.985600000E+0	3.999965234E+4	2.162155000E+3
1.192100000E-7	-3.755110000E-6	6.996700000E+0	3.999965234E+4	2.163733000E+3
1.847750000E-6	-5.185630000E-6	7.006700000E+0	3.999965234E+4	2.167004000E+3
