20250522_HM462Hf2Nb3Ru_chiAC_vs_T_B_3.001.txt Thu, May 22, 2025 3:35:12 PM Gabe
Magnet: None
Trigger spacing of 0.010000 on column #3
Offsets:	0.000000000E+0	0.000000000E+0	0.000000000E+0	0.000000000E+0	0.000000000E+0

Scale Factors:	1.000000000E+0	1.000000000E+0	1.000000000E+0	1.000000000E+0	1.000000000E+0

3T
Lockin_V_001	Chan2_V_001	Temperature_001	Field_001	Timestamp_001
-2.086170000E-7	-3.278270000E-7	6.999500000E+0	2.999961914E+4	3.100000000E-2
3.278270000E-7	-5.960510000E-8	6.988000000E+0	2.999961914E+4	3.311200000E+1
3.039850000E-6	-1.311310000E-6	6.977600000E+0	2.999961914E+4	3.450200000E+1
1.400720000E-6	2.980250000E-8	6.966400000E+0	2.999961914E+4	3.604300000E+1
2.026570000E-6	2.980250000E-8	6.956100000E+0	2.999961914E+4	3.843100000E+1
8.046660000E-7	2.384200000E-7	6.945500000E+0	2.999961914E+4	4.081600000E+1
1.549730000E-6	-5.066430000E-7	6.932800000E+0	2.999961914E+4	4.331200000E+1
-2.384200000E-7	-3.874320000E-7	6.920600000E+0	2.999961914E+4	4.523200000E+1
4.768410000E-7	4.470370000E-7	6.910000000E+0	2.999961914E+4	4.763200000E+1
2.205390000E-6	-1.162300000E-6	6.899200000E+0	2.999961914E+4	5.002800000E+1
9.536820000E-7	2.682230000E-7	6.887700000E+0	2.999961914E+4	5.205400000E+1
2.712030000E-6	-8.046660000E-7	6.877200000E+0	2.999961914E+4	5.443200000E+1
2.980250000E-6	-1.251700000E-6	6.866600000E+0	2.999961914E+4	5.644200000E+1
2.026570000E-6	-5.960500000E-7	6.854600000E+0	2.999961914E+4	5.886300000E+1
1.579530000E-6	-1.788150000E-7	6.843400000E+0	2.999961914E+4	6.093100000E+1
1.698740000E-6	-8.940730000E-7	6.831500000E+0	2.999961914E+4	6.285700000E+1
1.758340000E-6	-1.192100000E-7	6.821200000E+0	2.999961914E+4	6.525400000E+1
2.354400000E-6	-5.960500000E-7	6.809000000E+0	2.999961914E+4	6.769800000E+1
1.341110000E-6	-1.162300000E-6	6.798500000E+0	2.999961914E+4	7.012100000E+1
2.354400000E-6	-1.013290000E-6	6.787700000E+0	2.999961914E+4	7.204800000E+1
3.278270000E-6	-1.311310000E-6	6.777600000E+0	2.999961914E+4	7.364900000E+1
2.145780000E-6	-2.384200000E-7	6.767200000E+0	2.999961914E+4	7.617800000E+1
1.877550000E-6	-1.132500000E-6	6.756300000E+0	2.999961914E+4	7.817100000E+1
1.996770000E-6	-5.960500000E-7	6.745000000E+0	2.999961914E+4	8.098200000E+1
2.831240000E-6	-8.940730000E-7	6.734600000E+0	2.999961914E+4	8.262300000E+1
2.831240000E-6	-8.344690000E-7	6.723100000E+0	2.999961914E+4	8.476500000E+1
2.622620000E-6	-2.086170000E-7	6.712400000E+0	2.999961914E+4	8.724800000E+1
2.533210000E-6	-1.370910000E-6	6.701400000E+0	2.999961914E+4	8.953300000E+1
2.771630000E-6	-3.874320000E-7	6.688300000E+0	2.999961914E+4	9.205600000E+1
2.145780000E-6	-8.940740000E-8	6.677300000E+0	2.999961914E+4	9.366300000E+1
2.145780000E-6	-5.364450000E-7	6.665000000E+0	2.999961914E+4	9.676100000E+1
2.354400000E-6	-1.490120000E-6	6.654700000E+0	2.999961914E+4	9.877200000E+1
1.221900000E-6	-8.046660000E-7	6.642000000E+0	2.999961914E+4	1.007200000E+2
1.758340000E-6	-8.940730000E-7	6.630000000E+0	2.999961914E+4	1.033700000E+2
1.281510000E-6	-7.152590000E-7	6.619500000E+0	2.999961914E+4	1.056920000E+2
1.579530000E-6	-6.556550000E-7	6.608200000E+0	2.999961914E+4	1.081110000E+2
1.877550000E-6	-2.384200000E-7	6.598000000E+0	2.999961914E+4	1.102580000E+2
2.086180000E-6	-6.854570000E-7	6.587400000E+0	2.999961914E+4	1.118520000E+2
2.115980000E-6	-7.748640000E-7	6.576200000E+0	2.999961914E+4	1.141800000E+2
1.668940000E-6	-3.278270000E-7	6.565700000E+0	2.999961914E+4	1.163170000E+2
1.788150000E-6	-7.152590000E-7	6.555100000E+0	2.999961914E+4	1.183920000E+2
2.503410000E-6	-1.281510000E-6	6.544900000E+0	2.999961914E+4	1.208830000E+2
2.026570000E-6	-1.311310000E-6	6.533700000E+0	2.999961914E+4	1.229070000E+2
3.010050000E-6	-9.536820000E-7	6.522700000E+0	2.999961914E+4	1.249060000E+2
2.920640000E-6	-5.960500000E-7	6.510700000E+0	2.999961914E+4	1.275220000E+2
3.755110000E-6	-2.026570000E-6	6.498500000E+0	2.999961914E+4	1.302470000E+2
2.443800000E-6	-7.450620000E-7	6.488300000E+0	2.999961914E+4	1.316710000E+2
3.993540000E-6	-5.960500000E-7	6.476900000E+0	2.999961914E+4	1.344590000E+2
4.291560000E-6	-8.940730000E-7	6.466000000E+0	2.999961914E+4	1.363640000E+2
3.129260000E-6	-1.341110000E-6	6.452600000E+0	2.999961914E+4	1.390090000E+2
2.503410000E-6	-7.450620000E-7	6.440500000E+0	2.999961914E+4	1.414000000E+2
3.635900000E-6	-1.192100000E-6	6.430200000E+0	2.999961914E+4	1.431850000E+2
3.427280000E-6	-1.758340000E-6	6.419400000E+0	2.999961914E+4	1.456630000E+2
3.159060000E-6	-8.344690000E-7	6.407900000E+0	2.999961914E+4	1.478290000E+2
3.874330000E-6	-5.960500000E-7	6.397000000E+0	2.999961914E+4	1.508000000E+2
3.188860000E-6	-6.258520000E-7	6.385100000E+0	2.999961914E+4	1.524770000E+2
3.457080000E-6	-1.400720000E-6	6.374500000E+0	2.999961914E+4	1.544700000E+2
3.367680000E-6	-6.556550000E-7	6.362900000E+0	2.999961914E+4	1.572190000E+2
3.844530000E-6	-1.311310000E-6	6.352200000E+0	2.999961914E+4	1.591470000E+2
3.308070000E-6	-1.192100000E-6	6.341100000E+0	2.999961914E+4	1.608760000E+2
2.980250000E-6	-1.132500000E-6	6.330400000E+0	2.999961914E+4	1.634190000E+2
3.457080000E-6	-1.460320000E-6	6.318400000E+0	2.999961914E+4	1.655190000E+2
3.635900000E-6	-7.152590000E-7	6.307300000E+0	2.999961914E+4	1.680630000E+2
4.231960000E-6	-1.341110000E-6	6.296900000E+0	2.999961914E+4	1.706360000E+2
3.635900000E-6	-5.960500000E-7	6.286800000E+0	2.999961914E+4	1.721930000E+2
2.980250000E-6	-5.364450000E-7	6.276300000E+0	2.999961914E+4	1.744470000E+2
1.728540000E-6	-8.344690000E-7	6.265900000E+0	2.999961914E+4	1.760680000E+2
2.056370000E-6	-1.758340000E-6	6.255700000E+0	2.999961914E+4	1.782050000E+2
2.861040000E-6	-1.192100000E-6	6.244900000E+0	2.999961914E+4	1.807260000E+2
3.904130000E-6	-9.238760000E-7	6.233900000E+0	2.999961914E+4	1.824610000E+2
4.589590000E-6	-6.854570000E-7	6.222400000E+0	2.999961914E+4	1.848610000E+2
4.410770000E-6	-9.238760000E-7	6.211800000E+0	2.999961914E+4	1.871450000E+2
3.784910000E-6	-1.341110000E-6	6.199000000E+0	2.999961914E+4	1.902490000E+2
3.159060000E-6	-7.450620000E-7	6.188600000E+0	2.999961914E+4	1.918480000E+2
4.291560000E-6	-4.470370000E-7	6.176100000E+0	2.999961914E+4	1.944560000E+2
3.278270000E-6	-1.311310000E-6	6.165800000E+0	2.999961914E+4	1.967590000E+2
2.354400000E-6	-7.450620000E-7	6.153200000E+0	2.999961914E+4	1.985940000E+2
3.188860000E-6	-7.748640000E-7	6.142700000E+0	2.999961914E+4	2.010050000E+2
3.695500000E-6	-1.758340000E-6	6.131300000E+0	2.999961914E+4	2.031120000E+2
3.665700000E-6	-1.162300000E-6	6.121200000E+0	2.999961914E+4	2.052380000E+2
2.592820000E-6	-1.311310000E-6	6.109400000E+0	2.999961914E+4	2.077780000E+2
3.099460000E-6	-1.251700000E-6	6.097100000E+0	2.999961914E+4	2.103340000E+2
3.367680000E-6	-2.324600000E-6	6.086600000E+0	2.999961914E+4	2.120510000E+2
1.579530000E-6	-1.370910000E-6	6.075100000E+0	2.999961914E+4	2.144340000E+2
1.847750000E-6	-1.341110000E-6	6.063900000E+0	2.999961914E+4	2.171040000E+2
2.115980000E-6	-1.311310000E-6	6.053400000E+0	2.999961914E+4	2.187140000E+2
2.473610000E-6	-1.192100000E-6	6.042100000E+0	2.999961914E+4	2.209960000E+2
2.235190000E-6	-1.341110000E-6	6.029800000E+0	2.999961914E+4	2.236400000E+2
3.010050000E-6	-1.788150000E-6	6.018800000E+0	2.999961914E+4	2.259310000E+2
3.606100000E-6	-1.519930000E-6	6.005100000E+0	2.999961914E+4	2.281870000E+2
2.503410000E-6	-9.238760000E-7	5.994600000E+0	2.999961914E+4	2.305960000E+2
3.695500000E-6	-2.175580000E-6	5.982800000E+0	2.999961914E+4	2.328520000E+2
1.966970000E-6	-1.698740000E-6	5.972200000E+0	2.999961914E+4	2.352650000E+2
3.159060000E-6	-1.400720000E-6	5.961400000E+0	2.999961914E+4	2.374380000E+2
2.354400000E-6	-1.579530000E-6	5.949400000E+0	2.999961914E+4	2.398010000E+2
2.026570000E-6	-1.639140000E-6	5.937300000E+0	2.999961914E+4	2.421090000E+2
1.609330000E-6	-1.579530000E-6	5.925400000E+0	2.999961914E+4	2.447240000E+2
2.354400000E-6	-1.311310000E-6	5.915200000E+0	2.999961914E+4	2.463670000E+2
2.682220000E-6	-1.698740000E-6	5.905000000E+0	2.999961914E+4	2.484600000E+2
2.861040000E-6	-1.102690000E-6	5.894200000E+0	2.999961914E+4	2.506070000E+2
2.741830000E-6	-1.728540000E-6	5.883500000E+0	2.999961914E+4	2.531650000E+2
2.264990000E-6	-1.907360000E-6	5.872400000E+0	2.999961914E+4	2.543830000E+2
8.344690000E-7	-1.877550000E-6	5.862100000E+0	2.999961914E+4	2.570140000E+2
2.026570000E-6	-2.443800000E-6	5.850200000E+0	2.999961914E+4	2.593990000E+2
3.337870000E-6	-1.132500000E-6	5.838900000E+0	2.999961914E+4	2.616840000E+2
1.966970000E-6	-1.490120000E-6	5.828800000E+0	2.999961914E+4	2.640590000E+2
1.996770000E-6	-1.519930000E-6	5.817900000E+0	2.999961914E+4	2.658650000E+2
1.817950000E-6	-6.556550000E-7	5.807800000E+0	2.999961914E+4	2.680050000E+2
3.010050000E-6	-9.536820000E-7	5.797700000E+0	2.999961914E+4	2.701040000E+2
1.460320000E-6	-1.102690000E-6	5.786900000E+0	2.999961914E+4	2.722070000E+2
2.264990000E-6	-8.344690000E-7	5.775800000E+0	2.999961914E+4	2.739540000E+2
2.354400000E-6	-1.490120000E-6	5.763600000E+0	2.999961914E+4	2.768980000E+2
2.086180000E-6	-1.609330000E-6	5.751500000E+0	2.999961914E+4	2.791350000E+2
3.129260000E-6	-1.043090000E-6	5.739700000E+0	2.999961914E+4	2.815400000E+2
9.238760000E-7	-6.258520000E-7	5.729000000E+0	2.999961914E+4	2.834200000E+2
1.430520000E-6	-1.639140000E-6	5.716100000E+0	2.999961914E+4	2.863880000E+2
2.920640000E-6	-1.519930000E-6	5.704100000E+0	2.999961914E+4	2.890100000E+2
3.129260000E-6	-1.341110000E-6	5.693700000E+0	2.999961914E+4	2.902600000E+2
3.278270000E-6	-1.102690000E-6	5.680500000E+0	2.999961914E+4	2.931960000E+2
2.533210000E-6	-8.940740000E-8	5.669700000E+0	2.999961914E+4	2.955950000E+2
3.784910000E-6	-1.162300000E-6	5.658400000E+0	2.999961914E+4	2.979640000E+2
1.460320000E-6	-1.788150000E-7	5.647600000E+0	2.999961914E+4	2.998670000E+2
3.129260000E-6	2.980250000E-8	5.636700000E+0	2.999961914E+4	3.018310000E+2
2.741830000E-6	-2.980250000E-8	5.623800000E+0	2.999961914E+4	3.049060000E+2
2.980250000E-6	-1.609330000E-6	5.612400000E+0	2.999961914E+4	3.076100000E+2
1.549730000E-6	-1.907360000E-6	5.600100000E+0	2.999961914E+4	3.091720000E+2
1.460320000E-6	-1.251700000E-6	5.589400000E+0	2.999961914E+4	3.120100000E+2
2.771630000E-6	-1.072890000E-6	5.577800000E+0	2.999961914E+4	3.140010000E+2
3.546490000E-6	-1.221900000E-6	5.564700000E+0	2.999961914E+4	3.170430000E+2
3.606100000E-6	-5.066430000E-7	5.554000000E+0	2.999961914E+4	3.182230000E+2
4.231960000E-6	-9.834840000E-7	5.543200000E+0	2.999961914E+4	3.211500000E+2
2.503410000E-6	-1.579530000E-6	5.531400000E+0	2.999961914E+4	3.235440000E+2
2.771630000E-6	-9.238760000E-7	5.520900000E+0	2.999961914E+4	3.251990000E+2
3.844530000E-6	-1.013290000E-6	5.508400000E+0	2.999961914E+4	3.278270000E+2
3.755110000E-6	-1.281510000E-6	5.496600000E+0	2.999961914E+4	3.303160000E+2
3.933940000E-6	-1.758340000E-6	5.485300000E+0	2.999961914E+4	3.328800000E+2
3.308070000E-6	-6.854570000E-7	5.473500000E+0	2.999961914E+4	3.346250000E+2
3.099460000E-6	-1.013290000E-6	5.462600000E+0	2.999961914E+4	3.369950000E+2
3.039850000E-6	-1.251700000E-6	5.450600000E+0	2.999961914E+4	3.394710000E+2
2.861040000E-6	-1.162300000E-6	5.438400000E+0	2.999961914E+4	3.418670000E+2
3.248470000E-6	-1.132500000E-6	5.426100000E+0	2.999961914E+4	3.444750000E+2
3.010050000E-6	-1.579530000E-6	5.414900000E+0	2.999961914E+4	3.463390000E+2
3.546490000E-6	-1.013290000E-6	5.403200000E+0	2.999961914E+4	3.490120000E+2
3.129260000E-6	-1.043090000E-6	5.391900000E+0	2.999961914E+4	3.514010000E+2
2.592820000E-6	-8.046660000E-7	5.381400000E+0	2.999961914E+4	3.528770000E+2
3.069650000E-6	-1.043090000E-6	5.370900000E+0	2.999961914E+4	3.553340000E+2
3.039850000E-6	-1.311310000E-6	5.359900000E+0	2.999961914E+4	3.574150000E+2
3.010050000E-6	-4.768410000E-7	5.346600000E+0	2.999961914E+4	3.603660000E+2
2.950440000E-6	-1.370910000E-6	5.334000000E+0	2.999961914E+4	3.630250000E+2
2.533210000E-6	-1.162300000E-6	5.323200000E+0	2.999961914E+4	3.650570000E+2
2.503410000E-6	-7.748640000E-7	5.313100000E+0	2.999961914E+4	3.663650000E+2
3.099460000E-6	-1.281510000E-6	5.302700000E+0	2.999961914E+4	3.692850000E+2
2.414000000E-6	-1.400720000E-6	5.291500000E+0	2.999961914E+4	3.711550000E+2
4.082950000E-6	-8.046660000E-7	5.280800000E+0	2.999961914E+4	3.732240000E+2
3.337870000E-6	-1.192100000E-6	5.268300000E+0	2.999961914E+4	3.762210000E+2
3.337870000E-6	-6.854570000E-7	5.257800000E+0	2.999961914E+4	3.779960000E+2
3.427280000E-6	-7.450620000E-7	5.245700000E+0	2.999961914E+4	3.804780000E+2
2.890840000E-6	-9.238760000E-7	5.235500000E+0	2.999961914E+4	3.823320000E+2
3.784910000E-6	-3.576300000E-7	5.224500000E+0	2.999961914E+4	3.846170000E+2
3.486890000E-6	-1.519930000E-6	5.214200000E+0	2.999961914E+4	3.870330000E+2
3.933940000E-6	-1.072890000E-6	5.200800000E+0	2.999961914E+4	3.890780000E+2
4.082950000E-6	-5.066430000E-7	5.190600000E+0	2.999961914E+4	3.918330000E+2
3.963740000E-6	-5.066430000E-7	5.178100000E+0	2.999961914E+4	3.938760000E+2
3.159060000E-6	-8.940730000E-7	5.167800000E+0	2.999961914E+4	3.962380000E+2
3.457080000E-6	-6.258520000E-7	5.156100000E+0	2.999961914E+4	3.981260000E+2
2.861040000E-6	-3.874320000E-7	5.143700000E+0	2.999961914E+4	4.006980000E+2
3.188860000E-6	-8.344690000E-7	5.132500000E+0	2.999961914E+4	4.029650000E+2
3.814730000E-6	-1.788150000E-7	5.121600000E+0	2.999961914E+4	4.054580000E+2
4.082950000E-6	-2.384200000E-7	5.109300000E+0	2.999961914E+4	4.076100000E+2
3.904130000E-6	-2.682230000E-7	5.098000000E+0	2.999961914E+4	4.102340000E+2
4.380970000E-6	-7.450620000E-7	5.086700000E+0	2.999961914E+4	4.122690000E+2
4.142550000E-6	-3.278270000E-7	5.074300000E+0	2.999961914E+4	4.141190000E+2
3.963740000E-6	-1.281510000E-6	5.063300000E+0	2.999961914E+4	4.170940000E+2
3.457080000E-6	-2.086170000E-7	5.052100000E+0	2.999961914E+4	4.188990000E+2
3.337870000E-6	-1.192100000E-6	5.041900000E+0	2.999961914E+4	4.213230000E+2
4.410770000E-6	-5.960510000E-8	5.030300000E+0	2.999961914E+4	4.233330000E+2
3.933940000E-6	-8.046660000E-7	5.019700000E+0	2.999961914E+4	4.257030000E+2
3.695500000E-6	-1.043090000E-6	5.008200000E+0	2.999961914E+4	4.281550000E+2
4.678990000E-6	-8.940730000E-7	4.997600000E+0	2.999961914E+4	4.295860000E+2
4.470380000E-6	-5.960500000E-7	4.985000000E+0	2.999961914E+4	4.325220000E+2
5.960490000E-6	3.278270000E-7	4.974900000E+0	2.999961914E+4	4.345550000E+2
4.947210000E-6	-5.066430000E-7	4.964300000E+0	2.999961914E+4	4.368180000E+2
5.662470000E-6	-7.152590000E-7	4.953500000E+0	2.999961914E+4	4.389260000E+2
5.841280000E-6	3.874320000E-7	4.942700000E+0	2.999961914E+4	4.406950000E+2
4.142550000E-6	-6.854570000E-7	4.931200000E+0	2.999961914E+4	4.435660000E+2
5.245240000E-6	-6.854570000E-7	4.921000000E+0	2.999961914E+4	4.449260000E+2
3.725300000E-6	-4.172340000E-7	4.908200000E+0	2.999961914E+4	4.478350000E+2
4.589590000E-6	-8.344690000E-7	4.896300000E+0	2.999961914E+4	4.502380000E+2
3.904130000E-6	-7.450620000E-7	4.884200000E+0	2.999961914E+4	4.526540000E+2
5.334640000E-6	-5.960500000E-7	4.873100000E+0	2.999961914E+4	4.550390000E+2
3.695500000E-6	-4.172340000E-7	4.860700000E+0	2.999961914E+4	4.575730000E+2
5.513460000E-6	-2.086170000E-7	4.848400000E+0	2.999961914E+4	4.594400000E+2
3.516690000E-6	-3.874320000E-7	4.835100000E+0	2.999961914E+4	4.623940000E+2
3.427280000E-6	1.192100000E-7	4.822900000E+0	2.999961914E+4	4.648460000E+2
4.231960000E-6	-9.536820000E-7	4.810900000E+0	2.999961914E+4	4.671930000E+2
3.814730000E-6	-2.086170000E-7	4.799000000E+0	2.999961914E+4	4.701070000E+2
3.814730000E-6	-1.072890000E-6	4.787500000E+0	2.999961914E+4	4.721270000E+2
2.682220000E-6	-5.364450000E-7	4.775900000E+0	2.999961914E+4	4.744270000E+2
4.649190000E-6	-6.854570000E-7	4.763000000E+0	2.999961914E+4	4.767780000E+2
3.397480000E-6	5.066430000E-7	4.752400000E+0	2.999961914E+4	4.791900000E+2
3.427280000E-6	-2.384200000E-7	4.741300000E+0	2.999961914E+4	4.811930000E+2
4.589590000E-6	-7.450620000E-7	4.728000000E+0	2.999961914E+4	4.841190000E+2
4.351170000E-6	-1.937170000E-6	4.717100000E+0	2.999961914E+4	4.859770000E+2
4.172350000E-6	0.000000000E+0	4.705300000E+0	2.999961914E+4	4.883580000E+2
4.231960000E-6	-1.192100000E-6	4.694800000E+0	2.999961914E+4	4.910510000E+2
5.304840000E-6	-3.576300000E-7	4.681900000E+0	2.999961914E+4	4.927940000E+2
3.099460000E-6	-1.132500000E-6	4.670200000E+0	2.999961914E+4	4.957230000E+2
4.380970000E-6	5.960510000E-8	4.656800000E+0	2.999961914E+4	4.979770000E+2
3.963740000E-6	-2.384200000E-7	4.646200000E+0	2.999961914E+4	5.003900000E+2
2.831240000E-6	4.768410000E-7	4.632300000E+0	2.999961914E+4	5.029190000E+2
1.460320000E-6	-2.086170000E-7	4.618100000E+0	2.999961914E+4	5.059260000E+2
1.519930000E-6	-2.086170000E-7	4.607800000E+0	2.999961914E+4	5.077310000E+2
4.053140000E-6	5.960510000E-8	4.596200000E+0	2.999961914E+4	5.101460000E+2
3.010050000E-6	-2.384200000E-7	4.585500000E+0	2.999961914E+4	5.125540000E+2
2.652420000E-6	-3.874320000E-7	4.572500000E+0	2.999961914E+4	5.145120000E+2
1.817950000E-6	-3.874320000E-7	4.560500000E+0	2.999961914E+4	5.175340000E+2
2.503410000E-6	-2.086170000E-7	4.548900000E+0	2.999961914E+4	5.200370000E+2
1.877550000E-6	2.980250000E-8	4.536200000E+0	2.999961914E+4	5.223190000E+2
3.069650000E-6	-4.768410000E-7	4.524300000E+0	2.999961914E+4	5.242520000E+2
1.847750000E-6	-5.364450000E-7	4.512600000E+0	2.999961914E+4	5.273680000E+2
1.639140000E-6	3.278270000E-7	4.499400000E+0	2.999961914E+4	5.295150000E+2
2.026570000E-6	2.384200000E-7	4.486200000E+0	2.999961914E+4	5.324860000E+2
1.966970000E-6	5.662480000E-7	4.472900000E+0	2.999961914E+4	5.348050000E+2
9.536820000E-7	3.874320000E-7	4.461200000E+0	2.999961914E+4	5.376010000E+2
2.592820000E-6	-3.576300000E-7	4.451100000E+0	2.999961914E+4	5.392310000E+2
2.533210000E-6	-2.086170000E-7	4.439600000E+0	2.999961914E+4	5.416000000E+2
1.847750000E-6	-6.556550000E-7	4.427600000E+0	2.999961914E+4	5.440180000E+2
2.235190000E-6	4.768410000E-7	4.417400000E+0	2.999961914E+4	5.460220000E+2
1.549730000E-6	3.278270000E-7	4.405800000E+0	2.999961914E+4	5.485320000E+2
1.698740000E-6	3.874320000E-7	4.394300000E+0	2.999961914E+4	5.508450000E+2
2.980250000E-8	3.278270000E-7	4.383700000E+0	2.999961914E+4	5.528220000E+2
1.698740000E-6	3.576300000E-7	4.371300000E+0	2.999961914E+4	5.550780000E+2
2.414000000E-6	5.960510000E-8	4.361200000E+0	2.999961914E+4	5.576150000E+2
-4.172340000E-7	-3.576300000E-7	4.348100000E+0	2.999961914E+4	5.596220000E+2
-1.788150000E-7	2.980250000E-7	4.336600000E+0	2.999961914E+4	5.624570000E+2
-1.579530000E-6	9.536820000E-7	4.325700000E+0	2.999961914E+4	5.644850000E+2
-5.364450000E-7	-9.536820000E-7	4.314900000E+0	2.999961914E+4	5.668120000E+2
-7.748640000E-7	-1.043090000E-6	4.304600000E+0	2.999961914E+4	5.683190000E+2
-1.192100000E-6	-1.251700000E-6	4.292500000E+0	2.999961914E+4	5.712700000E+2
-5.960510000E-8	-3.874320000E-7	4.281000000E+0	2.999961914E+4	5.733520000E+2
-1.281510000E-6	-1.192100000E-7	4.267700000E+0	2.999961914E+4	5.760270000E+2
-1.788150000E-7	3.874320000E-7	4.257500000E+0	2.999961914E+4	5.780690000E+2
-1.400720000E-6	2.086170000E-7	4.245500000E+0	2.999961914E+4	5.805630000E+2
-9.238760000E-7	-2.384200000E-7	4.233000000E+0	2.999961914E+4	5.828200000E+2
-4.768410000E-7	7.152590000E-7	4.222700000E+0	2.999961914E+4	5.848270000E+2
1.132500000E-6	5.662480000E-7	4.209800000E+0	2.999961914E+4	5.879380000E+2
1.132500000E-6	4.470370000E-7	4.199300000E+0	2.999961914E+4	5.896350000E+2
-1.281510000E-6	-5.066430000E-7	4.189200000E+0	2.999961914E+4	5.916240000E+2
-1.490120000E-6	-4.768410000E-7	4.177900000E+0	2.999961914E+4	5.938940000E+2
-2.086170000E-7	-2.086170000E-7	4.166400000E+0	2.999961914E+4	5.958920000E+2
5.662480000E-7	0.000000000E+0	4.156100000E+0	2.999961914E+4	5.988990000E+2
-2.682230000E-7	1.490130000E-7	4.143800000E+0	2.999961914E+4	6.003370000E+2
1.430520000E-6	1.788150000E-7	4.132900000E+0	2.999961914E+4	6.027030000E+2
-4.768410000E-7	1.788150000E-7	4.121700000E+0	2.999961914E+4	6.052640000E+2
5.960510000E-8	-2.384200000E-7	4.111400000E+0	2.999961914E+4	6.075500000E+2
-6.854570000E-7	-7.450620000E-7	4.100900000E+0	2.999961914E+4	6.091510000E+2
-5.066430000E-7	2.980250000E-7	4.089900000E+0	2.999961914E+4	6.122560000E+2
4.172340000E-7	-4.768410000E-7	4.077000000E+0	2.999961914E+4	6.139110000E+2
-4.470370000E-7	8.940740000E-8	4.066100000E+0	2.999961914E+4	6.163140000E+2
-1.609330000E-6	-4.470370000E-7	4.053600000E+0	2.999961914E+4	6.188690000E+2
1.788150000E-7	5.960500000E-7	4.042200000E+0	2.999961914E+4	6.211170000E+2
2.086170000E-7	-8.940740000E-8	4.030500000E+0	2.999961914E+4	6.230980000E+2
-8.642710000E-7	1.490130000E-7	4.018000000E+0	2.999961914E+4	6.260330000E+2
6.854570000E-7	-4.172340000E-7	4.006600000E+0	2.999961914E+4	6.279140000E+2
1.043090000E-6	2.682230000E-7	3.996200000E+0	2.999961914E+4	6.304660000E+2
-5.960510000E-8	-8.940740000E-8	3.984200000E+0	2.999961914E+4	6.325790000E+2
-1.877550000E-6	-1.102690000E-6	3.972200000E+0	2.999961914E+4	6.352660000E+2
-3.576300000E-7	-7.748640000E-7	3.962100000E+0	2.999961914E+4	6.373200000E+2
-1.490120000E-6	4.768410000E-7	3.950100000E+0	2.999961914E+4	6.393580000E+2
-1.758340000E-6	4.172340000E-7	3.939600000E+0	2.999961914E+4	6.420570000E+2
-1.788150000E-6	5.662480000E-7	3.929200000E+0	2.999961914E+4	6.435200000E+2
-1.639140000E-6	1.311310000E-6	3.918600000E+0	2.999961914E+4	6.461900000E+2
-5.960510000E-8	-6.854570000E-7	3.907900000E+0	2.999961914E+4	6.479350000E+2
-8.940740000E-8	-6.556550000E-7	3.897300000E+0	2.999961914E+4	6.500560000E+2
-1.251700000E-6	-2.980250000E-8	3.886100000E+0	2.999961914E+4	6.521930000E+2
-2.622620000E-6	1.162300000E-6	3.872700000E+0	2.999961914E+4	6.551200000E+2
-5.066430000E-7	-3.576300000E-7	3.861800000E+0	2.999961914E+4	6.571390000E+2
-1.519930000E-6	8.940740000E-8	3.851800000E+0	2.999961914E+4	6.589790000E+2
-1.072890000E-6	2.980250000E-7	3.837300000E+0	2.999961914E+4	6.619170000E+2
-1.490120000E-6	4.768410000E-7	3.826300000E+0	2.999961914E+4	6.639710000E+2
-1.639140000E-6	-6.556550000E-7	3.813900000E+0	2.999961914E+4	6.669860000E+2
-6.556550000E-7	5.960510000E-8	3.802000000E+0	2.999961914E+4	6.688020000E+2
-1.966970000E-6	-4.470370000E-7	3.789600000E+0	2.999961914E+4	6.716560000E+2
-3.010050000E-6	2.682230000E-7	3.778000000E+0	2.999961914E+4	6.736740000E+2
-3.278270000E-6	-8.642710000E-7	3.766600000E+0	2.999961914E+4	6.764760000E+2
-2.801430000E-6	-1.788150000E-7	3.751700000E+0	2.999961914E+4	6.790310000E+2
-1.400720000E-6	-1.877550000E-6	3.738800000E+0	2.999961914E+4	6.819900000E+2
-2.235190000E-6	-2.503410000E-6	3.724600000E+0	2.999961914E+4	6.843420000E+2
-2.712030000E-6	-2.980250000E-6	3.714400000E+0	2.999961914E+4	6.867440000E+2
-2.771630000E-6	-3.010050000E-6	3.703800000E+0	2.999961914E+4	6.887470000E+2
-3.129260000E-6	-3.576290000E-6	3.693100000E+0	2.999961914E+4	6.907430000E+2
-3.784910000E-6	-2.264990000E-6	3.681400000E+0	2.999961914E+4	6.938000000E+2
-4.023340000E-6	-3.516690000E-6	3.669900000E+0	2.999961914E+4	6.955240000E+2
-4.202160000E-6	-4.738600000E-6	3.657800000E+0	2.999961914E+4	6.979210000E+2
-3.874330000E-6	-5.960490000E-6	3.647300000E+0	2.999961914E+4	7.000540000E+2
-4.500180000E-6	-6.586340000E-6	3.637000000E+0	2.999961914E+4	7.023750000E+2
-7.063180000E-6	-5.960490000E-6	3.624700000E+0	2.999961914E+4	7.043370000E+2
-6.586340000E-6	-8.285100000E-6	3.614000000E+0	2.999961914E+4	7.072720000E+2
-7.629450000E-6	-8.821550000E-6	3.599300000E+0	2.999961914E+4	7.094330000E+2
-1.180180000E-5	-8.702340000E-6	3.587900000E+0	2.999961914E+4	7.126220000E+2
-1.138450000E-5	-1.034150000E-5	3.572500000E+0	2.999961914E+4	7.147630000E+2
-1.645100000E-5	-1.013280000E-5	3.561200000E+0	2.999961914E+4	7.184010000E+2
-1.639140000E-5	-1.218920000E-5	3.545500000E+0	2.999961914E+4	7.204940000E+2
-1.978890000E-5	-1.290450000E-5	3.534800000E+0	2.999961914E+4	7.236750000E+2
-2.098100000E-5	-1.198060000E-5	3.524400000E+0	2.999961914E+4	7.258220000E+2
-2.467640000E-5	-1.129510000E-5	3.514000000E+0	2.999961914E+4	7.279370000E+2
-2.717980000E-5	-1.075870000E-5	3.502400000E+0	2.999961914E+4	7.301440000E+2
-2.607710000E-5	-1.171240000E-5	3.491500000E+0	2.999961914E+4	7.326090000E+2
-2.926600000E-5	-1.108650000E-5	3.479500000E+0	2.999961914E+4	7.347400000E+2
-3.051780000E-5	-1.040110000E-5	3.465800000E+0	2.999961914E+4	7.378290000E+2
-3.427290000E-5	-8.553320000E-6	3.450900000E+0	2.999961914E+4	7.410670000E+2
-3.796840000E-5	-7.271800000E-6	3.440100000E+0	2.999961914E+4	7.436980000E+2
-3.853460000E-5	-6.765160000E-6	3.430000000E+0	2.999961914E+4	7.458100000E+2
-4.184270000E-5	-6.228710000E-6	3.417700000E+0	2.999961914E+4	7.479590000E+2
-3.924990000E-5	-6.794960000E-6	3.401400000E+0	2.999961914E+4	7.512340000E+2
-4.252810000E-5	-5.602870000E-6	3.386500000E+0	2.999961914E+4	7.547430000E+2
-4.273680000E-5	-4.947210000E-6	3.376000000E+0	2.999961914E+4	7.569000000E+2
-4.723690000E-5	-3.576290000E-6	3.360500000E+0	2.999961914E+4	7.600920000E+2
-4.637260000E-5	-3.188860000E-6	3.350100000E+0	2.999961914E+4	7.622480000E+2
-4.839920000E-5	-2.920640000E-6	3.336900000E+0	2.999961914E+4	7.654340000E+2
-4.941250000E-5	-3.188860000E-6	3.319000000E+0	2.999961914E+4	7.686430000E+2
-5.123040000E-5	-1.490120000E-6	3.307900000E+0	2.999961914E+4	7.718270000E+2
-5.009790000E-5	-1.728540000E-6	3.296200000E+0	2.999961914E+4	7.740190000E+2
-5.137940000E-5	-1.490120000E-6	3.283900000E+0	2.999961914E+4	7.766680000E+2
-5.176690000E-5	-9.238760000E-7	3.271800000E+0	2.999961914E+4	7.788280000E+2
-5.260130000E-5	-5.066430000E-7	3.259200000E+0	2.999961914E+4	7.819600000E+2
-5.295900000E-5	-2.682230000E-7	3.247200000E+0	2.999961914E+4	7.841460000E+2
-5.346560000E-5	4.172340000E-7	3.229900000E+0	2.999961914E+4	7.873000000E+2
-5.418090000E-5	3.576300000E-7	3.218700000E+0	2.999961914E+4	7.903730000E+2
-5.298880000E-5	2.980250000E-7	3.205600000E+0	2.999961914E+4	7.924880000E+2
-5.191590000E-5	-7.450620000E-7	3.190700000E+0	2.999961914E+4	7.961630000E+2
-5.447890000E-5	1.221900000E-6	3.174100000E+0	2.999961914E+4	7.992880000E+2
-5.388280000E-5	2.056370000E-6	3.160900000E+0	2.999961914E+4	8.024970000E+2
-5.501530000E-5	1.788150000E-6	3.150200000E+0	2.999961914E+4	8.046600000E+2
-5.605840000E-5	1.788150000E-6	3.134700000E+0	2.999961914E+4	8.078490000E+2
-5.573060000E-5	4.768410000E-7	3.123700000E+0	2.999961914E+4	8.105120000E+2
-5.748890000E-5	2.443800000E-6	3.112600000E+0	2.999961914E+4	8.126350000E+2
-5.620740000E-5	2.205390000E-6	3.100600000E+0	2.999961914E+4	8.147780000E+2
-5.632660000E-5	2.026570000E-6	3.086900000E+0	2.999961914E+4	8.180080000E+2
-5.751870000E-5	1.639140000E-6	3.076800000E+0	2.999961914E+4	8.207710000E+2
-5.653520000E-5	1.579530000E-6	3.066100000E+0	2.999961914E+4	8.222990000E+2
-5.811480000E-5	2.980250000E-6	3.052600000E+0	2.999961914E+4	8.254920000E+2
-5.793590000E-5	2.861040000E-6	3.034500000E+0	2.999961914E+4	8.286800000E+2
-5.707170000E-5	2.056370000E-6	3.021500000E+0	2.999961914E+4	8.322800000E+2
-5.802540000E-5	1.728540000E-6	3.010500000E+0	2.999961914E+4	8.343900000E+2
-5.823400000E-5	3.397480000E-6	2.999900000E+0	2.999961914E+4	8.365100000E+2
-5.820420000E-5	2.861040000E-6	2.989400000E+0	2.999961914E+4	8.387060000E+2
-5.897900000E-5	2.712030000E-6	2.979200000E+0	2.999961914E+4	8.407920000E+2
-5.921740000E-5	3.755110000E-6	2.965300000E+0	2.999961914E+4	8.440060000E+2
-5.796570000E-5	2.890840000E-6	2.952000000E+0	2.999961914E+4	8.462020000E+2
-5.802540000E-5	3.576290000E-6	2.939300000E+0	2.999961914E+4	8.492080000E+2
-5.668430000E-5	2.861040000E-6	2.929100000E+0	2.999961914E+4	8.513130000E+2
-5.859160000E-5	3.308070000E-6	2.915700000E+0	2.999961914E+4	8.545110000E+2
-5.856180000E-5	3.188860000E-6	2.903200000E+0	2.999961914E+4	8.567080000E+2
-6.052870000E-5	4.440580000E-6	2.887700000E+0	2.999961914E+4	8.598480000E+2
-5.751870000E-5	3.337870000E-6	2.875600000E+0	2.999961914E+4	8.630920000E+2
-5.820420000E-5	3.963740000E-6	2.865300000E+0	2.999961914E+4	8.651860000E+2
-5.778690000E-5	3.308070000E-6	2.853600000E+0	2.999961914E+4	8.673230000E+2
-5.853200000E-5	3.963740000E-6	2.843100000E+0	2.999961914E+4	8.700290000E+2
-5.805520000E-5	4.291560000E-6	2.829700000E+0	2.999961914E+4	8.721530000E+2
-5.972410000E-5	4.082950000E-6	2.816400000E+0	2.999961914E+4	8.753630000E+2
-5.966450000E-5	4.082950000E-6	2.805000000E+0	2.999961914E+4	8.774720000E+2
-6.076720000E-5	4.321370000E-6	2.794300000E+0	2.999961914E+4	8.799900000E+2
-6.157210000E-5	4.172350000E-6	2.783800000E+0	2.999961914E+4	8.821170000E+2
-6.046910000E-5	4.410770000E-6	2.767600000E+0	2.999961914E+4	8.853530000E+2
-5.936650000E-5	4.529980000E-6	2.751000000E+0	2.999961914E+4	8.890760000E+2
-5.951550000E-5	4.589590000E-6	2.739400000E+0	2.999961914E+4	8.912570000E+2
-5.987310000E-5	4.023340000E-6	2.725400000E+0	2.999961914E+4	8.942600000E+2
-6.088640000E-5	4.440580000E-6	2.715400000E+0	2.999961914E+4	8.971170000E+2
-6.121440000E-5	3.784910000E-6	2.700300000E+0	2.999961914E+4	8.995980000E+2
-6.124420000E-5	3.248470000E-6	2.686600000E+0	2.999961914E+4	9.028450000E+2
-6.040950000E-5	3.844530000E-6	2.675900000E+0	2.999961914E+4	9.049460000E+2
-6.058840000E-5	3.606100000E-6	2.660200000E+0	2.999961914E+4	9.082150000E+2
-6.002210000E-5	3.546490000E-6	2.644000000E+0	2.999961914E+4	9.117270000E+2
-6.368800000E-5	4.529980000E-6	2.632600000E+0	2.999961914E+4	9.138550000E+2
-6.061820000E-5	2.801430000E-6	2.620200000E+0	2.999961914E+4	9.165370000E+2
-6.210850000E-5	3.516690000E-6	2.608600000E+0	2.999961914E+4	9.197330000E+2
-6.189990000E-5	4.112750000E-6	2.592900000E+0	2.999961914E+4	9.218420000E+2
-6.008170000E-5	4.202160000E-6	2.578500000E+0	2.999961914E+4	9.254650000E+2
-6.058840000E-5	4.589590000E-6	2.560800000E+0	2.999961914E+4	9.287410000E+2
-6.067780000E-5	3.606100000E-6	2.546100000E+0	2.999961914E+4	9.324250000E+2
-6.133360000E-5	3.755110000E-6	2.534600000E+0	2.999961914E+4	9.345300000E+2
-5.877040000E-5	4.202160000E-6	2.519300000E+0	2.999961914E+4	9.377580000E+2
-5.859160000E-5	3.546490000E-6	2.507100000E+0	2.999961914E+4	9.409180000E+2
-6.070760000E-5	4.231960000E-6	2.495900000E+0	2.999961914E+4	9.430680000E+2
-6.118460000E-5	4.172350000E-6	2.485000000E+0	2.999961914E+4	9.452610000E+2
-6.067780000E-5	4.678990000E-6	2.473900000E+0	2.999961914E+4	9.477440000E+2
-6.070760000E-5	4.768400000E-6	2.463000000E+0	2.999961914E+4	9.498650000E+2
-6.157210000E-5	4.410770000E-6	2.451700000E+0	2.999961914E+4	9.525890000E+2
-6.184030000E-5	4.678990000E-6	2.439900000E+0	2.999961914E+4	9.547080000E+2
-5.990290000E-5	4.559780000E-6	2.429400000E+0	2.999961914E+4	9.572080000E+2
-5.954530000E-5	3.606100000E-6	2.416000000E+0	2.999961914E+4	9.593470000E+2
-6.121440000E-5	4.380970000E-6	2.405300000E+0	2.999961914E+4	9.625710000E+2
-6.079700000E-5	4.440580000E-6	2.391800000E+0	2.999961914E+4	9.647280000E+2
-5.906840000E-5	4.053140000E-6	2.378100000E+0	2.999961914E+4	9.677430000E+2
-6.076720000E-5	4.768400000E-6	2.367600000E+0	2.999961914E+4	9.704470000E+2
-6.130380000E-5	4.589590000E-6	2.355500000E+0	2.999961914E+4	9.726040000E+2
-6.201910000E-5	4.857810000E-6	2.340600000E+0	2.999961914E+4	9.757850000E+2
-6.154230000E-5	4.708800000E-6	2.327700000E+0	2.999961914E+4	9.790070000E+2
-6.094600000E-5	5.275040000E-6	2.314300000E+0	2.999961914E+4	9.811360000E+2
-6.321120000E-5	5.245240000E-6	2.300000000E+0	2.999961914E+4	9.846900000E+2
-6.231710000E-5	4.231960000E-6	2.288400000E+0	2.999961914E+4	9.868690000E+2
-6.219790000E-5	4.172350000E-6	2.275200000E+0	2.999961914E+4	9.900500000E+2
-6.288340000E-5	4.798200000E-6	2.262900000E+0	2.999961914E+4	9.921380000E+2
-6.219790000E-5	4.619390000E-6	2.251400000E+0	2.999961914E+4	9.948200000E+2
-6.365820000E-5	4.828010000E-6	2.237200000E+0	2.999961914E+4	9.980770000E+2
-6.276420000E-5	4.172350000E-6	2.226600000E+0	2.999961914E+4	1.000181000E+3
-6.264490000E-5	3.695500000E-6	2.209800000E+0	2.999961914E+4	1.003462000E+3
-6.395620000E-5	5.632670000E-6	2.196800000E+0	2.999961914E+4	1.006562000E+3
-6.383700000E-5	5.126030000E-6	2.185700000E+0	2.999961914E+4	1.008732000E+3
-6.431390000E-5	5.126030000E-6	2.171600000E+0	2.999961914E+4	1.011902000E+3
-6.201910000E-5	4.768400000E-6	2.161400000E+0	2.999961914E+4	1.014019000E+3
-6.303240000E-5	4.857810000E-6	2.145400000E+0	2.999961914E+4	1.017287000E+3
-6.166150000E-5	4.738600000E-6	2.131900000E+0	2.999961914E+4	1.020459000E+3
-6.324100000E-5	4.887610000E-6	2.120800000E+0	2.999961914E+4	1.022545000E+3
-6.374760000E-5	4.947210000E-6	2.107600000E+0	2.999961914E+4	1.025749000E+3
-6.303240000E-5	4.857810000E-6	2.095800000E+0	2.999961914E+4	1.027883000E+3
-6.380720000E-5	4.798200000E-6	2.081300000E+0	2.999961914E+4	1.031092000E+3
-6.344960000E-5	4.977020000E-6	2.071300000E+0	2.999961914E+4	1.033256000E+3
-6.303240000E-5	4.798200000E-6	2.055900000E+0	2.999961914E+4	1.036480000E+3
-6.306220000E-5	5.245240000E-6	2.045400000E+0	2.999961914E+4	1.039238000E+3
-6.252570000E-5	4.857810000E-6	2.028900000E+0	2.999961914E+4	1.041774000E+3
-6.288340000E-5	4.619390000E-6	2.016600000E+0	2.999961914E+4	1.045018000E+3
-6.473110000E-5	4.828010000E-6	2.004600000E+0	2.999961914E+4	1.047148000E+3
-6.341980000E-5	4.261760000E-6	2.017800000E+0	2.999961914E+4	1.176697000E+3
-6.365820000E-5	3.904130000E-6	2.028700000E+0	2.999961914E+4	1.179497000E+3
-6.392640000E-5	4.202160000E-6	2.040100000E+0	2.999961914E+4	1.181519000E+3
-6.368800000E-5	4.231960000E-6	2.051500000E+0	2.999961914E+4	1.184061000E+3
-6.309200000E-5	3.844530000E-6	2.061900000E+0	2.999961914E+4	1.186027000E+3
-6.425430000E-5	4.112750000E-6	2.072700000E+0	2.999961914E+4	1.188445000E+3
-6.431390000E-5	4.708800000E-6	2.083200000E+0	2.999961914E+4	1.190591000E+3
-6.425430000E-5	4.678990000E-6	2.094700000E+0	2.999961914E+4	1.192577000E+3
-6.189990000E-5	3.516690000E-6	2.105900000E+0	2.999961914E+4	1.195110000E+3
-6.297280000E-5	4.440580000E-6	2.116500000E+0	2.999961914E+4	1.196841000E+3
-6.157210000E-5	3.755110000E-6	2.127800000E+0	2.999961914E+4	1.199382000E+3
-6.353900000E-5	3.844530000E-6	2.138900000E+0	2.999961914E+4	1.201781000E+3
-6.395620000E-5	4.828010000E-6	2.149500000E+0	2.999961914E+4	1.203767000E+3
-6.276420000E-5	4.947210000E-6	2.162100000E+0	2.999961914E+4	1.206457000E+3
-6.401590000E-5	5.394250000E-6	2.173900000E+0	2.999961914E+4	1.208503000E+3
-6.419470000E-5	4.917410000E-6	2.185800000E+0	2.999961914E+4	1.211107000E+3
-6.440330000E-5	5.006820000E-6	2.197200000E+0	2.999961914E+4	1.213156000E+3
-6.410530000E-5	4.857810000E-6	2.207800000E+0	2.999961914E+4	1.215490000E+3
-6.258530000E-5	4.798200000E-6	2.218300000E+0	2.999961914E+4	1.217521000E+3
-6.347940000E-5	4.589590000E-6	2.230300000E+0	2.999961914E+4	1.220077000E+3
-6.270460000E-5	4.291560000E-6	2.241200000E+0	2.999961914E+4	1.221802000E+3
-6.392640000E-5	4.291560000E-6	2.251700000E+0	2.999961914E+4	1.224334000E+3
-6.210850000E-5	4.559780000E-6	2.263200000E+0	2.999961914E+4	1.226478000E+3
-6.312180000E-5	3.725300000E-6	2.275200000E+0	2.999961914E+4	1.228828000E+3
-6.270460000E-5	4.291560000E-6	2.285900000E+0	2.999961914E+4	1.230871000E+3
-6.306220000E-5	4.053140000E-6	2.296300000E+0	2.999961914E+4	1.233428000E+3
-6.285360000E-5	4.142550000E-6	2.308100000E+0	2.999961914E+4	1.235376000E+3
-6.243630000E-5	4.321370000E-6	2.319200000E+0	2.999961914E+4	1.237631000E+3
-6.187010000E-5	3.963740000E-6	2.330100000E+0	2.999961914E+4	1.240038000E+3
-6.237670000E-5	4.649190000E-6	2.341200000E+0	2.999961914E+4	1.242026000E+3
-6.294300000E-5	4.291560000E-6	2.351400000E+0	2.999961914E+4	1.244300000E+3
-6.246610000E-5	3.963740000E-6	2.362000000E+0	2.999961914E+4	1.246305000E+3
-6.234690000E-5	4.142550000E-6	2.372600000E+0	2.999961914E+4	1.248320000E+3
-6.207870000E-5	4.261760000E-6	2.385000000E+0	2.999961914E+4	1.250845000E+3
-6.216810000E-5	4.112750000E-6	2.396400000E+0	2.999961914E+4	1.253280000E+3
-6.178070000E-5	3.784910000E-6	2.407300000E+0	2.999961914E+4	1.254959000E+3
-6.184030000E-5	4.142550000E-6	2.420600000E+0	2.999961914E+4	1.257795000E+3
-6.231710000E-5	4.977020000E-6	2.433600000E+0	2.999961914E+4	1.260707000E+3
-6.091620000E-5	4.410770000E-6	2.444700000E+0	2.999961914E+4	1.262443000E+3
-6.187010000E-5	4.887610000E-6	2.455100000E+0	2.999961914E+4	1.264826000E+3
-6.079700000E-5	4.172350000E-6	2.466400000E+0	2.999961914E+4	1.266966000E+3
-6.145290000E-5	4.529980000E-6	2.477900000E+0	2.999961914E+4	1.269386000E+3
-6.103560000E-5	4.142550000E-6	2.489700000E+0	2.999961914E+4	1.272025000E+3
-6.234690000E-5	4.440580000E-6	2.501600000E+0	2.999961914E+4	1.273891000E+3
-6.151250000E-5	4.023340000E-6	2.512700000E+0	2.999961914E+4	1.276433000E+3
-6.130380000E-5	3.993540000E-6	2.527400000E+0	2.999961914E+4	1.278999000E+3
-6.076720000E-5	3.933940000E-6	2.540900000E+0	2.999961914E+4	1.281966000E+3
-6.127400000E-5	4.261760000E-6	2.551800000E+0	2.999961914E+4	1.284312000E+3
-6.184030000E-5	3.784910000E-6	2.563000000E+0	2.999961914E+4	1.286321000E+3
-6.061820000E-5	3.546490000E-6	2.574000000E+0	2.999961914E+4	1.288768000E+3
-6.148270000E-5	4.410770000E-6	2.584100000E+0	2.999961914E+4	1.290708000E+3
-6.145290000E-5	3.963740000E-6	2.594100000E+0	2.999961914E+4	1.292546000E+3
-6.064800000E-5	3.546490000E-6	2.604800000E+0	2.999961914E+4	1.294587000E+3
-6.029030000E-5	2.861040000E-6	2.615000000E+0	2.999961914E+4	1.296957000E+3
-5.948570000E-5	2.980250000E-6	2.628900000E+0	2.999961914E+4	1.299255000E+3
-6.043930000E-5	3.576290000E-6	2.641100000E+0	2.999961914E+4	1.302076000E+3
-5.936650000E-5	4.023340000E-6	2.651800000E+0	2.999961914E+4	1.304429000E+3
-6.079700000E-5	4.172350000E-6	2.664300000E+0	2.999961914E+4	1.306466000E+3
-6.034990000E-5	3.606100000E-6	2.675100000E+0	2.999961914E+4	1.308867000E+3
-6.014130000E-5	3.844530000E-6	2.686400000E+0	2.999961914E+4	1.311006000E+3
-5.954530000E-5	3.546490000E-6	2.697800000E+0	2.999961914E+4	1.313553000E+3
-5.930690000E-5	4.321370000E-6	2.710100000E+0	2.999961914E+4	1.315486000E+3
-5.975390000E-5	3.725300000E-6	2.720900000E+0	2.999961914E+4	1.318039000E+3
-5.802540000E-5	3.248470000E-6	2.733100000E+0	2.999961914E+4	1.320221000E+3
-5.900880000E-5	3.844530000E-6	2.743100000E+0	2.999961914E+4	1.322705000E+3
-6.055860000E-5	3.963740000E-6	2.753700000E+0	2.999961914E+4	1.324219000E+3
-5.972410000E-5	3.576290000E-6	2.763700000E+0	2.999961914E+4	1.326598000E+3
-5.960490000E-5	2.622620000E-6	2.775700000E+0	2.999961914E+4	1.328748000E+3
-5.921740000E-5	3.814730000E-6	2.786900000E+0	2.999961914E+4	1.331485000E+3
-5.972410000E-5	3.427280000E-6	2.798200000E+0	2.999961914E+4	1.333351000E+3
-5.891940000E-5	3.248470000E-6	2.808600000E+0	2.999961914E+4	1.335817000E+3
-5.969430000E-5	3.665700000E-6	2.819200000E+0	2.999961914E+4	1.337780000E+3
-5.927710000E-5	2.920640000E-6	2.829200000E+0	2.999961914E+4	1.339827000E+3
-5.868100000E-5	3.308070000E-6	2.844700000E+0	2.999961914E+4	1.342313000E+3
-6.005190000E-5	3.427280000E-6	2.855200000E+0	2.999961914E+4	1.345152000E+3
-6.017110000E-5	3.665700000E-6	2.866700000E+0	2.999961914E+4	1.346836000E+3
-5.835320000E-5	2.473610000E-6	2.878100000E+0	2.999961914E+4	1.349634000E+3
-5.900880000E-5	2.980250000E-6	2.888300000E+0	2.999961914E+4	1.351245000E+3
-5.850220000E-5	2.682220000E-6	2.899300000E+0	2.999961914E+4	1.353795000E+3
-5.826380000E-5	3.218670000E-6	2.911100000E+0	2.999961914E+4	1.355777000E+3
-5.957510000E-5	2.741830000E-6	2.921700000E+0	2.999961914E+4	1.358320000E+3
-5.939630000E-5	2.622620000E-6	2.932800000E+0	2.999961914E+4	1.359927000E+3
-5.790610000E-5	3.248470000E-6	2.944000000E+0	2.999961914E+4	1.362773000E+3
-5.856180000E-5	2.980250000E-6	2.956300000E+0	2.999961914E+4	1.365114000E+3
-5.659480000E-5	2.115980000E-6	2.967800000E+0	2.999961914E+4	1.367822000E+3
-5.733990000E-5	3.069650000E-6	2.980900000E+0	2.999961914E+4	1.370269000E+3
-5.668430000E-5	2.920640000E-6	2.991700000E+0	2.999961914E+4	1.372258000E+3
-5.733990000E-5	3.010050000E-6	3.002800000E+0	2.999961914E+4	1.374771000E+3
-5.829360000E-5	2.384200000E-6	3.012900000E+0	2.999961914E+4	1.376333000E+3
-5.707170000E-5	2.682220000E-6	3.024100000E+0	2.999961914E+4	1.379138000E+3
-5.745910000E-5	2.920640000E-6	3.036100000E+0	2.999961914E+4	1.380764000E+3
-5.766770000E-5	2.294790000E-6	3.047800000E+0	2.999961914E+4	1.383674000E+3
-5.739950000E-5	1.966970000E-6	3.058300000E+0	2.999961914E+4	1.385341000E+3
-5.692270000E-5	1.788150000E-6	3.069500000E+0	2.999961914E+4	1.387788000E+3
-5.662460000E-5	2.592820000E-6	3.081300000E+0	2.999961914E+4	1.390619000E+3
-5.415110000E-5	1.996770000E-6	3.092400000E+0	2.999961914E+4	1.392363000E+3
-5.486630000E-5	2.324600000E-6	3.103100000E+0	2.999961914E+4	1.394334000E+3
-5.379340000E-5	1.072890000E-6	3.115200000E+0	2.999961914E+4	1.396934000E+3
-5.430010000E-5	1.639140000E-6	3.125800000E+0	2.999961914E+4	1.399349000E+3
-5.221390000E-5	2.086170000E-7	3.136300000E+0	2.999961914E+4	1.400893000E+3
-5.403180000E-5	1.490120000E-6	3.147700000E+0	2.999961914E+4	1.403729000E+3
-5.343580000E-5	9.536820000E-7	3.158600000E+0	2.999961914E+4	1.405275000E+3
-5.286960000E-5	1.639140000E-6	3.169500000E+0	2.999961914E+4	1.407665000E+3
-5.361460000E-5	1.013290000E-6	3.180400000E+0	2.999961914E+4	1.410370000E+3
-5.129000000E-5	5.662480000E-7	3.192600000E+0	2.999961914E+4	1.412366000E+3
-5.212450000E-5	4.470370000E-7	3.203300000E+0	2.999961914E+4	1.414746000E+3
-5.072380000E-5	-5.960510000E-8	3.214000000E+0	2.999961914E+4	1.416353000E+3
-5.033640000E-5	-1.788150000E-7	3.227200000E+0	2.999961914E+4	1.419409000E+3
-5.143900000E-5	-2.682230000E-7	3.239100000E+0	2.999961914E+4	1.421430000E+3
-5.030660000E-5	-5.066430000E-7	3.249600000E+0	2.999961914E+4	1.423820000E+3
-5.048540000E-5	1.788150000E-7	3.260100000E+0	2.999961914E+4	1.426213000E+3
-5.093240000E-5	2.980250000E-8	3.270400000E+0	2.999961914E+4	1.427804000E+3
-4.830980000E-5	-1.519930000E-6	3.281300000E+0	2.999961914E+4	1.430204000E+3
-4.902510000E-5	-9.536820000E-7	3.294500000E+0	2.999961914E+4	1.432608000E+3
-4.726670000E-5	-1.251700000E-6	3.304700000E+0	2.999961914E+4	1.435246000E+3
-4.577660000E-5	-2.771630000E-6	3.316200000E+0	2.999961914E+4	1.436921000E+3
-4.571700000E-5	-2.741830000E-6	3.328200000E+0	2.999961914E+4	1.439696000E+3
-4.482290000E-5	-2.890840000E-6	3.338300000E+0	2.999961914E+4	1.441679000E+3
-4.324340000E-5	-3.695500000E-6	3.349000000E+0	2.999961914E+4	1.443835000E+3
-4.354140000E-5	-3.099460000E-6	3.360300000E+0	2.999961914E+4	1.445882000E+3
-4.124660000E-5	-4.828010000E-6	3.371000000E+0	2.999961914E+4	1.448353000E+3
-4.130630000E-5	-4.589590000E-6	3.382200000E+0	2.999961914E+4	1.450464000E+3
-4.145530000E-5	-3.874330000E-6	3.394500000E+0	2.999961914E+4	1.452780000E+3
-3.990550000E-5	-5.453850000E-6	3.406500000E+0	2.999961914E+4	1.455200000E+3
-3.924990000E-5	-6.079700000E-6	3.417600000E+0	2.999961914E+4	1.457205000E+3
-3.731270000E-5	-6.735350000E-6	3.428200000E+0	2.999961914E+4	1.460079000E+3
-3.609080000E-5	-7.450610000E-6	3.440000000E+0	2.999961914E+4	1.461706000E+3
-3.492860000E-5	-7.897670000E-6	3.450700000E+0	2.999961914E+4	1.464083000E+3
-3.239540000E-5	-8.881150000E-6	3.461600000E+0	2.999961914E+4	1.466419000E+3
-3.072640000E-5	-9.596410000E-6	3.473200000E+0	2.999961914E+4	1.468754000E+3
-2.837190000E-5	-9.834820000E-6	3.484700000E+0	2.999961914E+4	1.470778000E+3
-2.685200000E-5	-9.775220000E-6	3.497600000E+0	2.999961914E+4	1.473571000E+3
-2.500430000E-5	-1.040110000E-5	3.510000000E+0	2.999961914E+4	1.475982000E+3
-2.118960000E-5	-1.174220000E-5	3.524500000E+0	2.999961914E+4	1.478898000E+3
-1.785170000E-5	-1.248720000E-5	3.535400000E+0	2.999961914E+4	1.480884000E+3
-1.561650000E-5	-1.239780000E-5	3.546900000E+0	2.999961914E+4	1.483341000E+3
-1.454360000E-5	-1.171240000E-5	3.557300000E+0	2.999961914E+4	1.485069000E+3
-1.218920000E-5	-1.055010000E-5	3.567900000E+0	2.999961914E+4	1.487845000E+3
-1.090770000E-5	-1.007320000E-5	3.578500000E+0	2.999961914E+4	1.489456000E+3
-8.642730000E-6	-1.025210000E-5	3.589400000E+0	2.999961914E+4	1.492229000E+3
-7.122780000E-6	-9.507000000E-6	3.599900000E+0	2.999961914E+4	1.493842000E+3
-5.006820000E-6	-8.523520000E-6	3.611200000E+0	2.999961914E+4	1.496361000E+3
-4.559780000E-6	-7.569820000E-6	3.622400000E+0	2.999961914E+4	1.498526000E+3
-4.500180000E-6	-7.003570000E-6	3.632800000E+0	2.999961914E+4	1.500093000E+3
-4.768400000E-6	-6.288320000E-6	3.642900000E+0	2.999961914E+4	1.502527000E+3
-3.129260000E-6	-5.573060000E-6	3.654700000E+0	2.999961914E+4	1.504897000E+3
-2.354400000E-6	-4.708800000E-6	3.666000000E+0	2.999961914E+4	1.506926000E+3
-3.635900000E-6	-3.218670000E-6	3.677400000E+0	2.999961914E+4	1.509341000E+3
-3.039850000E-6	-3.278270000E-6	3.687500000E+0	2.999961914E+4	1.511839000E+3
-1.311310000E-6	-2.443800000E-6	3.698900000E+0	2.999961914E+4	1.513598000E+3
-1.311310000E-6	-1.728540000E-6	3.711400000E+0	2.999961914E+4	1.515986000E+3
-4.172340000E-7	-2.294790000E-6	3.722500000E+0	2.999961914E+4	1.518850000E+3
-5.364450000E-7	-1.817950000E-6	3.733500000E+0	2.999961914E+4	1.520453000E+3
-1.728540000E-6	-9.238760000E-7	3.745500000E+0	2.999961914E+4	1.522938000E+3
-4.470370000E-7	-1.341110000E-6	3.755700000E+0	2.999961914E+4	1.525369000E+3
2.980250000E-7	-8.940730000E-7	3.767000000E+0	2.999961914E+4	1.526954000E+3
-1.341110000E-6	-1.192100000E-7	3.779100000E+0	2.999961914E+4	1.530138000E+3
-2.384200000E-7	-3.874320000E-7	3.790900000E+0	2.999961914E+4	1.532041000E+3
8.940740000E-8	-6.854570000E-7	3.802300000E+0	2.999961914E+4	1.534264000E+3
-7.748640000E-7	2.384200000E-7	3.813100000E+0	2.999961914E+4	1.536648000E+3
1.490130000E-7	-1.788150000E-7	3.823300000E+0	2.999961914E+4	1.538666000E+3
-5.066430000E-7	-2.980250000E-7	3.833900000E+0	2.999961914E+4	1.540715000E+3
1.490130000E-7	-1.072890000E-6	3.846000000E+0	2.999961914E+4	1.542844000E+3
5.066430000E-7	-9.536820000E-7	3.857100000E+0	2.999961914E+4	1.545346000E+3
-1.311310000E-6	1.490130000E-7	3.868200000E+0	2.999961914E+4	1.547345000E+3
7.748640000E-7	-5.066430000E-7	3.879300000E+0	2.999961914E+4	1.550163000E+3
3.874320000E-7	-5.960500000E-7	3.891300000E+0	2.999961914E+4	1.552190000E+3
0.000000000E+0	-3.278270000E-7	3.902000000E+0	2.999961914E+4	1.554346000E+3
8.046660000E-7	-2.086170000E-7	3.914000000E+0	2.999961914E+4	1.556658000E+3
-6.258520000E-7	2.086170000E-7	3.927400000E+0	2.999961914E+4	1.559488000E+3
-7.152590000E-7	5.960510000E-8	3.940200000E+0	2.999961914E+4	1.561903000E+3
5.960510000E-8	5.960510000E-8	3.951700000E+0	2.999961914E+4	1.564333000E+3
-6.854570000E-7	5.662480000E-7	3.962500000E+0	2.999961914E+4	1.566665000E+3
-1.639140000E-6	-2.384200000E-7	3.974900000E+0	2.999961914E+4	1.569349000E+3
-9.834840000E-7	1.490130000E-7	3.986100000E+0	2.999961914E+4	1.570797000E+3
-1.013290000E-6	1.490130000E-7	3.996800000E+0	2.999961914E+4	1.573423000E+3
-1.162300000E-6	-3.576300000E-7	4.008600000E+0	2.999961914E+4	1.575746000E+3
-9.238760000E-7	2.384200000E-7	4.019000000E+0	2.999961914E+4	1.577736000E+3
1.788150000E-7	-1.490130000E-7	4.030800000E+0	2.999961914E+4	1.580140000E+3
-9.238760000E-7	4.470370000E-7	4.044500000E+0	2.999961914E+4	1.582348000E+3
-8.940740000E-8	-4.768410000E-7	4.055500000E+0	2.999961914E+4	1.585095000E+3
-8.344690000E-7	0.000000000E+0	4.065600000E+0	2.999961914E+4	1.586806000E+3
-1.221900000E-6	5.960510000E-8	4.076300000E+0	2.999961914E+4	1.589582000E+3
-8.940730000E-7	1.192100000E-7	4.086600000E+0	2.999961914E+4	1.591191000E+3
-1.251700000E-6	1.192100000E-7	4.098500000E+0	2.999961914E+4	1.593605000E+3
-8.940730000E-7	-2.980250000E-7	4.110000000E+0	2.999961914E+4	1.596066000E+3
-7.748640000E-7	-1.192100000E-7	4.121400000E+0	2.999961914E+4	1.598012000E+3
-1.460320000E-6	-2.384200000E-7	4.133200000E+0	2.999961914E+4	1.600395000E+3
-1.192100000E-6	-1.192100000E-7	4.144300000E+0	2.999961914E+4	1.603281000E+3
-8.940730000E-7	2.086170000E-7	4.156100000E+0	2.999961914E+4	1.605347000E+3
-9.536820000E-7	1.490130000E-7	4.166900000E+0	2.999961914E+4	1.607463000E+3
-9.834840000E-7	2.086170000E-7	4.177400000E+0	2.999961914E+4	1.609086000E+3
-1.698740000E-6	-8.940740000E-8	4.189400000E+0	2.999961914E+4	1.611484000E+3
-8.940730000E-7	-2.086170000E-7	4.199800000E+0	2.999961914E+4	1.614318000E+3
-1.221900000E-6	-3.576300000E-7	4.212500000E+0	2.999961914E+4	1.615881000E+3
-1.519930000E-6	-8.940740000E-8	4.225100000E+0	2.999961914E+4	1.618671000E+3
-1.072890000E-6	-2.086170000E-7	4.235300000E+0	2.999961914E+4	1.620945000E+3
-2.205390000E-6	2.086170000E-7	4.246800000E+0	2.999961914E+4	1.623763000E+3
-1.221900000E-6	-3.576300000E-7	4.258900000E+0	2.999961914E+4	1.625754000E+3
-1.966970000E-6	1.490130000E-7	4.270300000E+0	2.999961914E+4	1.628162000E+3
-4.172340000E-7	-2.980250000E-8	4.282200000E+0	2.999961914E+4	1.630547000E+3
-1.609330000E-6	2.980250000E-8	4.293400000E+0	2.999961914E+4	1.632553000E+3
-1.370910000E-6	-8.940740000E-8	4.304100000E+0	2.999961914E+4	1.634939000E+3
-1.549730000E-6	2.682230000E-7	4.315600000E+0	2.999961914E+4	1.636969000E+3
-1.788150000E-6	2.384200000E-7	4.326300000E+0	2.999961914E+4	1.638994000E+3
-2.026570000E-6	3.278270000E-7	4.337200000E+0	2.999961914E+4	1.641784000E+3
-3.278270000E-7	8.940740000E-8	4.348900000E+0	2.999961914E+4	1.643500000E+3
-1.639140000E-6	2.086170000E-7	4.359400000E+0	2.999961914E+4	1.646085000E+3
-2.980250000E-7	1.490130000E-7	4.371400000E+0	2.999961914E+4	1.648439000E+3
-6.854570000E-7	1.192100000E-7	4.381500000E+0	2.999961914E+4	1.650067000E+3
-4.768410000E-7	4.768410000E-7	4.394300000E+0	2.999961914E+4	1.652909000E+3
-6.556550000E-7	-1.788150000E-7	4.405400000E+0	2.999961914E+4	1.655276000E+3
-1.043090000E-6	1.788150000E-7	4.417400000E+0	2.999961914E+4	1.656986000E+3
-1.251700000E-6	1.788150000E-7	4.428400000E+0	2.999961914E+4	1.659769000E+3
-2.294790000E-6	1.490130000E-7	4.439300000E+0	2.999961914E+4	1.661921000E+3
-2.026570000E-6	-2.682230000E-7	4.451600000E+0	2.999961914E+4	1.664314000E+3
-1.162300000E-6	-7.152590000E-7	4.461800000E+0	2.999961914E+4	1.665904000E+3
-2.384200000E-7	-2.086170000E-7	4.471900000E+0	2.999961914E+4	1.668360000E+3
-5.960500000E-7	2.980250000E-7	4.485200000E+0	2.999961914E+4	1.671106000E+3
-1.311310000E-6	-8.940740000E-8	4.496000000E+0	2.999961914E+4	1.672727000E+3
-2.086170000E-7	2.384200000E-7	4.507200000E+0	2.999961914E+4	1.675555000E+3
-8.642710000E-7	2.086170000E-7	4.519700000E+0	2.999961914E+4	1.677922000E+3
6.556550000E-7	5.960510000E-8	4.530700000E+0	2.999961914E+4	1.680451000E+3
2.980250000E-8	5.960510000E-8	4.542900000E+0	2.999961914E+4	1.682442000E+3
-5.662480000E-7	2.980250000E-7	4.553600000E+0	2.999961914E+4	1.684873000E+3
6.556550000E-7	-2.682230000E-7	4.565000000E+0	2.999961914E+4	1.686853000E+3
0.000000000E+0	0.000000000E+0	4.575600000E+0	2.999961914E+4	1.688995000E+3
5.662480000E-7	2.980250000E-8	4.586800000E+0	2.999961914E+4	1.691008000E+3
8.642710000E-7	-5.960500000E-7	4.598000000E+0	2.999961914E+4	1.693791000E+3
4.768410000E-7	-7.450620000E-7	4.610100000E+0	2.999961914E+4	1.695924000E+3
5.066430000E-7	-4.768410000E-7	4.621200000E+0	2.999961914E+4	1.697959000E+3
-5.960510000E-8	-7.748640000E-7	4.632300000E+0	2.999961914E+4	1.700741000E+3
3.278270000E-7	-5.364450000E-7	4.644100000E+0	2.999961914E+4	1.702760000E+3
2.980250000E-8	-6.258520000E-7	4.655200000E+0	2.999961914E+4	1.704866000E+3
-6.854570000E-7	-4.172340000E-7	4.665700000E+0	2.999961914E+4	1.707716000E+3
-9.536820000E-7	-3.576300000E-7	4.678500000E+0	2.999961914E+4	1.709671000E+3
6.258520000E-7	-4.172340000E-7	4.689700000E+0	2.999961914E+4	1.711656000E+3
1.043090000E-6	-2.980250000E-7	4.700700000E+0	2.999961914E+4	1.714043000E+3
-5.960510000E-8	-2.980250000E-7	4.712800000E+0	2.999961914E+4	1.716853000E+3
-6.556550000E-7	-2.682230000E-7	4.723700000E+0	2.999961914E+4	1.718465000E+3
-5.066430000E-7	-1.192100000E-7	4.733900000E+0	2.999961914E+4	1.720986000E+3
-5.066430000E-7	-4.768410000E-7	4.745900000E+0	2.999961914E+4	1.723022000E+3
-6.854570000E-7	2.384200000E-7	4.757200000E+0	2.999961914E+4	1.725825000E+3
-1.490130000E-7	-5.960500000E-7	4.767300000E+0	2.999961914E+4	1.727430000E+3
1.192100000E-7	-3.874320000E-7	4.779500000E+0	2.999961914E+4	1.729796000E+3
-7.152590000E-7	2.980250000E-8	4.790000000E+0	2.999961914E+4	1.732195000E+3
-2.682230000E-7	2.086170000E-7	4.801800000E+0	2.999961914E+4	1.734456000E+3
-1.788150000E-7	4.470370000E-7	4.811900000E+0	2.999961914E+4	1.736460000E+3
4.768410000E-7	-3.278270000E-7	4.822800000E+0	2.999961914E+4	1.738875000E+3
-4.470370000E-7	-6.258520000E-7	4.835100000E+0	2.999961914E+4	1.740932000E+3
-1.192100000E-6	-1.490130000E-7	4.845900000E+0	2.999961914E+4	1.743256000E+3
-2.384200000E-7	-1.192100000E-7	4.858200000E+0	2.999961914E+4	1.745656000E+3
-7.748640000E-7	-5.662480000E-7	4.869300000E+0	2.999961914E+4	1.747679000E+3
-5.364450000E-7	3.576300000E-7	4.879400000E+0	2.999961914E+4	1.749676000E+3
1.430520000E-6	-2.980250000E-7	4.892400000E+0	2.999961914E+4	1.752593000E+3
7.450620000E-7	-5.066430000E-7	4.903000000E+0	2.999961914E+4	1.754607000E+3
5.960510000E-8	-5.066430000E-7	4.913000000E+0	2.999961914E+4	1.756317000E+3
2.086170000E-7	-2.086170000E-7	4.924400000E+0	2.999961914E+4	1.759062000E+3
-5.960510000E-8	5.066430000E-7	4.937500000E+0	2.999961914E+4	1.761413000E+3
-1.192100000E-7	2.980250000E-8	4.949300000E+0	2.999961914E+4	1.763952000E+3
-6.854570000E-7	2.682230000E-7	4.960000000E+0	2.999961914E+4	1.765937000E+3
-3.278270000E-7	-9.238760000E-7	4.971000000E+0	2.999961914E+4	1.768335000E+3
-3.874320000E-7	-5.960510000E-8	4.984600000E+0	2.999961914E+4	1.770768000E+3
-1.043090000E-6	-5.960510000E-8	4.996300000E+0	2.999961914E+4	1.772779000E+3
-2.682230000E-7	-2.384200000E-7	5.007900000E+0	2.999961914E+4	1.775551000E+3
2.384200000E-7	-2.980250000E-7	5.021600000E+0	2.999961914E+4	1.777954000E+3
-1.311310000E-6	4.768410000E-7	5.031700000E+0	2.999961914E+4	1.780481000E+3
-7.748640000E-7	-8.940740000E-8	5.042300000E+0	2.999961914E+4	1.782794000E+3
-1.966970000E-6	-3.576300000E-7	5.055500000E+0	2.999961914E+4	1.784609000E+3
-1.251700000E-6	2.980250000E-8	5.066800000E+0	2.999961914E+4	1.787423000E+3
-1.460320000E-6	2.086170000E-7	5.077200000E+0	2.999961914E+4	1.789027000E+3
-1.966970000E-6	6.854570000E-7	5.089600000E+0	2.999961914E+4	1.791826000E+3
-1.609330000E-6	-8.940740000E-8	5.101700000E+0	2.999961914E+4	1.794636000E+3
-1.072890000E-6	1.192100000E-7	5.112100000E+0	2.999961914E+4	1.796306000E+3
-9.536820000E-7	4.172340000E-7	5.122200000E+0	2.999961914E+4	1.798286000E+3
-3.874320000E-7	1.490130000E-7	5.133200000E+0	2.999961914E+4	1.801081000E+3
-4.470370000E-7	1.192100000E-7	5.143800000E+0	2.999961914E+4	1.802756000E+3
-3.576300000E-7	-2.384200000E-7	5.153900000E+0	2.999961914E+4	1.804414000E+3
-1.221900000E-6	3.874320000E-7	5.164300000E+0	2.999961914E+4	1.806333000E+3
-1.549730000E-6	3.576300000E-7	5.174900000E+0	2.999961914E+4	1.809209000E+3
-1.102690000E-6	-3.576300000E-7	5.185400000E+0	2.999961914E+4	1.810880000E+3
-1.609330000E-6	-2.086170000E-7	5.196700000E+0	2.999961914E+4	1.813307000E+3
-5.364450000E-7	2.086170000E-7	5.208700000E+0	2.999961914E+4	1.815707000E+3
-1.251700000E-6	-2.682230000E-7	5.218800000E+0	2.999961914E+4	1.818072000E+3
-1.788150000E-7	-5.960500000E-7	5.229400000E+0	2.999961914E+4	1.819663000E+3
-1.668940000E-6	1.788150000E-7	5.239800000E+0	2.999961914E+4	1.821669000E+3
-1.788150000E-6	-8.940740000E-8	5.249900000E+0	2.999961914E+4	1.824081000E+3
-2.056370000E-6	-3.576300000E-7	5.262400000E+0	2.999961914E+4	1.826463000E+3
-1.966970000E-6	-8.940740000E-8	5.274600000E+0	2.999961914E+4	1.829021000E+3
-1.639140000E-6	-1.788150000E-7	5.286700000E+0	2.999961914E+4	1.831007000E+3
-1.817950000E-6	-7.748640000E-7	5.297800000E+0	2.999961914E+4	1.833438000E+3
-1.519930000E-6	-2.384200000E-7	5.308100000E+0	2.999961914E+4	1.836222000E+3
-2.026570000E-6	-5.066430000E-7	5.320100000E+0	2.999961914E+4	1.837978000E+3
-1.758340000E-6	1.490130000E-7	5.332700000E+0	2.999961914E+4	1.840336000E+3
-1.221900000E-6	6.258520000E-7	5.343200000E+0	2.999961914E+4	1.842783000E+3
-2.652420000E-6	4.470370000E-7	5.353800000E+0	2.999961914E+4	1.844356000E+3
-1.728540000E-6	7.152590000E-7	5.364800000E+0	2.999961914E+4	1.846754000E+3
-1.639140000E-6	2.086170000E-7	5.375900000E+0	2.999961914E+4	1.849195000E+3
-1.162300000E-6	6.854570000E-7	5.386500000E+0	2.999961914E+4	1.851517000E+3
-1.609330000E-6	5.960500000E-7	5.397300000E+0	2.999961914E+4	1.853529000E+3
-2.384200000E-6	6.556550000E-7	5.408800000E+0	2.999961914E+4	1.855946000E+3
-1.221900000E-6	2.682230000E-7	5.419600000E+0	2.999961914E+4	1.858066000E+3
-9.536820000E-7	-5.960510000E-8	5.430000000E+0	2.999961914E+4	1.859802000E+3
-2.622620000E-6	8.344690000E-7	5.441800000E+0	2.999961914E+4	1.862241000E+3
-2.264990000E-6	5.662480000E-7	5.452200000E+0	2.999961914E+4	1.864231000E+3
-2.026570000E-6	0.000000000E+0	5.464300000E+0	2.999961914E+4	1.867011000E+3
-2.086180000E-6	-4.470370000E-7	5.476300000E+0	2.999961914E+4	1.869400000E+3
-1.460320000E-6	-4.768410000E-7	5.486700000E+0	2.999961914E+4	1.871456000E+3
-1.877550000E-6	-2.384200000E-7	5.498600000E+0	2.999961914E+4	1.873847000E+3
-2.443800000E-6	-5.066430000E-7	5.510000000E+0	2.999961914E+4	1.875856000E+3
-1.937170000E-6	-7.152590000E-7	5.521000000E+0	2.999961914E+4	1.878201000E+3
-3.159060000E-6	-4.470370000E-7	5.533800000E+0	2.999961914E+4	1.880775000E+3
-1.877550000E-6	-6.556550000E-7	5.543900000E+0	2.999961914E+4	1.882758000E+3
-4.112750000E-6	-3.874320000E-7	5.556200000E+0	2.999961914E+4	1.885175000E+3
-5.602870000E-6	5.960510000E-8	5.567500000E+0	2.999961914E+4	1.887539000E+3
-2.890840000E-6	-5.960500000E-7	5.579200000E+0	2.999961914E+4	1.889544000E+3
-2.801430000E-6	-8.940730000E-7	5.590500000E+0	2.999961914E+4	1.891940000E+3
-2.652420000E-6	-5.960500000E-7	5.601200000E+0	2.999961914E+4	1.894778000E+3
-2.920640000E-6	-9.238760000E-7	5.613000000E+0	2.999961914E+4	1.896510000E+3
-2.264990000E-6	-9.238760000E-7	5.624500000E+0	2.999961914E+4	1.898878000E+3
-3.606100000E-6	-3.874320000E-7	5.635800000E+0	2.999961914E+4	1.901272000E+3
-3.576290000E-6	-2.682230000E-7	5.645900000E+0	2.999961914E+4	1.902944000E+3
-3.755110000E-6	-3.576300000E-7	5.657900000E+0	2.999961914E+4	1.905685000E+3
-3.129260000E-6	-2.384200000E-7	5.669600000E+0	2.999961914E+4	1.907685000E+3
-5.900890000E-6	6.258520000E-7	5.681300000E+0	2.999961914E+4	1.910521000E+3
-5.066420000E-6	-5.960510000E-8	5.691400000E+0	2.999961914E+4	1.912223000E+3
-3.874330000E-6	-2.682230000E-7	5.702900000E+0	2.999961914E+4	1.914280000E+3
-5.185630000E-6	3.278270000E-7	5.713300000E+0	2.999961914E+4	1.916653000E+3
-4.559780000E-6	-5.960510000E-8	5.725800000E+0	2.999961914E+4	1.919576000E+3
-3.963740000E-6	2.384200000E-7	5.736300000E+0	2.999961914E+4	1.921189000E+3
-3.039850000E-6	3.278270000E-7	5.747200000E+0	2.999961914E+4	1.923202000E+3
-1.639140000E-6	-6.556550000E-7	5.759100000E+0	2.999961914E+4	1.925560000E+3
-1.877550000E-6	-6.854570000E-7	5.771300000E+0	2.999961914E+4	1.928369000E+3
-3.546490000E-6	-5.960500000E-7	5.781600000E+0	2.999961914E+4	1.929945000E+3
-3.099460000E-6	-4.470370000E-7	5.792500000E+0	2.999961914E+4	1.931975000E+3
-2.592820000E-6	-5.066430000E-7	5.804200000E+0	2.999961914E+4	1.934890000E+3
-2.175580000E-6	-3.576300000E-7	5.814700000E+0	2.999961914E+4	1.937419000E+3
-2.980250000E-6	-8.940730000E-7	5.826200000E+0	2.999961914E+4	1.938902000E+3
-2.592820000E-6	-5.066430000E-7	5.836800000E+0	2.999961914E+4	1.941727000E+3
-1.341110000E-6	-8.046660000E-7	5.847300000E+0	2.999961914E+4	1.943706000E+3
-1.370910000E-6	-9.238760000E-7	5.859500000E+0	2.999961914E+4	1.945693000E+3
-3.010050000E-6	-4.768410000E-7	5.870200000E+0	2.999961914E+4	1.948197000E+3
-1.966970000E-6	2.980250000E-7	5.882800000E+0	2.999961914E+4	1.950531000E+3
-3.486890000E-6	1.490130000E-7	5.893700000E+0	2.999961914E+4	1.952954000E+3
-4.172350000E-6	-1.490130000E-7	5.905100000E+0	2.999961914E+4	1.955252000E+3
-4.231960000E-6	1.788150000E-7	5.915900000E+0	2.999961914E+4	1.956671000E+3
-3.159060000E-6	-8.940740000E-8	5.926500000E+0	2.999961914E+4	1.959081000E+3
-4.172350000E-6	4.768410000E-7	5.937800000E+0	2.999961914E+4	1.961480000E+3
-3.457080000E-6	5.960500000E-7	5.948500000E+0	2.999961914E+4	1.963895000E+3
-3.516690000E-6	-1.192100000E-7	5.960400000E+0	2.999961914E+4	1.965885000E+3
-3.486890000E-6	-2.980250000E-8	5.972500000E+0	2.999961914E+4	1.968380000E+3
-2.592820000E-6	-3.874320000E-7	5.982700000E+0	2.999961914E+4	1.970424000E+3
-2.712030000E-6	1.490130000E-7	5.993400000E+0	2.999961914E+4	1.973249000E+3
-2.086180000E-6	0.000000000E+0	6.003600000E+0	2.999961914E+4	1.974867000E+3
-3.129260000E-6	5.960510000E-8	6.015100000E+0	2.999961914E+4	1.976793000E+3
-3.218670000E-6	-3.874320000E-7	6.027500000E+0	2.999961914E+4	1.979370000E+3
-3.069650000E-6	2.980250000E-7	6.038300000E+0	2.999961914E+4	1.982114000E+3
-2.086180000E-6	8.940740000E-8	6.048600000E+0	2.999961914E+4	1.983773000E+3
-3.188860000E-6	2.682230000E-7	6.059500000E+0	2.999961914E+4	1.985728000E+3
-2.980250000E-6	-8.940740000E-8	6.071200000E+0	2.999961914E+4	1.988264000E+3
-3.606100000E-6	5.960500000E-7	6.081300000E+0	2.999961914E+4	1.990535000E+3
-3.606100000E-6	2.384200000E-7	6.092900000E+0	2.999961914E+4	1.992309000E+3
-3.248470000E-6	1.192100000E-7	6.104000000E+0	2.999961914E+4	1.995049000E+3
-2.712030000E-6	8.940740000E-8	6.115000000E+0	2.999961914E+4	1.997061000E+3
-3.874330000E-6	2.980250000E-7	6.126900000E+0	2.999961914E+4	1.999542000E+3
-2.622620000E-6	3.874320000E-7	6.138800000E+0	2.999961914E+4	2.001464000E+3
-3.457080000E-6	-8.940740000E-8	6.150100000E+0	2.999961914E+4	2.004312000E+3
-2.473610000E-6	-5.662480000E-7	6.160600000E+0	2.999961914E+4	2.006295000E+3
-3.516690000E-6	6.854570000E-7	6.170700000E+0	2.999961914E+4	2.008261000E+3
-3.129260000E-6	3.278270000E-7	6.181400000E+0	2.999961914E+4	2.009878000E+3
-4.112750000E-6	2.682230000E-7	6.191900000E+0	2.999961914E+4	2.012269000E+3
-2.205390000E-6	6.556550000E-7	6.202300000E+0	2.999961914E+4	2.014249000E+3
-2.205390000E-6	-4.172340000E-7	6.212800000E+0	2.999961914E+4	2.016641000E+3
-2.801430000E-6	-4.470370000E-7	6.223900000E+0	2.999961914E+4	2.019051000E+3
-2.920640000E-6	-3.278270000E-7	6.236100000E+0	2.999961914E+4	2.020773000E+3
-2.443800000E-6	5.960510000E-8	6.246700000E+0	2.999961914E+4	2.023586000E+3
-3.337870000E-6	4.768410000E-7	6.259300000E+0	2.999961914E+4	2.025979000E+3
-3.159060000E-6	5.960500000E-7	6.270100000E+0	2.999961914E+4	2.027595000E+3
-2.145780000E-6	3.576300000E-7	6.281000000E+0	2.999961914E+4	2.030438000E+3
-2.861040000E-6	3.278270000E-7	6.291400000E+0	2.999961914E+4	2.032067000E+3
-2.712030000E-6	6.556550000E-7	6.302200000E+0	2.999961914E+4	2.034543000E+3
-3.904130000E-6	8.940730000E-7	6.315100000E+0	2.999961914E+4	2.036934000E+3
-2.861040000E-6	1.043090000E-6	6.326100000E+0	2.999961914E+4	2.038957000E+3
-2.592820000E-6	2.980250000E-7	6.337800000E+0	2.999961914E+4	2.041303000E+3
-2.771630000E-6	7.450620000E-7	6.348400000E+0	2.999961914E+4	2.043715000E+3
-3.069650000E-6	5.960500000E-7	6.359400000E+0	2.999961914E+4	2.046136000E+3
-2.712030000E-6	9.238760000E-7	6.370100000E+0	2.999961914E+4	2.047833000E+3
-3.576290000E-6	7.152590000E-7	6.380900000E+0	2.999961914E+4	2.049876000E+3
-3.069650000E-6	7.450620000E-7	6.392100000E+0	2.999961914E+4	2.052652000E+3
-2.920640000E-6	1.132500000E-6	6.404600000E+0	2.999961914E+4	2.054790000E+3
-3.010050000E-6	6.854570000E-7	6.415500000E+0	2.999961914E+4	2.056817000E+3
-1.549730000E-6	4.470370000E-7	6.426700000E+0	2.999961914E+4	2.059275000E+3
-3.784910000E-6	2.086180000E-6	6.438000000E+0	2.999961914E+4	2.061580000E+3
-4.351170000E-6	7.450620000E-7	6.449000000E+0	2.999961914E+4	2.064030000E+3
-4.738600000E-6	-4.172340000E-7	6.461200000E+0	2.999961914E+4	2.066030000E+3
-4.023340000E-6	2.384200000E-7	6.472800000E+0	2.999961914E+4	2.067988000E+3
-2.622620000E-6	-5.960500000E-7	6.484000000E+0	2.999961914E+4	2.070828000E+3
-2.175580000E-6	-5.960510000E-8	6.496500000E+0	2.999961914E+4	2.073584000E+3
-9.536820000E-7	-8.940730000E-7	6.506700000E+0	2.999961914E+4	2.075252000E+3
-2.920640000E-6	-8.344690000E-7	6.517500000E+0	2.999961914E+4	2.077592000E+3
-3.516690000E-6	-5.066430000E-7	6.528700000E+0	2.999961914E+4	2.079982000E+3
-2.861040000E-6	-2.682230000E-7	6.540000000E+0	2.999961914E+4	2.082010000E+3
-3.039850000E-6	2.384200000E-7	6.551500000E+0	2.999961914E+4	2.084481000E+3
-2.592820000E-6	5.960500000E-7	6.563800000E+0	2.999961914E+4	2.086402000E+3
-3.129260000E-6	2.980250000E-7	6.576300000E+0	2.999961914E+4	2.088816000E+3
-1.847750000E-6	2.980250000E-8	6.588100000E+0	2.999961914E+4	2.091598000E+3
-3.069650000E-6	-2.384200000E-7	6.599900000E+0	2.999961914E+4	2.094149000E+3
-2.920640000E-6	-8.940740000E-8	6.610400000E+0	2.999961914E+4	2.095871000E+3
-3.129260000E-6	-1.788150000E-7	6.622000000E+0	2.999961914E+4	2.098307000E+3
-3.933940000E-6	-1.788150000E-7	6.632600000E+0	2.999961914E+4	2.100320000E+3
-3.695500000E-6	-8.344690000E-7	6.642900000E+0	2.999961914E+4	2.102657000E+3
-2.861040000E-6	-6.854570000E-7	6.654700000E+0	2.999961914E+4	2.105051000E+3
-3.665700000E-6	-3.874320000E-7	6.665900000E+0	2.999961914E+4	2.107096000E+3
-2.294790000E-6	-4.172340000E-7	6.676600000E+0	2.999961914E+4	2.109043000E+3
-2.652420000E-6	-5.066430000E-7	6.686600000E+0	2.999961914E+4	2.111535000E+3
-3.516690000E-6	2.980250000E-7	6.697300000E+0	2.999961914E+4	2.113858000E+3
-3.218670000E-6	-5.960510000E-8	6.709400000E+0	2.999961914E+4	2.115860000E+3
-2.622620000E-6	2.086170000E-7	6.721500000E+0	2.999961914E+4	2.118353000E+3
-2.741830000E-6	-5.364450000E-7	6.732300000E+0	2.999961914E+4	2.120456000E+3
-2.920640000E-6	-1.192100000E-7	6.743700000E+0	2.999961914E+4	2.122549000E+3
-3.159060000E-6	-4.768410000E-7	6.754200000E+0	2.999961914E+4	2.124945000E+3
-4.440580000E-6	-1.788150000E-7	6.765900000E+0	2.999961914E+4	2.126939000E+3
-4.529980000E-6	2.980250000E-8	6.777500000E+0	2.999961914E+4	2.129326000E+3
-5.543260000E-6	-2.682230000E-7	6.787900000E+0	2.999961914E+4	2.131819000E+3
-3.069650000E-6	-3.576300000E-7	6.800000000E+0	2.999961914E+4	2.134173000E+3
-3.755110000E-6	-1.788150000E-7	6.811000000E+0	2.999961914E+4	2.136203000E+3
-3.397480000E-6	1.490130000E-7	6.821500000E+0	2.999961914E+4	2.138537000E+3
-3.427280000E-6	-6.556550000E-7	6.831600000E+0	2.999961914E+4	2.140217000E+3
-2.205390000E-6	-5.960500000E-7	6.842500000E+0	2.999961914E+4	2.142539000E+3
-2.712030000E-6	-5.662480000E-7	6.854500000E+0	2.999961914E+4	2.144950000E+3
-3.457080000E-6	-4.172340000E-7	6.865400000E+0	2.999961914E+4	2.146950000E+3
-2.712030000E-6	-8.344690000E-7	6.877200000E+0	2.999961914E+4	2.149373000E+3
-3.188860000E-6	-9.536820000E-7	6.889300000E+0	2.999961914E+4	2.151744000E+3
-3.516690000E-6	-8.940730000E-7	6.902000000E+0	2.999961914E+4	2.154132000E+3
-3.278270000E-6	-1.043090000E-6	6.914100000E+0	2.999961914E+4	2.156555000E+3
-3.516690000E-6	-6.258520000E-7	6.925100000E+0	2.999961914E+4	2.158543000E+3
-3.308070000E-6	-1.221900000E-6	6.935600000E+0	2.999961914E+4	2.161529000E+3
-3.427280000E-6	-3.874320000E-7	6.947000000E+0	2.999961914E+4	2.163120000E+3
-4.470380000E-6	-3.576300000E-7	6.959000000E+0	2.999961914E+4	2.165500000E+3
-4.738600000E-6	-8.046660000E-7	6.970600000E+0	2.999961914E+4	2.168356000E+3
-3.784910000E-6	-9.238760000E-7	6.981500000E+0	2.999961914E+4	2.170729000E+3
-4.410770000E-6	-2.384200000E-7	6.992700000E+0	2.999961914E+4	2.172569000E+3
-3.337870000E-6	-1.192100000E-6	7.003000000E+0	2.999961914E+4	2.174826000E+3
