20250522_HM462Hf2Nb3Ru_chiAC_vs_T_B_2.001.txt Thu, May 22, 2025 2:50:06 PM Gabe
Magnet: None
Trigger spacing of 0.010000 on column #3
Offsets:	0.000000000E+0	0.000000000E+0	0.000000000E+0	0.000000000E+0	0.000000000E+0

Scale Factors:	1.000000000E+0	1.000000000E+0	1.000000000E+0	1.000000000E+0	1.000000000E+0

2T
Lockin_V_001	Chan2_V_001	Temperature_001	Field_001	Timestamp_001
-5.066430000E-7	-3.725310000E-8	7.000100000E+0	1.999970508E+4	3.200000000E-2
-6.780060000E-7	3.874320000E-7	6.988600000E+0	1.999970508E+4	3.164700000E+1
-8.419190000E-7	3.725310000E-7	6.978500000E+0	1.999970508E+4	3.342100000E+1
-7.003580000E-7	3.054760000E-7	6.965500000E+0	1.999970508E+4	3.543600000E+1
-1.065440000E-6	4.023330000E-7	6.955000000E+0	1.999970508E+4	3.744800000E+1
-1.318760000E-6	6.258520000E-7	6.942800000E+0	1.999970508E+4	3.985400000E+1
-1.154850000E-6	4.917420000E-7	6.932500000E+0	1.999970508E+4	4.223600000E+1
-1.326210000E-6	5.140940000E-7	6.921700000E+0	1.999970508E+4	4.429900000E+1
-1.057990000E-6	3.799810000E-7	6.911700000E+0	1.999970508E+4	4.620200000E+1
-9.015240000E-7	1.788150000E-7	6.899600000E+0	1.999970508E+4	4.860000000E+1
-6.780060000E-7	1.043090000E-7	6.887500000E+0	1.999970508E+4	5.076300000E+1
-4.693880000E-7	-2.831240000E-7	6.876800000E+0	1.999970508E+4	5.319000000E+1
-7.227100000E-7	1.266610000E-7	6.866500000E+0	1.999970508E+4	5.517700000E+1
-1.266610000E-6	4.395860000E-7	6.856500000E+0	1.999970508E+4	5.759700000E+1
-1.408170000E-6	5.438960000E-7	6.844800000E+0	1.999970508E+4	5.916800000E+1
-1.057990000E-6	5.662480000E-7	6.834200000E+0	1.999970508E+4	6.171900000E+1
-1.087790000E-6	3.352780000E-7	6.823800000E+0	1.999970508E+4	6.369800000E+1
-5.960500000E-7	1.192100000E-7	6.813600000E+0	1.999970508E+4	6.609300000E+1
-6.780060000E-7	3.725310000E-8	6.801400000E+0	1.999970508E+4	6.810500000E+1
-4.768410000E-7	2.235190000E-8	6.790300000E+0	1.999970508E+4	7.010700000E+1
-4.768410000E-7	-1.788150000E-7	6.778800000E+0	1.999970508E+4	7.290200000E+1
-5.960500000E-7	3.054760000E-7	6.768200000E+0	1.999970508E+4	7.488600000E+1
-7.823150000E-7	4.097840000E-7	6.756900000E+0	1.999970508E+4	7.691700000E+1
-9.089740000E-7	5.066430000E-7	6.746700000E+0	1.999970508E+4	7.934800000E+1
-8.344690000E-7	3.725310000E-7	6.736500000E+0	1.999970508E+4	8.089600000E+1
-7.674130000E-7	4.768410000E-7	6.726100000E+0	1.999970508E+4	8.290400000E+1
-6.407540000E-7	3.650800000E-7	6.715300000E+0	1.999970508E+4	8.528900000E+1
-8.791720000E-7	4.693880000E-7	6.704600000E+0	1.999970508E+4	8.769000000E+1
-7.599630000E-7	3.576300000E-7	6.693000000E+0	1.999970508E+4	9.009600000E+1
-5.289950000E-7	3.725310000E-7	6.681500000E+0	1.999970508E+4	9.208700000E+1
-4.991930000E-7	3.725310000E-7	6.671100000E+0	1.999970508E+4	9.425200000E+1
-4.768410000E-7	2.458710000E-7	6.660600000E+0	1.999970508E+4	9.623200000E+1
-5.289950000E-7	2.905740000E-7	6.649300000E+0	1.999970508E+4	9.868900000E+1
-6.407540000E-7	2.533220000E-7	6.638500000E+0	1.999970508E+4	1.002950000E+2
-6.407540000E-7	2.384200000E-7	6.627100000E+0	1.999970508E+4	1.031020000E+2
-5.289950000E-7	2.309690000E-7	6.615500000E+0	1.999970508E+4	1.054230000E+2
-5.736980000E-7	1.564630000E-7	6.603000000E+0	1.999970508E+4	1.074470000E+2
-5.140940000E-7	4.470370000E-8	6.591300000E+0	1.999970508E+4	1.098700000E+2
-4.693880000E-7	2.235190000E-8	6.581200000E+0	1.999970508E+4	1.122560000E+2
-5.140940000E-7	1.192100000E-7	6.569600000E+0	1.999970508E+4	1.146320000E+2
-6.631050000E-7	3.278270000E-7	6.559100000E+0	1.999970508E+4	1.163630000E+2
-1.028190000E-6	5.438960000E-7	6.545500000E+0	1.999970508E+4	1.194410000E+2
-1.072890000E-6	5.438960000E-7	6.534900000E+0	1.999970508E+4	1.212570000E+2
-1.408170000E-6	7.227100000E-7	6.523600000E+0	1.999970508E+4	1.235940000E+2
9.015240000E-7	-3.948830000E-7	6.512200000E+0	1.999970508E+4	1.257210000E+2
1.274060000E-6	-1.564630000E-7	6.501000000E+0	1.999970508E+4	1.285400000E+2
1.177200000E-6	-5.960510000E-8	6.488700000E+0	1.999970508E+4	1.307100000E+2
8.791720000E-7	-8.195680000E-8	6.478500000E+0	1.999970508E+4	1.329460000E+2
3.770010000E-6	-5.960510000E-8	6.468300000E+0	1.999970508E+4	1.347870000E+2
5.446400000E-6	-4.470370000E-7	6.457900000E+0	1.999970508E+4	1.372230000E+2
5.379350000E-6	-5.066430000E-7	6.445200000E+0	1.999970508E+4	1.389330000E+2
4.038240000E-6	-4.619380000E-7	6.432500000E+0	1.999970508E+4	1.419750000E+2
6.891820000E-6	-1.028190000E-6	6.420600000E+0	1.999970508E+4	1.439800000E+2
6.265970000E-6	-5.438960000E-7	6.409000000E+0	1.999970508E+4	1.469310000E+2
6.139310000E-6	-4.321350000E-7	6.396500000E+0	1.999970508E+4	1.489840000E+2
5.871090000E-6	-6.333030000E-7	6.383900000E+0	1.999970508E+4	1.512640000E+2
5.766780000E-6	-5.811490000E-7	6.373300000E+0	1.999970508E+4	1.535940000E+2
5.267590000E-6	-6.854570000E-7	6.362700000E+0	1.999970508E+4	1.563370000E+2
6.906720000E-6	-1.095240000E-6	6.351400000E+0	1.999970508E+4	1.578530000E+2
5.662470000E-6	-6.258520000E-7	6.340300000E+0	1.999970508E+4	1.604640000E+2
6.966320000E-6	-8.344690000E-7	6.329700000E+0	1.999970508E+4	1.625180000E+2
5.863640000E-6	-8.717220000E-7	6.319300000E+0	1.999970508E+4	1.647270000E+2
6.713000000E-6	-9.387770000E-7	6.308300000E+0	1.999970508E+4	1.666560000E+2
6.899270000E-6	-8.940730000E-7	6.297700000E+0	1.999970508E+4	1.685430000E+2
6.645950000E-6	-8.866230000E-7	6.286000000E+0	1.999970508E+4	1.713310000E+2
7.115330000E-6	-1.311310000E-6	6.274400000E+0	1.999970508E+4	1.736120000E+2
7.063180000E-6	-9.983850000E-7	6.263700000E+0	1.999970508E+4	1.756560000E+2
7.204740000E-6	-1.356010000E-6	6.251900000E+0	1.999970508E+4	1.781520000E+2
7.219640000E-6	-9.536820000E-7	6.241400000E+0	1.999970508E+4	1.801400000E+2
6.295770000E-6	-7.003580000E-7	6.231300000E+0	1.999970508E+4	1.824260000E+2
6.601240000E-6	-1.117590000E-6	6.219200000E+0	1.999970508E+4	1.846700000E+2
6.504390000E-6	-1.221900000E-6	6.208700000E+0	1.999970508E+4	1.866870000E+2
7.674160000E-6	-1.490120000E-6	6.195700000E+0	1.999970508E+4	1.892380000E+2
7.778460000E-6	-1.460320000E-6	6.185500000E+0	1.999970508E+4	1.913850000E+2
7.785910000E-6	-1.609330000E-6	6.174200000E+0	1.999970508E+4	1.938990000E+2
8.463920000E-6	-1.899910000E-6	6.161400000E+0	1.999970508E+4	1.959750000E+2
7.599620000E-6	-1.698740000E-6	6.150900000E+0	1.999970508E+4	1.981950000E+2
6.891820000E-6	-1.542280000E-6	6.138600000E+0	1.999970508E+4	2.005480000E+2
4.731150000E-6	-5.066430000E-7	6.128100000E+0	1.999970508E+4	2.028670000E+2
6.102050000E-6	-6.854570000E-7	6.115800000E+0	1.999970508E+4	2.052100000E+2
6.586340000E-6	-1.184650000E-6	6.105400000E+0	1.999970508E+4	2.069700000E+2
6.511840000E-6	-1.192100000E-6	6.092100000E+0	1.999970508E+4	2.100300000E+2
6.951420000E-6	-1.139950000E-6	6.081900000E+0	1.999970508E+4	2.120220000E+2
6.645950000E-6	-1.184650000E-6	6.071800000E+0	1.999970508E+4	2.144420000E+2
6.534190000E-6	-1.072890000E-6	6.061400000E+0	1.999970508E+4	2.158890000E+2
6.079700000E-6	-9.685830000E-7	6.051100000E+0	1.999970508E+4	2.185370000E+2
5.610320000E-6	-6.929080000E-7	6.040500000E+0	1.999970508E+4	2.201680000E+2
5.982850000E-6	-8.419190000E-7	6.028800000E+0	1.999970508E+4	2.227190000E+2
5.573060000E-6	-9.238760000E-7	6.017400000E+0	1.999970508E+4	2.246760000E+2
6.385180000E-6	-1.229350000E-6	6.007000000E+0	1.999970508E+4	2.265750000E+2
6.221260000E-6	-7.674130000E-7	5.996000000E+0	1.999970508E+4	2.294070000E+2
6.116960000E-6	-9.834840000E-7	5.984800000E+0	1.999970508E+4	2.316310000E+2
6.109510000E-6	-1.266610000E-6	5.974700000E+0	1.999970508E+4	2.332350000E+2
5.953040000E-6	-1.400720000E-6	5.964200000E+0	1.999970508E+4	2.354280000E+2
6.824760000E-6	-1.497570000E-6	5.952900000E+0	1.999970508E+4	2.379170000E+2
6.347920000E-6	-1.221900000E-6	5.941600000E+0	1.999970508E+4	2.400810000E+2
7.070630000E-6	-1.542280000E-6	5.929300000E+0	1.999970508E+4	2.424410000E+2
7.025930000E-6	-1.698740000E-6	5.919100000E+0	1.999970508E+4	2.447090000E+2
6.139310000E-6	-1.236800000E-6	5.907900000E+0	1.999970508E+4	2.469690000E+2
6.496940000E-6	-1.318760000E-6	5.896700000E+0	1.999970508E+4	2.489580000E+2
6.333020000E-6	-1.445420000E-6	5.885900000E+0	1.999970508E+4	2.514950000E+2
6.407530000E-6	-1.534830000E-6	5.875200000E+0	1.999970508E+4	2.534980000E+2
6.072250000E-6	-1.430520000E-6	5.862700000E+0	1.999970508E+4	2.557770000E+2
6.526740000E-6	-1.758340000E-6	5.852300000E+0	1.999970508E+4	2.577760000E+2
6.839660000E-6	-1.892450000E-6	5.841900000E+0	1.999970508E+4	2.600700000E+2
6.511840000E-6	-1.825400000E-6	5.829100000E+0	1.999970508E+4	2.624330000E+2
6.467130000E-6	-2.056370000E-6	5.819000000E+0	1.999970508E+4	2.645990000E+2
6.943970000E-6	-1.557180000E-6	5.808600000E+0	1.999970508E+4	2.667590000E+2
6.318120000E-6	-1.706190000E-6	5.798500000E+0	1.999970508E+4	2.688910000E+2
5.126030000E-6	-8.344690000E-7	5.786200000E+0	1.999970508E+4	2.708360000E+2
6.452230000E-6	-1.102690000E-6	5.774600000E+0	1.999970508E+4	2.735280000E+2
6.325570000E-6	-1.378360000E-6	5.762400000E+0	1.999970508E+4	2.756640000E+2
5.550710000E-6	-1.490120000E-6	5.750100000E+0	1.999970508E+4	2.785840000E+2
6.012650000E-6	-1.162300000E-6	5.738100000E+0	1.999970508E+4	2.809000000E+2
6.251070000E-6	-1.490120000E-6	5.727000000E+0	1.999970508E+4	2.827160000E+2
5.021720000E-6	-9.387770000E-7	5.715100000E+0	1.999970508E+4	2.852960000E+2
6.020100000E-6	-1.415620000E-6	5.702200000E+0	1.999970508E+4	2.882490000E+2
5.982850000E-6	-1.609330000E-6	5.689700000E+0	1.999970508E+4	2.904710000E+2
6.809860000E-6	-1.125040000E-6	5.679600000E+0	1.999970508E+4	2.921420000E+2
5.476210000E-6	-1.400720000E-6	5.667100000E+0	1.999970508E+4	2.948820000E+2
5.416600000E-6	-8.568200000E-7	5.656600000E+0	1.999970508E+4	2.969210000E+2
5.908340000E-6	-1.192100000E-6	5.645500000E+0	1.999970508E+4	2.997010000E+2
6.690650000E-6	-1.274060000E-6	5.634800000E+0	1.999970508E+4	3.017000000E+2
5.103680000E-6	-9.983850000E-7	5.624800000E+0	1.999970508E+4	3.033120000E+2
5.342100000E-6	-1.542280000E-6	5.610800000E+0	1.999970508E+4	3.058600000E+2
4.820550000E-6	-1.199550000E-6	5.599600000E+0	1.999970508E+4	3.087460000E+2
6.884370000E-6	-1.333660000E-6	5.587800000E+0	1.999970508E+4	3.106110000E+2
5.997750000E-6	-1.706190000E-6	5.577100000E+0	1.999970508E+4	3.130670000E+2
5.617770000E-6	-1.199550000E-6	5.565900000E+0	1.999970508E+4	3.154590000E+2
6.169110000E-6	-1.735990000E-6	5.554300000E+0	1.999970508E+4	3.174820000E+2
6.310670000E-6	-1.370910000E-6	5.543800000E+0	1.999970508E+4	3.194400000E+2
6.124410000E-6	-1.721090000E-6	5.533700000E+0	1.999970508E+4	3.216910000E+2
6.191460000E-6	-1.460320000E-6	5.521300000E+0	1.999970508E+4	3.242920000E+2
5.744430000E-6	-1.490120000E-6	5.509200000E+0	1.999970508E+4	3.260850000E+2
6.154210000E-6	-1.788150000E-6	5.496900000E+0	1.999970508E+4	3.290110000E+2
6.072250000E-6	-1.981870000E-6	5.481000000E+0	1.999970508E+4	3.319680000E+2
6.213810000E-6	-1.877550000E-6	5.470400000E+0	1.999970508E+4	3.348260000E+2
5.312290000E-6	-1.452870000E-6	5.459000000E+0	1.999970508E+4	3.368130000E+2
5.446400000E-6	-1.505020000E-6	5.448400000E+0	1.999970508E+4	3.386610000E+2
5.990300000E-6	-1.385820000E-6	5.438000000E+0	1.999970508E+4	3.406730000E+2
5.506010000E-6	-1.445420000E-6	5.427600000E+0	1.999970508E+4	3.428970000E+2
6.198910000E-6	-1.356010000E-6	5.415200000E+0	1.999970508E+4	3.448820000E+2
5.938140000E-6	-1.586980000E-6	5.402700000E+0	1.999970508E+4	3.478750000E+2
5.699720000E-6	-1.832850000E-6	5.390300000E+0	1.999970508E+4	3.503630000E+2
6.318120000E-6	-1.512480000E-6	5.379500000E+0	1.999970508E+4	3.526880000E+2
6.139310000E-6	-1.378360000E-6	5.368800000E+0	1.999970508E+4	3.545050000E+2
6.459680000E-6	-1.490120000E-6	5.358800000E+0	1.999970508E+4	3.568940000E+2
5.692270000E-6	-1.460320000E-6	5.347100000E+0	1.999970508E+4	3.590290000E+2
6.355370000E-6	-1.609330000E-6	5.336300000E+0	1.999970508E+4	3.613130000E+2
6.109510000E-6	-1.683840000E-6	5.326100000E+0	1.999970508E+4	3.632560000E+2
6.511840000E-6	-1.631680000E-6	5.315200000E+0	1.999970508E+4	3.656000000E+2
6.996120000E-6	-1.154850000E-6	5.303200000E+0	1.999970508E+4	3.676100000E+2
6.727900000E-6	-1.274060000E-6	5.292900000E+0	1.999970508E+4	3.694540000E+2
5.595420000E-6	-1.132500000E-6	5.281700000E+0	1.999970508E+4	3.718380000E+2
6.645950000E-6	-1.266610000E-6	5.271100000E+0	1.999970508E+4	3.743650000E+2
6.690650000E-6	-1.601880000E-6	5.260000000E+0	1.999970508E+4	3.767070000E+2
6.951420000E-6	-1.460320000E-6	5.248700000E+0	1.999970508E+4	3.788040000E+2
6.832210000E-6	-1.274060000E-6	5.237700000E+0	1.999970508E+4	3.805420000E+2
5.751880000E-6	-1.497570000E-6	5.226300000E+0	1.999970508E+4	3.830600000E+2
6.385180000E-6	-1.445420000E-6	5.215200000E+0	1.999970508E+4	3.853310000E+2
6.914170000E-6	-1.251700000E-6	5.204800000E+0	1.999970508E+4	3.871970000E+2
6.869460000E-6	-1.519930000E-6	5.193900000E+0	1.999970508E+4	3.896290000E+2
6.839660000E-6	-1.676390000E-6	5.183000000E+0	1.999970508E+4	3.916640000E+2
5.982850000E-6	-1.356010000E-6	5.170300000E+0	1.999970508E+4	3.944620000E+2
5.789130000E-6	-1.207000000E-6	5.160000000E+0	1.999970508E+4	3.958870000E+2
6.586340000E-6	-1.497570000E-6	5.148200000E+0	1.999970508E+4	3.988060000E+2
4.209610000E-6	-7.972160000E-7	5.137800000E+0	1.999970508E+4	4.012350000E+2
5.006820000E-6	-1.356010000E-6	5.126800000E+0	1.999970508E+4	4.026760000E+2
6.355370000E-6	-1.214450000E-6	5.116400000E+0	1.999970508E+4	4.051060000E+2
6.295770000E-6	-1.281510000E-6	5.105700000E+0	1.999970508E+4	4.070800000E+2
6.064800000E-6	-9.015240000E-7	5.095300000E+0	1.999970508E+4	4.093500000E+2
6.340470000E-6	-1.452870000E-6	5.083800000E+0	1.999970508E+4	4.119520000E+2
6.243620000E-6	-1.326210000E-6	5.073200000E+0	1.999970508E+4	4.140120000E+2
4.559780000E-6	-4.768410000E-7	5.060800000E+0	1.999970508E+4	4.161840000E+2
6.400080000E-6	-1.296410000E-6	5.050800000E+0	1.999970508E+4	4.181730000E+2
6.467130000E-6	-1.512480000E-6	5.039300000E+0	1.999970508E+4	4.204170000E+2
6.362820000E-6	-1.586980000E-6	5.027900000E+0	1.999970508E+4	4.224480000E+2
5.930690000E-6	-1.333660000E-6	5.016100000E+0	1.999970508E+4	4.253470000E+2
6.347920000E-6	-1.825400000E-6	5.005500000E+0	1.999970508E+4	4.276240000E+2
5.893440000E-6	-1.609330000E-6	4.993400000E+0	1.999970508E+4	4.298000000E+2
5.930690000E-6	-1.840300000E-6	4.982200000E+0	1.999970508E+4	4.319080000E+2
7.957280000E-6	-1.847750000E-6	4.969800000E+0	1.999970508E+4	4.344700000E+2
6.347920000E-6	-1.765790000E-6	4.957800000E+0	1.999970508E+4	4.369450000E+2
6.549090000E-6	-1.981870000E-6	4.947400000E+0	1.999970508E+4	4.386960000E+2
6.839660000E-6	-1.616780000E-6	4.934800000E+0	1.999970508E+4	4.412660000E+2
6.899270000E-6	-2.101080000E-6	4.923700000E+0	1.999970508E+4	4.438980000E+2
6.325570000E-6	-2.346950000E-6	4.913100000E+0	1.999970508E+4	4.458940000E+2
5.938140000E-6	-2.086180000E-6	4.902800000E+0	1.999970508E+4	4.478090000E+2
6.966320000E-6	-1.899910000E-6	4.891700000E+0	1.999970508E+4	4.503600000E+2
7.368650000E-6	-1.966970000E-6	4.881500000E+0	1.999970508E+4	4.519250000E+2
5.923240000E-6	-1.646590000E-6	4.868900000E+0	1.999970508E+4	4.541800000E+2
7.428260000E-6	-1.996770000E-6	4.857600000E+0	1.999970508E+4	4.571310000E+2
7.011030000E-6	-2.041470000E-6	4.846600000E+0	1.999970508E+4	4.590030000E+2
6.951420000E-6	-2.309690000E-6	4.836500000E+0	1.999970508E+4	4.614610000E+2
5.856190000E-6	-2.235190000E-6	4.824900000E+0	1.999970508E+4	4.632780000E+2
6.720450000E-6	-2.130880000E-6	4.814400000E+0	1.999970508E+4	4.658450000E+2
7.398460000E-6	-2.034020000E-6	4.804000000E+0	1.999970508E+4	4.674020000E+2
6.899270000E-6	-2.324600000E-6	4.790800000E+0	1.999970508E+4	4.700460000E+2
6.698100000E-6	-2.212840000E-6	4.778800000E+0	1.999970508E+4	4.725690000E+2
6.496940000E-6	-2.495960000E-6	4.764100000E+0	1.999970508E+4	4.755070000E+2
6.906720000E-6	-3.129260000E-6	4.754000000E+0	1.999970508E+4	4.778270000E+2
7.003570000E-6	-3.345330000E-6	4.743700000E+0	1.999970508E+4	4.793800000E+2
6.660850000E-6	-3.658250000E-6	4.733600000E+0	1.999970508E+4	4.816340000E+2
5.938140000E-6	-4.328820000E-6	4.722900000E+0	1.999970508E+4	4.841960000E+2
6.206360000E-6	-4.671540000E-6	4.711900000E+0	1.999970508E+4	4.864020000E+2
6.109510000E-6	-5.468760000E-6	4.701600000E+0	1.999970508E+4	4.880630000E+2
4.947210000E-6	-6.541640000E-6	4.689000000E+0	1.999970508E+4	4.904770000E+2
4.597040000E-6	-7.703960000E-6	4.676000000E+0	1.999970508E+4	4.935010000E+2
4.112750000E-6	-8.352160000E-6	4.665900000E+0	1.999970508E+4	4.947630000E+2
2.846140000E-6	-9.566600000E-6	4.655200000E+0	1.999970508E+4	4.976450000E+2
1.326210000E-6	-9.812470000E-6	4.645100000E+0	1.999970508E+4	4.991630000E+2
-4.172340000E-7	-1.078850000E-5	4.632500000E+0	1.999970508E+4	5.021330000E+2
-2.160680000E-6	-1.207740000E-5	4.620900000E+0	1.999970508E+4	5.046350000E+2
-2.987700000E-6	-1.254680000E-5	4.609800000E+0	1.999970508E+4	5.059640000E+2
-6.563990000E-6	-1.288210000E-5	4.596100000E+0	1.999970508E+4	5.088810000E+2
-9.059960000E-6	-1.326210000E-5	4.584600000E+0	1.999970508E+4	5.114720000E+2
-1.222650000E-5	-1.316520000E-5	4.571900000E+0	1.999970508E+4	5.140640000E+2
-1.581770000E-5	-1.277780000E-5	4.560100000E+0	1.999970508E+4	5.160460000E+2
-1.648830000E-5	-1.283740000E-5	4.549000000E+0	1.999970508E+4	5.185080000E+2
-2.014650000E-5	-1.195820000E-5	4.536800000E+0	1.999970508E+4	5.214200000E+2
-2.113740000E-5	-1.164530000E-5	4.525200000E+0	1.999970508E+4	5.234610000E+2
-2.380470000E-5	-1.077360000E-5	4.515000000E+0	1.999970508E+4	5.252650000E+2
-2.449760000E-5	-1.050540000E-5	4.504200000E+0	1.999970508E+4	5.276450000E+2
-2.617400000E-5	-1.019990000E-5	4.494000000E+0	1.999970508E+4	5.301820000E+2
-2.766410000E-5	-9.797570000E-6	4.483500000E+0	1.999970508E+4	5.315750000E+2
-2.941500000E-5	-9.015260000E-6	4.473500000E+0	1.999970508E+4	5.340520000E+2
-3.089780000E-5	-8.471370000E-6	4.463400000E+0	1.999970508E+4	5.354390000E+2
-3.076370000E-5	-8.679980000E-6	4.452100000E+0	1.999970508E+4	5.383640000E+2
-3.395250000E-5	-7.502760000E-6	4.442000000E+0	1.999970508E+4	5.404530000E+2
-3.445170000E-5	-7.122780000E-6	4.431500000E+0	1.999970508E+4	5.417980000E+2
-3.703710000E-5	-5.893440000E-6	4.421200000E+0	1.999970508E+4	5.442720000E+2
-3.642610000E-5	-6.139310000E-6	4.409500000E+0	1.999970508E+4	5.465990000E+2
-3.744690000E-5	-5.893440000E-6	4.397100000E+0	1.999970508E+4	5.486670000E+2
-3.834840000E-5	-5.364450000E-6	4.383400000E+0	1.999970508E+4	5.515460000E+2
-3.913070000E-5	-4.962120000E-6	4.372100000E+0	1.999970508E+4	5.543680000E+2
-4.076980000E-5	-4.619390000E-6	4.358100000E+0	1.999970508E+4	5.563360000E+2
-4.032280000E-5	-4.395870000E-6	4.345700000E+0	1.999970508E+4	5.593280000E+2
-4.195450000E-5	-4.030790000E-6	4.335300000E+0	1.999970508E+4	5.613800000E+2
-4.182780000E-5	-4.053140000E-6	4.322200000E+0	1.999970508E+4	5.640910000E+2
-4.206620000E-5	-4.000990000E-6	4.310300000E+0	1.999970508E+4	5.660690000E+2
-4.290070000E-5	-3.524140000E-6	4.298700000E+0	1.999970508E+4	5.691380000E+2
-4.286340000E-5	-3.218670000E-6	4.286800000E+0	1.999970508E+4	5.708700000E+2
-4.432370000E-5	-2.980250000E-6	4.276300000E+0	1.999970508E+4	5.733510000E+2
-4.453240000E-5	-3.054750000E-6	4.262600000E+0	1.999970508E+4	5.758570000E+2
-4.579150000E-5	-2.577920000E-6	4.252400000E+0	1.999970508E+4	5.781750000E+2
-4.518060000E-5	-2.846140000E-6	4.241600000E+0	1.999970508E+4	5.797210000E+2
-4.614170000E-5	-2.473610000E-6	4.229800000E+0	1.999970508E+4	5.824620000E+2
-4.680480000E-5	-2.093630000E-6	4.216600000E+0	1.999970508E+4	5.849140000E+2
-4.627580000E-5	-1.780700000E-6	4.205000000E+0	1.999970508E+4	5.874090000E+2
-4.661850000E-5	-1.803050000E-6	4.193700000E+0	1.999970508E+4	5.899590000E+2
-4.676010000E-5	-1.810500000E-6	4.182300000E+0	1.999970508E+4	5.922910000E+2
-4.667070000E-5	-1.654040000E-6	4.172100000E+0	1.999970508E+4	5.936690000E+2
-4.670050000E-5	-1.557180000E-6	4.161200000E+0	1.999970508E+4	5.960900000E+2
-4.748280000E-5	-1.564630000E-6	4.146300000E+0	1.999970508E+4	5.990860000E+2
-4.765410000E-5	-1.609330000E-6	4.132200000E+0	1.999970508E+4	6.019500000E+2
-4.768390000E-5	-1.460320000E-6	4.121100000E+0	1.999970508E+4	6.044040000E+2
-4.752750000E-5	-1.341110000E-6	4.111000000E+0	1.999970508E+4	6.058400000E+2
-4.947950000E-5	-1.028190000E-6	4.098100000E+0	1.999970508E+4	6.088360000E+2
-4.979990000E-5	-9.238760000E-7	4.087900000E+0	1.999970508E+4	6.108640000E+2
-5.006810000E-5	-7.450620000E-7	4.076300000E+0	1.999970508E+4	6.130340000E+2
-4.893560000E-5	-8.791720000E-7	4.066000000E+0	1.999970508E+4	6.155560000E+2
-4.898780000E-5	-1.095240000E-6	4.051500000E+0	1.999970508E+4	6.180140000E+2
-4.895800000E-5	-9.089740000E-7	4.040900000E+0	1.999970508E+4	6.203710000E+2
-4.871210000E-5	-1.028190000E-6	4.029300000E+0	1.999970508E+4	6.224350000E+2
-5.114100000E-5	-5.438960000E-7	4.019200000E+0	1.999970508E+4	6.243720000E+2
-5.076100000E-5	-3.278270000E-7	4.007100000E+0	1.999970508E+4	6.272000000E+2
-5.126770000E-5	-3.203770000E-7	3.997000000E+0	1.999970508E+4	6.287070000E+2
-5.092500000E-5	-5.513470000E-7	3.985300000E+0	1.999970508E+4	6.317300000E+2
-5.161040000E-5	-4.619380000E-7	3.973800000E+0	1.999970508E+4	6.334320000E+2
-5.115590000E-5	-4.321350000E-7	3.963400000E+0	1.999970508E+4	6.360130000E+2
-5.160300000E-5	-2.607720000E-7	3.953300000E+0	1.999970508E+4	6.381000000E+2
-5.099950000E-5	-3.725310000E-8	3.940900000E+0	1.999970508E+4	6.399040000E+2
-5.085790000E-5	5.215430000E-8	3.930600000E+0	1.999970508E+4	6.422770000E+2
-5.139430000E-5	-1.713640000E-7	3.918700000E+0	1.999970508E+4	6.446350000E+2
-5.091750000E-5	-5.215440000E-7	3.906100000E+0	1.999970508E+4	6.470770000E+2
-5.117080000E-5	-4.023330000E-7	3.892700000E+0	1.999970508E+4	6.499760000E+2
-5.238530000E-5	-1.192100000E-7	3.880900000E+0	1.999970508E+4	6.525450000E+2
-5.128260000E-5	-4.544870000E-7	3.870300000E+0	1.999970508E+4	6.538690000E+2
-5.181900000E-5	-1.937160000E-7	3.859800000E+0	1.999970508E+4	6.568520000E+2
-5.228840000E-5	-4.470370000E-8	3.847300000E+0	1.999970508E+4	6.584920000E+2
-5.200530000E-5	2.011670000E-7	3.835200000E+0	1.999970508E+4	6.611870000E+2
-5.105160000E-5	3.203770000E-7	3.824900000E+0	1.999970508E+4	6.636290000E+2
-5.212450000E-5	4.395860000E-7	3.813700000E+0	1.999970508E+4	6.661180000E+2
-5.149120000E-5	2.533220000E-7	3.802000000E+0	1.999970508E+4	6.679810000E+2
-5.155830000E-5	4.470370000E-7	3.791100000E+0	1.999970508E+4	6.700000000E+2
-5.127510000E-5	6.556550000E-7	3.779500000E+0	1.999970508E+4	6.725100000E+2
-5.196800000E-5	7.599630000E-7	3.768800000E+0	1.999970508E+4	6.747980000E+2
-5.225860000E-5	8.493700000E-7	3.757200000E+0	1.999970508E+4	6.771700000E+2
-5.169240000E-5	7.450620000E-7	3.747200000E+0	1.999970508E+4	6.789550000E+2
-5.157320000E-5	9.909340000E-7	3.736500000E+0	1.999970508E+4	6.810580000E+2
-5.193820000E-5	1.087790000E-6	3.724600000E+0	1.999970508E+4	6.835940000E+2
-5.334640000E-5	9.089740000E-7	3.711800000E+0	1.999970508E+4	6.857030000E+2
-5.327190000E-5	1.281510000E-6	3.699800000E+0	1.999970508E+4	6.883720000E+2
-5.224370000E-5	8.568200000E-7	3.687800000E+0	1.999970508E+4	6.907990000E+2
-5.137200000E-5	8.940730000E-7	3.675900000E+0	1.999970508E+4	6.927740000E+2
-5.222880000E-5	7.152590000E-7	3.665000000E+0	1.999970508E+4	6.958630000E+2
-5.215430000E-5	5.513470000E-7	3.654200000E+0	1.999970508E+4	6.971940000E+2
-5.304090000E-5	9.089740000E-7	3.641800000E+0	1.999970508E+4	7.001450000E+2
-5.275780000E-5	1.147400000E-6	3.629800000E+0	1.999970508E+4	7.023440000E+2
-5.268330000E-5	8.717220000E-7	3.617500000E+0	1.999970508E+4	7.049320000E+2
-5.262370000E-5	1.110140000E-6	3.607100000E+0	1.999970508E+4	7.070590000E+2
-5.211700000E-5	1.139950000E-6	3.595100000E+0	1.999970508E+4	7.091810000E+2
-5.298880000E-5	1.266610000E-6	3.581600000E+0	1.999970508E+4	7.124110000E+2
-5.309310000E-5	1.177200000E-6	3.566700000E+0	1.999970508E+4	7.156570000E+2
-5.282480000E-5	1.162300000E-6	3.555200000E+0	1.999970508E+4	7.177310000E+2
-5.344320000E-5	1.408170000E-6	3.536300000E+0	1.999970508E+4	7.213670000E+2
-5.274290000E-5	1.259160000E-6	3.524600000E+0	1.999970508E+4	7.251060000E+2
-5.353270000E-5	1.236800000E-6	3.508500000E+0	1.999970508E+4	7.271960000E+2
-5.321230000E-5	1.013290000E-6	3.497400000E+0	1.999970508E+4	7.308300000E+2
-5.332400000E-5	1.221900000E-6	3.481200000E+0	1.999970508E+4	7.329250000E+2
-5.360720000E-5	1.087790000E-6	3.466000000E+0	1.999970508E+4	7.370770000E+2
-5.389030000E-5	1.303860000E-6	3.452800000E+0	1.999970508E+4	7.392510000E+2
-5.403930000E-5	1.393270000E-6	3.439600000E+0	1.999970508E+4	7.423980000E+2
-5.333150000E-5	1.072890000E-6	3.429000000E+0	1.999970508E+4	7.445260000E+2
-5.379340000E-5	1.490120000E-6	3.415100000E+0	1.999970508E+4	7.477390000E+2
-5.410630000E-5	1.356010000E-6	3.403500000E+0	1.999970508E+4	7.499090000E+2
-5.404670000E-5	1.035640000E-6	3.392000000E+0	1.999970508E+4	7.530990000E+2
-5.351030000E-5	1.065440000E-6	3.379400000E+0	1.999970508E+4	7.551790000E+2
-5.435970000E-5	1.393270000E-6	3.365800000E+0	1.999970508E+4	7.584400000E+2
-5.456830000E-5	1.385820000E-6	3.352600000E+0	1.999970508E+4	7.605170000E+2
-5.395730000E-5	1.221900000E-6	3.334700000E+0	1.999970508E+4	7.642430000E+2
-5.441180000E-5	1.192100000E-6	3.319000000E+0	1.999970508E+4	7.678500000E+2
-5.400950000E-5	1.139950000E-6	3.307700000E+0	1.999970508E+4	7.699890000E+2
-5.342830000E-5	1.154850000E-6	3.297600000E+0	1.999970508E+4	7.727130000E+2
-5.358480000E-5	1.370910000E-6	3.285300000E+0	1.999970508E+4	7.748310000E+2
-5.387540000E-5	1.624230000E-6	3.269300000E+0	1.999970508E+4	7.783790000E+2
-5.390520000E-5	1.810500000E-6	3.256000000E+0	1.999970508E+4	7.815800000E+2
-5.459810000E-5	1.765790000E-6	3.242300000E+0	1.999970508E+4	7.837330000E+2
-5.428520000E-5	1.654040000E-6	3.230100000E+0	1.999970508E+4	7.869450000E+2
-5.434480000E-5	1.735990000E-6	3.217300000E+0	1.999970508E+4	7.890950000E+2
-5.449380000E-5	1.311310000E-6	3.203900000E+0	1.999970508E+4	7.921080000E+2
-5.410630000E-5	1.333660000E-6	3.193500000E+0	1.999970508E+4	7.947920000E+2
-5.489610000E-5	1.393270000E-6	3.181600000E+0	1.999970508E+4	7.969400000E+2
-5.420320000E-5	1.460320000E-6	3.169500000E+0	1.999970508E+4	7.990860000E+2
-5.380090000E-5	1.467770000E-6	3.154800000E+0	1.999970508E+4	8.026420000E+2
-5.479930000E-5	1.840300000E-6	3.144200000E+0	1.999970508E+4	8.048070000E+2
-5.397220000E-5	1.467770000E-6	3.133500000E+0	1.999970508E+4	8.069200000E+2
-5.417340000E-5	1.832850000E-6	3.123000000E+0	1.999970508E+4	8.095960000E+2
-5.453850000E-5	2.011670000E-6	3.110300000E+0	1.999970508E+4	8.117470000E+2
-5.491100000E-5	2.600270000E-6	3.099800000E+0	1.999970508E+4	8.143000000E+2
-5.424050000E-5	1.952070000E-6	3.088500000E+0	1.999970508E+4	8.163950000E+2
-5.464280000E-5	1.616780000E-6	3.077600000E+0	1.999970508E+4	8.190870000E+2
-5.449380000E-5	1.899910000E-6	3.061400000E+0	1.999970508E+4	8.222530000E+2
-5.366680000E-5	1.467770000E-6	3.051300000E+0	1.999970508E+4	8.243800000E+2
-5.523140000E-5	2.056370000E-6	3.036000000E+0	1.999970508E+4	8.275880000E+2
-5.529100000E-5	1.996770000E-6	3.022500000E+0	1.999970508E+4	8.307700000E+2
-5.468000000E-5	2.048920000E-6	3.007600000E+0	1.999970508E+4	8.339880000E+2
-5.425540000E-5	1.832850000E-6	2.995500000E+0	1.999970508E+4	8.361520000E+2
-5.523880000E-5	2.495960000E-6	2.980800000E+0	1.999970508E+4	8.393240000E+2
-5.476200000E-5	2.123430000E-6	2.970200000E+0	1.999970508E+4	8.414860000E+2
-5.511220000E-5	1.974420000E-6	2.956900000E+0	1.999970508E+4	8.446460000E+2
-5.491100000E-5	1.847750000E-6	2.945000000E+0	1.999970508E+4	8.467820000E+2
-5.449380000E-5	1.706190000E-6	2.934100000E+0	1.999970508E+4	8.493640000E+2
-5.462040000E-5	1.996770000E-6	2.922200000E+0	1.999970508E+4	8.514470000E+2
-5.517180000E-5	1.713640000E-6	2.910600000E+0	1.999970508E+4	8.546370000E+2
-5.534310000E-5	1.654040000E-6	2.897000000E+0	1.999970508E+4	8.567950000E+2
-5.438200000E-5	1.564630000E-6	2.881400000E+0	1.999970508E+4	8.605420000E+2
-5.482160000E-5	1.609330000E-6	2.870400000E+0	1.999970508E+4	8.626930000E+2
-5.365190000E-5	1.735990000E-6	2.853300000E+0	1.999970508E+4	8.658520000E+2
-5.454590000E-5	1.721090000E-6	2.838700000E+0	1.999970508E+4	8.694550000E+2
-5.366680000E-5	1.899910000E-6	2.827600000E+0	1.999970508E+4	8.715840000E+2
-5.448630000E-5	1.728540000E-6	2.814000000E+0	1.999970508E+4	8.747900000E+2
-5.446400000E-5	1.817950000E-6	2.801200000E+0	1.999970508E+4	8.769480000E+2
-5.333890000E-5	2.071280000E-6	2.791100000E+0	1.999970508E+4	8.795950000E+2
-5.488120000E-5	2.026570000E-6	2.778000000E+0	1.999970508E+4	8.817910000E+2
-5.546980000E-5	2.436350000E-6	2.765300000E+0	1.999970508E+4	8.849790000E+2
-5.497060000E-5	1.847750000E-6	2.754000000E+0	1.999970508E+4	8.870680000E+2
-5.525370000E-5	2.436350000E-6	2.741000000E+0	1.999970508E+4	8.896040000E+2
-5.483650000E-5	2.115980000E-6	2.728300000E+0	1.999970508E+4	8.927860000E+2
-5.494080000E-5	2.019120000E-6	2.715000000E+0	1.999970508E+4	8.949290000E+2
-5.523140000E-5	2.041470000E-6	2.696900000E+0	1.999970508E+4	8.986840000E+2
-5.485890000E-5	2.108530000E-6	2.686000000E+0	1.999970508E+4	9.018430000E+2
-5.513450000E-5	1.899910000E-6	2.672200000E+0	1.999970508E+4	9.039790000E+2
-5.521650000E-5	1.527380000E-6	2.655800000E+0	1.999970508E+4	9.075670000E+2
-5.531330000E-5	1.534830000E-6	2.641900000E+0	1.999970508E+4	9.113380000E+2
-5.522390000E-5	1.728540000E-6	2.631700000E+0	1.999970508E+4	9.124510000E+2
-5.532820000E-5	1.706190000E-6	2.614400000E+0	1.999970508E+4	9.165070000E+2
-5.529840000E-5	1.892450000E-6	2.602900000E+0	1.999970508E+4	9.186400000E+2
-5.585720000E-5	1.989320000E-6	2.586600000E+0	1.999970508E+4	9.223230000E+2
-5.602110000E-5	2.041470000E-6	2.573600000E+0	1.999970508E+4	9.254340000E+2
-5.546980000E-5	1.393270000E-6	2.562100000E+0	1.999970508E+4	9.275740000E+2
-5.573060000E-5	2.041470000E-6	2.547500000E+0	1.999970508E+4	9.307720000E+2
-5.579760000E-5	2.332050000E-6	2.532000000E+0	1.999970508E+4	9.340220000E+2
-5.554430000E-5	1.929710000E-6	2.521600000E+0	1.999970508E+4	9.361040000E+2
-5.548470000E-5	1.996770000E-6	2.503500000E+0	1.999970508E+4	9.393630000E+2
-5.548470000E-5	2.086180000E-6	2.492500000E+0	1.999970508E+4	9.424520000E+2
-5.579760000E-5	1.959520000E-6	2.482500000E+0	1.999970508E+4	9.445230000E+2
-5.544750000E-5	1.847750000E-6	2.471700000E+0	1.999970508E+4	9.466440000E+2
-5.510470000E-5	2.026570000E-6	2.458300000E+0	1.999970508E+4	9.498570000E+2
-5.371150000E-5	2.093630000E-6	2.447500000E+0	1.999970508E+4	9.520190000E+2
-5.420320000E-5	2.034020000E-6	2.435800000E+0	1.999970508E+4	9.541020000E+2
-5.454590000E-5	2.257540000E-6	2.418400000E+0	1.999970508E+4	9.578770000E+2
-5.534310000E-5	2.205390000E-6	2.406700000E+0	1.999970508E+4	9.610440000E+2
-5.524630000E-5	2.115980000E-6	2.391800000E+0	1.999970508E+4	9.632000000E+2
-5.562630000E-5	2.205390000E-6	2.379200000E+0	1.999970508E+4	9.662510000E+2
-5.575290000E-5	2.056370000E-6	2.368600000E+0	1.999970508E+4	9.684280000E+2
-5.573800000E-5	2.063830000E-6	2.356600000E+0	1.999970508E+4	9.709230000E+2
-5.621490000E-5	1.914810000E-6	2.346400000E+0	1.999970508E+4	9.728020000E+2
-5.600620000E-5	1.698740000E-6	2.333100000E+0	1.999970508E+4	9.756100000E+2
-5.532820000E-5	1.706190000E-6	2.319800000E+0	1.999970508E+4	9.792930000E+2
-5.421070000E-5	1.601880000E-6	2.305400000E+0	1.999970508E+4	9.813460000E+2
-5.533570000E-5	1.765790000E-6	2.294500000E+0	1.999970508E+4	9.845660000E+2
-5.564120000E-5	1.855200000E-6	2.278300000E+0	1.999970508E+4	9.866620000E+2
-5.556670000E-5	1.631680000E-6	2.260900000E+0	1.999970508E+4	9.908000000E+2
-5.588700000E-5	1.929710000E-6	2.248200000E+0	1.999970508E+4	9.940510000E+2
-5.541020000E-5	1.832850000E-6	2.236100000E+0	1.999970508E+4	9.961370000E+2
-5.554430000E-5	1.624230000E-6	2.224100000E+0	1.999970508E+4	9.994170000E+2
-5.536550000E-5	1.780700000E-6	2.210200000E+0	1.999970508E+4	1.001543000E+3
-5.406160000E-5	1.706190000E-6	2.197400000E+0	1.999970508E+4	1.004670000E+3
-5.471730000E-5	2.034020000E-6	2.186100000E+0	1.999970508E+4	1.006827000E+3
-5.488870000E-5	2.078730000E-6	2.170500000E+0	1.999970508E+4	1.009899000E+3
-5.514940000E-5	2.071280000E-6	2.160000000E+0	1.999970508E+4	1.012601000E+3
-5.533570000E-5	2.399100000E-6	2.148900000E+0	1.999970508E+4	1.014740000E+3
-5.505260000E-5	2.294790000E-6	2.134900000E+0	1.999970508E+4	1.017890000E+3
-5.570080000E-5	2.309690000E-6	2.124300000E+0	1.999970508E+4	1.020074000E+3
-5.539530000E-5	2.369300000E-6	2.107400000E+0	1.999970508E+4	1.023235000E+3
-5.524630000E-5	2.481060000E-6	2.095700000E+0	1.999970508E+4	1.026422000E+3
-5.533570000E-5	2.473610000E-6	2.082300000E+0	1.999970508E+4	1.028579000E+3
-5.573800000E-5	2.324600000E-6	2.069200000E+0	1.999970508E+4	1.031758000E+3
-5.595410000E-5	2.242640000E-6	2.058300000E+0	1.999970508E+4	1.033915000E+3
-5.526120000E-5	2.369300000E-6	2.043200000E+0	1.999970508E+4	1.037143000E+3
-5.580510000E-5	2.488510000E-6	2.029800000E+0	1.999970508E+4	1.040333000E+3
-5.555180000E-5	2.406550000E-6	2.018300000E+0	1.999970508E+4	1.042465000E+3
-5.503020000E-5	2.115980000E-6	2.004200000E+0	1.999970508E+4	1.045682000E+3
-5.594660000E-5	1.728540000E-6	2.014600000E+0	1.999970508E+4	1.175594000E+3
-5.587210000E-5	1.579530000E-6	2.027000000E+0	1.999970508E+4	1.178393000E+3
-5.610310000E-5	1.415620000E-6	2.038400000E+0	1.999970508E+4	1.180389000E+3
-5.645330000E-5	1.259160000E-6	2.048800000E+0	1.999970508E+4	1.182836000E+3
-5.640860000E-5	1.363460000E-6	2.060200000E+0	1.999970508E+4	1.184828000E+3
-5.644580000E-5	1.363460000E-6	2.070800000E+0	1.999970508E+4	1.187191000E+3
-5.655760000E-5	1.460320000E-6	2.082100000E+0	1.999970508E+4	1.189605000E+3
-5.600620000E-5	1.631680000E-6	2.093200000E+0	1.999970508E+4	1.191447000E+3
-5.589450000E-5	1.661490000E-6	2.105000000E+0	1.999970508E+4	1.194036000E+3
-5.596150000E-5	1.706190000E-6	2.115600000E+0	1.999970508E+4	1.195732000E+3
-5.582740000E-5	1.788150000E-6	2.126200000E+0	1.999970508E+4	1.198266000E+3
-5.642350000E-5	1.735990000E-6	2.137100000E+0	1.999970508E+4	1.200285000E+3
-5.624470000E-5	1.646590000E-6	2.148100000E+0	1.999970508E+4	1.202684000E+3
-5.612550000E-5	1.698740000E-6	2.158900000E+0	1.999970508E+4	1.204454000E+3
-5.615530000E-5	1.691290000E-6	2.170200000E+0	1.999970508E+4	1.206976000E+3
-5.610310000E-5	1.646590000E-6	2.183900000E+0	1.999970508E+4	1.210077000E+3
-5.609570000E-5	1.817950000E-6	2.194700000E+0	1.999970508E+4	1.212018000E+3
-5.594660000E-5	1.788150000E-6	2.205800000E+0	1.999970508E+4	1.214011000E+3
-5.613290000E-5	1.676390000E-6	2.218000000E+0	1.999970508E+4	1.216841000E+3
-5.624470000E-5	1.795600000E-6	2.229200000E+0	1.999970508E+4	1.218560000E+3
-5.632660000E-5	1.445420000E-6	2.240500000E+0	1.999970508E+4	1.221123000E+3
-5.629680000E-5	1.676390000E-6	2.251900000E+0	1.999970508E+4	1.223657000E+3
-5.599130000E-5	1.803050000E-6	2.264600000E+0	1.999970508E+4	1.225748000E+3
-5.637880000E-5	1.765790000E-6	2.277200000E+0	1.999970508E+4	1.228576000E+3
-5.648310000E-5	1.586980000E-6	2.290100000E+0	1.999970508E+4	1.230975000E+3
-5.587960000E-5	1.937170000E-6	2.301000000E+0	1.999970508E+4	1.233101000E+3
-5.608080000E-5	1.177200000E-6	2.314300000E+0	1.999970508E+4	1.236374000E+3
-5.629680000E-5	1.370910000E-6	2.326800000E+0	1.999970508E+4	1.238598000E+3
-5.618510000E-5	1.706190000E-6	2.337200000E+0	1.999970508E+4	1.240565000E+3
-5.601370000E-5	1.594430000E-6	2.349800000E+0	1.999970508E+4	1.243110000E+3
-5.603600000E-5	1.572080000E-6	2.361100000E+0	1.999970508E+4	1.245176000E+3
-5.589450000E-5	1.475220000E-6	2.372200000E+0	1.999970508E+4	1.247637000E+3
-5.593170000E-5	1.393270000E-6	2.382800000E+0	1.999970508E+4	1.249639000E+3
-5.567840000E-5	1.274060000E-6	2.393300000E+0	1.999970508E+4	1.251438000E+3
-5.541770000E-5	1.199550000E-6	2.403900000E+0	1.999970508E+4	1.253914000E+3
-5.576780000E-5	1.139950000E-6	2.415100000E+0	1.999970508E+4	1.255915000E+3
-5.569330000E-5	1.065440000E-6	2.426400000E+0	1.999970508E+4	1.258298000E+3
-5.579020000E-5	1.207000000E-6	2.437900000E+0	1.999970508E+4	1.260579000E+3
-5.575290000E-5	1.221900000E-6	2.449100000E+0	1.999970508E+4	1.262993000E+3
-5.578270000E-5	1.430520000E-6	2.460300000E+0	1.999970508E+4	1.265042000E+3
-5.566350000E-5	1.445420000E-6	2.471500000E+0	1.999970508E+4	1.267516000E+3
-5.573060000E-5	1.452870000E-6	2.482000000E+0	1.999970508E+4	1.269532000E+3
-5.584230000E-5	1.288960000E-6	2.494900000E+0	1.999970508E+4	1.271662000E+3
-5.576780000E-5	9.983850000E-7	2.506300000E+0	1.999970508E+4	1.274462000E+3
-5.573800000E-5	1.333660000E-6	2.518300000E+0	1.999970508E+4	1.276979000E+3
-5.602110000E-5	1.057990000E-6	2.528800000E+0	1.999970508E+4	1.279129000E+3
-5.563370000E-5	1.408170000E-6	2.540000000E+0	1.999970508E+4	1.280817000E+3
-5.587210000E-5	1.452870000E-6	2.550400000E+0	1.999970508E+4	1.283269000E+3
-5.568590000E-5	1.505020000E-6	2.562000000E+0	1.999970508E+4	1.285353000E+3
-5.577530000E-5	1.601880000E-6	2.574800000E+0	1.999970508E+4	1.288121000E+3
-5.565610000E-5	1.288960000E-6	2.585000000E+0	1.999970508E+4	1.290054000E+3
-5.577530000E-5	1.341110000E-6	2.596700000E+0	1.999970508E+4	1.292324000E+3
-5.573800000E-5	1.348560000E-6	2.606900000E+0	1.999970508E+4	1.294351000E+3
-5.545490000E-5	1.020740000E-6	2.617000000E+0	1.999970508E+4	1.296782000E+3
-5.549960000E-5	3.799810000E-7	2.631100000E+0	1.999970508E+4	1.299001000E+3
-5.567840000E-5	1.385820000E-6	2.643100000E+0	1.999970508E+4	1.301852000E+3
-5.552200000E-5	1.207000000E-6	2.654600000E+0	1.999970508E+4	1.303789000E+3
-5.567840000E-5	1.274060000E-6	2.665100000E+0	1.999970508E+4	1.305838000E+3
-5.544750000E-5	1.192100000E-6	2.675600000E+0	1.999970508E+4	1.308216000E+3
-5.568590000E-5	1.698740000E-6	2.686000000E+0	1.999970508E+4	1.309980000E+3
-5.573800000E-5	1.594430000E-6	2.698000000E+0	1.999970508E+4	1.312466000E+3
-5.558900000E-5	1.810500000E-6	2.710000000E+0	1.999970508E+4	1.315402000E+3
-5.519410000E-5	1.892450000E-6	2.720900000E+0	1.999970508E+4	1.317017000E+3
-5.519410000E-5	2.004220000E-6	2.733500000E+0	1.999970508E+4	1.319952000E+3
-5.520160000E-5	1.899910000E-6	2.743800000E+0	1.999970508E+4	1.321581000E+3
-5.538040000E-5	1.892450000E-6	2.755300000E+0	1.999970508E+4	1.324347000E+3
-5.549960000E-5	1.713640000E-6	2.765900000E+0	1.999970508E+4	1.325931000E+3
-5.529840000E-5	1.564630000E-6	2.777300000E+0	1.999970508E+4	1.328534000E+3
-5.562630000E-5	1.564630000E-6	2.789700000E+0	1.999970508E+4	1.330949000E+3
-5.540280000E-5	1.586980000E-6	2.799700000E+0	1.999970508E+4	1.333511000E+3
-5.552940000E-5	1.773250000E-6	2.811300000E+0	1.999970508E+4	1.335170000E+3
-5.541770000E-5	1.423070000E-6	2.821600000E+0	1.999970508E+4	1.337573000E+3
-5.561880000E-5	1.572080000E-6	2.834100000E+0	1.999970508E+4	1.339549000E+3
-5.552940000E-5	1.639140000E-6	2.848500000E+0	1.999970508E+4	1.342889000E+3
-5.557410000E-5	1.706190000E-6	2.858600000E+0	1.999970508E+4	1.344534000E+3
-5.538780000E-5	1.698740000E-6	2.869100000E+0	1.999970508E+4	1.347023000E+3
-5.517180000E-5	1.452870000E-6	2.881700000E+0	1.999970508E+4	1.349046000E+3
-5.542510000E-5	1.378360000E-6	2.891800000E+0	1.999970508E+4	1.351413000E+3
-5.540280000E-5	1.415620000E-6	2.903200000E+0	1.999970508E+4	1.353662000E+3
-5.555920000E-5	1.363460000E-6	2.913900000E+0	1.999970508E+4	1.355988000E+3
-5.525370000E-5	1.393270000E-6	2.927200000E+0	1.999970508E+4	1.358566000E+3
-5.531330000E-5	1.013290000E-6	2.939300000E+0	1.999970508E+4	1.361377000E+3
-5.530590000E-5	1.251700000E-6	2.950000000E+0	1.999970508E+4	1.362903000E+3
-5.555180000E-5	1.154850000E-6	2.963400000E+0	1.999970508E+4	1.365864000E+3
-5.536550000E-5	1.132500000E-6	2.976100000E+0	1.999970508E+4	1.367957000E+3
-5.537290000E-5	1.139950000E-6	2.987700000E+0	1.999970508E+4	1.370811000E+3
-5.544000000E-5	1.244250000E-6	3.001000000E+0	1.999970508E+4	1.372902000E+3
-5.545490000E-5	1.154850000E-6	3.013200000E+0	1.999970508E+4	1.375706000E+3
-5.535800000E-5	1.125040000E-6	3.024900000E+0	1.999970508E+4	1.378178000E+3
-5.533570000E-5	1.393270000E-6	3.037500000E+0	1.999970508E+4	1.380903000E+3
-5.531330000E-5	1.169750000E-6	3.049900000E+0	1.999970508E+4	1.382703000E+3
-5.581250000E-5	1.356010000E-6	3.061700000E+0	1.999970508E+4	1.385504000E+3
-5.523140000E-5	1.139950000E-6	3.073900000E+0	1.999970508E+4	1.387956000E+3
-5.538780000E-5	9.611320000E-7	3.085000000E+0	1.999970508E+4	1.390368000E+3
-5.537290000E-5	1.102690000E-6	3.097000000E+0	1.999970508E+4	1.392508000E+3
-5.535800000E-5	1.057990000E-6	3.108100000E+0	1.999970508E+4	1.395045000E+3
-5.544000000E-5	1.080340000E-6	3.118900000E+0	1.999970508E+4	1.397040000E+3
-5.546980000E-5	1.102690000E-6	3.129400000E+0	1.999970508E+4	1.399097000E+3
-5.554430000E-5	1.184650000E-6	3.140000000E+0	1.999970508E+4	1.401046000E+3
-5.559650000E-5	1.110140000E-6	3.152400000E+0	1.999970508E+4	1.403453000E+3
-5.564120000E-5	1.065440000E-6	3.164500000E+0	1.999970508E+4	1.406316000E+3
-5.548470000E-5	1.043090000E-6	3.179500000E+0	1.999970508E+4	1.408943000E+3
-5.539530000E-5	9.536820000E-7	3.189700000E+0	1.999970508E+4	1.411343000E+3
-5.537290000E-5	9.462270000E-7	3.201900000E+0	1.999970508E+4	1.413313000E+3
-5.543260000E-5	9.164250000E-7	3.213800000E+0	1.999970508E+4	1.415701000E+3
-5.539530000E-5	1.028190000E-6	3.224200000E+0	1.999970508E+4	1.418237000E+3
-5.538780000E-5	8.493700000E-7	3.235300000E+0	1.999970508E+4	1.419988000E+3
-5.514940000E-5	5.289950000E-7	3.247400000E+0	1.999970508E+4	1.422804000E+3
-5.513450000E-5	3.799810000E-7	3.258000000E+0	1.999970508E+4	1.424433000E+3
-5.504510000E-5	4.023330000E-7	3.269600000E+0	1.999970508E+4	1.426816000E+3
-5.499300000E-5	4.246850000E-7	3.279900000E+0	1.999970508E+4	1.429579000E+3
-5.497810000E-5	4.842910000E-7	3.291600000E+0	1.999970508E+4	1.431255000E+3
-5.490360000E-5	4.172340000E-7	3.302400000E+0	1.999970508E+4	1.433310000E+3
-5.505260000E-5	4.768410000E-7	3.314100000E+0	1.999970508E+4	1.436397000E+3
-5.498550000E-5	2.533220000E-7	3.325000000E+0	1.999970508E+4	1.437916000E+3
-5.482910000E-5	-5.960510000E-8	3.336000000E+0	1.999970508E+4	1.440273000E+3
-5.501530000E-5	-1.564630000E-7	3.348000000E+0	1.999970508E+4	1.442784000E+3
-5.503770000E-5	4.023330000E-7	3.358400000E+0	1.999970508E+4	1.444788000E+3
-5.506000000E-5	7.376110000E-7	3.373400000E+0	1.999970508E+4	1.447378000E+3
-5.524630000E-5	1.132500000E-6	3.385100000E+0	1.999970508E+4	1.450116000E+3
-5.526860000E-5	1.087790000E-6	3.396100000E+0	1.999970508E+4	1.452172000E+3
-5.514940000E-5	8.866230000E-7	3.406600000E+0	1.999970508E+4	1.454581000E+3
-5.515690000E-5	9.909340000E-7	3.418800000E+0	1.999970508E+4	1.456995000E+3
-5.526120000E-5	7.525120000E-7	3.429500000E+0	1.999970508E+4	1.458656000E+3
-5.532080000E-5	1.139950000E-6	3.440100000E+0	1.999970508E+4	1.461070000E+3
-5.521650000E-5	9.313260000E-7	3.451000000E+0	1.999970508E+4	1.463480000E+3
-5.497810000E-5	7.674130000E-7	3.461800000E+0	1.999970508E+4	1.465787000E+3
-5.510470000E-5	7.599630000E-7	3.472100000E+0	1.999970508E+4	1.467785000E+3
-5.510470000E-5	8.791720000E-7	3.482300000E+0	1.999970508E+4	1.469367000E+3
-5.488120000E-5	6.929080000E-7	3.493200000E+0	1.999970508E+4	1.471770000E+3
-5.497060000E-5	7.972160000E-7	3.504600000E+0	1.999970508E+4	1.474233000E+3
-5.494830000E-5	6.035010000E-7	3.515700000E+0	1.999970508E+4	1.476240000E+3
-5.487380000E-5	6.854570000E-7	3.526500000E+0	1.999970508E+4	1.478251000E+3
-5.473220000E-5	6.333030000E-7	3.539500000E+0	1.999970508E+4	1.481060000E+3
-5.479180000E-5	6.407540000E-7	3.549800000E+0	1.999970508E+4	1.482749000E+3
-5.497810000E-5	8.195680000E-7	3.560200000E+0	1.999970508E+4	1.485197000E+3
-5.477690000E-5	5.215440000E-7	3.571400000E+0	1.999970508E+4	1.487242000E+3
-5.466510000E-5	5.215440000E-7	3.583000000E+0	1.999970508E+4	1.489990000E+3
-5.479180000E-5	4.842910000E-7	3.594300000E+0	1.999970508E+4	1.492023000E+3
-5.472470000E-5	5.736980000E-7	3.606700000E+0	1.999970508E+4	1.494530000E+3
-5.475450000E-5	5.066430000E-7	3.616800000E+0	1.999970508E+4	1.496589000E+3
-5.465020000E-5	5.066430000E-7	3.628000000E+0	1.999970508E+4	1.498702000E+3
-5.488870000E-5	4.470370000E-7	3.639300000E+0	1.999970508E+4	1.501490000E+3
-5.499300000E-5	6.109510000E-7	3.653000000E+0	1.999970508E+4	1.503494000E+3
-5.485140000E-5	6.258520000E-7	3.664100000E+0	1.999970508E+4	1.505907000E+3
-5.523880000E-5	7.078090000E-7	3.674900000E+0	1.999970508E+4	1.508320000E+3
-5.520900000E-5	8.046660000E-7	3.686200000E+0	1.999970508E+4	1.510336000E+3
-5.508240000E-5	7.748640000E-7	3.696900000E+0	1.999970508E+4	1.512204000E+3
-5.524630000E-5	8.419190000E-7	3.708000000E+0	1.999970508E+4	1.514940000E+3
-5.523140000E-5	6.333030000E-7	3.719700000E+0	1.999970508E+4	1.516554000E+3
-5.478440000E-5	3.278270000E-7	3.730200000E+0	1.999970508E+4	1.518980000E+3
-5.479180000E-5	4.470370000E-7	3.741800000E+0	1.999970508E+4	1.521432000E+3
-5.484400000E-5	4.470370000E-7	3.753600000E+0	1.999970508E+4	1.523910000E+3
-5.472470000E-5	4.395860000E-7	3.763700000E+0	1.999970508E+4	1.525496000E+3
-5.428520000E-5	2.756730000E-7	3.775300000E+0	1.999970508E+4	1.528284000E+3
-5.435970000E-5	2.384200000E-7	3.786700000E+0	1.999970508E+4	1.530291000E+3
-5.426280000E-5	2.235190000E-8	3.797100000E+0	1.999970508E+4	1.532856000E+3
-5.422560000E-5	7.450630000E-8	3.810800000E+0	1.999970508E+4	1.535261000E+3
-5.418830000E-5	9.685800000E-8	3.821300000E+0	1.999970508E+4	1.537615000E+3
-5.422560000E-5	6.705570000E-8	3.832400000E+0	1.999970508E+4	1.539683000E+3
-5.415850000E-5	1.862650000E-7	3.845200000E+0	1.999970508E+4	1.542234000E+3
-5.383810000E-5	4.470370000E-8	3.856400000E+0	1.999970508E+4	1.544183000E+3
-5.383070000E-5	6.705570000E-8	3.868500000E+0	1.999970508E+4	1.547094000E+3
-5.389770000E-5	-1.862650000E-7	3.879600000E+0	1.999970508E+4	1.548701000E+3
-5.383810000E-5	2.980250000E-8	3.890300000E+0	1.999970508E+4	1.551126000E+3
-5.371890000E-5	-1.415620000E-7	3.901000000E+0	1.999970508E+4	1.553318000E+3
-5.345810000E-5	-2.607720000E-7	3.912800000E+0	1.999970508E+4	1.555700000E+3
-5.343580000E-5	-1.043090000E-7	3.923700000E+0	1.999970508E+4	1.557642000E+3
-5.350290000E-5	-1.341110000E-7	3.933800000E+0	1.999970508E+4	1.560020000E+3
-5.352520000E-5	-1.117590000E-7	3.945900000E+0	1.999970508E+4	1.562107000E+3
-5.304840000E-5	-2.086170000E-7	3.956400000E+0	1.999970508E+4	1.564030000E+3
-5.304090000E-5	-3.799810000E-7	3.967400000E+0	1.999970508E+4	1.566909000E+3
-5.290680000E-5	-3.278270000E-7	3.979900000E+0	1.999970508E+4	1.568579000E+3
-5.269070000E-5	-2.831240000E-7	3.991600000E+0	1.999970508E+4	1.571465000E+3
-5.249700000E-5	-5.662480000E-7	4.002600000E+0	1.999970508E+4	1.573936000E+3
-5.242250000E-5	-6.333030000E-7	4.012800000E+0	1.999970508E+4	1.575515000E+3
-5.203510000E-5	-8.419190000E-7	4.024700000E+0	1.999970508E+4	1.578362000E+3
-5.244490000E-5	-7.301610000E-7	4.036300000E+0	1.999970508E+4	1.580709000E+3
-5.249700000E-5	-9.238760000E-7	4.046800000E+0	1.999970508E+4	1.582093000E+3
-5.209470000E-5	-1.251700000E-6	4.057100000E+0	1.999970508E+4	1.584640000E+3
-5.200530000E-5	-1.117590000E-6	4.068600000E+0	1.999970508E+4	1.587022000E+3
-5.174450000E-5	-9.760330000E-7	4.078900000E+0	1.999970508E+4	1.588578000E+3
-5.199040000E-5	-9.238760000E-7	4.089500000E+0	1.999970508E+4	1.591048000E+3
-5.162530000E-5	-1.303860000E-6	4.099600000E+0	1.999970508E+4	1.593519000E+3
-5.168490000E-5	-1.274060000E-6	4.111300000E+0	1.999970508E+4	1.595008000E+3
-5.112610000E-5	-1.274060000E-6	4.122200000E+0	1.999970508E+4	1.597785000E+3
-5.127510000E-5	-1.274060000E-6	4.133600000E+0	1.999970508E+4	1.600222000E+3
-5.111870000E-5	-1.586980000E-6	4.144800000E+0	1.999970508E+4	1.601854000E+3
-5.078340000E-5	-1.594430000E-6	4.155600000E+0	1.999970508E+4	1.604276000E+3
-5.041090000E-5	-1.840300000E-6	4.166800000E+0	1.999970508E+4	1.606460000E+3
-5.023200000E-5	-1.989320000E-6	4.177300000E+0	1.999970508E+4	1.608511000E+3
-5.003090000E-5	-2.071280000E-6	4.188300000E+0	1.999970508E+4	1.610504000E+3
-4.981480000E-5	-2.332050000E-6	4.199700000E+0	1.999970508E+4	1.613250000E+3
-4.997870000E-5	-2.421450000E-6	4.211400000E+0	1.999970508E+4	1.615311000E+3
-4.953910000E-5	-2.548110000E-6	4.224100000E+0	1.999970508E+4	1.618056000E+3
-4.916660000E-5	-2.771630000E-6	4.235100000E+0	1.999970508E+4	1.620408000E+3
-4.898030000E-5	-2.779080000E-6	4.246900000E+0	1.999970508E+4	1.622353000E+3
-4.857060000E-5	-3.092010000E-6	4.257700000E+0	1.999970508E+4	1.624733000E+3
-4.809370000E-5	-3.330420000E-6	4.268100000E+0	1.999970508E+4	1.626736000E+3
-4.781810000E-5	-3.710400000E-6	4.279500000E+0	1.999970508E+4	1.629161000E+3
-4.681220000E-5	-4.559780000E-6	4.291500000E+0	1.999970508E+4	1.631556000E+3
-4.573190000E-5	-5.185630000E-6	4.301800000E+0	1.999970508E+4	1.634022000E+3
-4.521780000E-5	-5.386800000E-6	4.313300000E+0	1.999970508E+4	1.635547000E+3
-4.478570000E-5	-5.461300000E-6	4.323400000E+0	1.999970508E+4	1.637964000E+3
-4.553820000E-5	-4.626840000E-6	4.335100000E+0	1.999970508E+4	1.640396000E+3
-4.465900000E-5	-5.178180000E-6	4.345300000E+0	1.999970508E+4	1.642497000E+3
-4.338500000E-5	-6.131860000E-6	4.356000000E+0	1.999970508E+4	1.644074000E+3
-4.243130000E-5	-6.519290000E-6	4.366700000E+0	1.999970508E+4	1.646610000E+3
-4.273680000E-5	-6.049900000E-6	4.378600000E+0	1.999970508E+4	1.649006000E+3
-4.177560000E-5	-6.519290000E-6	4.391500000E+0	1.999970508E+4	1.651461000E+3
-4.100080000E-5	-6.884370000E-6	4.402900000E+0	1.999970508E+4	1.653807000E+3
-4.012910000E-5	-7.398460000E-6	4.413700000E+0	1.999970508E+4	1.656414000E+3
-3.913070000E-5	-7.711410000E-6	4.425600000E+0	1.999970508E+4	1.658380000E+3
-3.787150000E-5	-8.247850000E-6	4.437300000E+0	1.999970508E+4	1.660875000E+3
-3.710410000E-5	-8.560780000E-6	4.447600000E+0	1.999970508E+4	1.662519000E+3
-3.569600000E-5	-9.179170000E-6	4.459400000E+0	1.999970508E+4	1.665294000E+3
-3.454110000E-5	-9.559150000E-6	4.470100000E+0	1.999970508E+4	1.667293000E+3
-3.322980000E-5	-1.015520000E-5	4.481900000E+0	1.999970508E+4	1.669273000E+3
-3.150130000E-5	-1.105670000E-5	4.494000000E+0	1.999970508E+4	1.672096000E+3
-3.024200000E-5	-1.142920000E-5	4.506000000E+0	1.999970508E+4	1.674090000E+3
-2.761940000E-5	-1.244250000E-5	4.516900000E+0	1.999970508E+4	1.676948000E+3
-2.609950000E-5	-1.332910000E-5	4.527500000E+0	1.999970508E+4	1.678631000E+3
-2.408780000E-5	-1.323970000E-5	4.540100000E+0	1.999970508E+4	1.681024000E+3
-2.185270000E-5	-1.381340000E-5	4.550800000E+0	1.999970508E+4	1.683418000E+3
-2.028060000E-5	-1.421580000E-5	4.561800000E+0	1.999970508E+4	1.685433000E+3
-1.754620000E-5	-1.462550000E-5	4.572700000E+0	1.999970508E+4	1.688000000E+3
-1.615300000E-5	-1.466280000E-5	4.582900000E+0	1.999970508E+4	1.689617000E+3
-1.318760000E-5	-1.481930000E-5	4.593900000E+0	1.999970508E+4	1.692012000E+3
-1.128020000E-5	-1.488630000E-5	4.604900000E+0	1.999970508E+4	1.694509000E+3
-8.612930000E-6	-1.495340000E-5	4.615800000E+0	1.999970508E+4	1.696528000E+3
-7.644350000E-6	-1.364210000E-5	4.626900000E+0	1.999970508E+4	1.698154000E+3
-5.133480000E-6	-1.351540000E-5	4.637100000E+0	1.999970508E+4	1.700494000E+3
-3.635900000E-6	-1.218180000E-5	4.648200000E+0	1.999970508E+4	1.702905000E+3
-1.668940000E-6	-1.222650000E-5	4.658900000E+0	1.999970508E+4	1.705033000E+3
-8.344690000E-7	-1.028190000E-5	4.671600000E+0	1.999970508E+4	1.707484000E+3
1.266610000E-7	-9.186620000E-6	4.682400000E+0	1.999970508E+4	1.709850000E+3
9.462270000E-7	-8.955660000E-6	4.693800000E+0	1.999970508E+4	1.711891000E+3
2.317150000E-6	-8.314910000E-6	4.707000000E+0	1.999970508E+4	1.714631000E+3
2.235190000E-6	-6.519290000E-6	4.719600000E+0	1.999970508E+4	1.717438000E+3
2.264990000E-6	-5.655020000E-6	4.730600000E+0	1.999970508E+4	1.719160000E+3
2.555560000E-6	-4.954670000E-6	4.743000000E+0	1.999970508E+4	1.721581000E+3
2.764180000E-6	-4.351170000E-6	4.755400000E+0	1.999970508E+4	1.724437000E+3
2.980250000E-6	-4.284110000E-6	4.767100000E+0	1.999970508E+4	1.726446000E+3
2.957900000E-6	-3.866880000E-6	4.777500000E+0	1.999970508E+4	1.728781000E+3
3.181410000E-6	-4.090400000E-6	4.787600000E+0	1.999970508E+4	1.730781000E+3
4.008440000E-6	-4.418220000E-6	4.798600000E+0	1.999970508E+4	1.732835000E+3
4.097850000E-6	-4.261760000E-6	4.809300000E+0	1.999970508E+4	1.734685000E+3
3.404930000E-6	-3.933940000E-6	4.820300000E+0	1.999970508E+4	1.737447000E+3
3.919030000E-6	-4.075500000E-6	4.830800000E+0	1.999970508E+4	1.739448000E+3
4.053140000E-6	-3.859430000E-6	4.842500000E+0	1.999970508E+4	1.741459000E+3
3.345330000E-6	-3.092010000E-6	4.853300000E+0	1.999970508E+4	1.743856000E+3
3.501790000E-6	-2.853590000E-6	4.864500000E+0	1.999970508E+4	1.746661000E+3
3.464530000E-6	-2.570460000E-6	4.874800000E+0	1.999970508E+4	1.748300000E+3
4.030790000E-6	-3.248470000E-6	4.886400000E+0	1.999970508E+4	1.750671000E+3
4.395870000E-6	-3.613550000E-6	4.898900000E+0	1.999970508E+4	1.752534000E+3
4.284110000E-6	-3.553940000E-6	4.910500000E+0	1.999970508E+4	1.755195000E+3
3.874330000E-6	-2.868490000E-6	4.920800000E+0	1.999970508E+4	1.757303000E+3
3.524140000E-6	-2.786530000E-6	4.931900000E+0	1.999970508E+4	1.759639000E+3
3.621000000E-6	-2.689670000E-6	4.942700000E+0	1.999970508E+4	1.762134000E+3
3.516690000E-6	-2.712030000E-6	4.953900000E+0	1.999970508E+4	1.763777000E+3
3.442180000E-6	-2.861040000E-6	4.965300000E+0	1.999970508E+4	1.766526000E+3
3.509240000E-6	-2.957900000E-6	4.978200000E+0	1.999970508E+4	1.768923000E+3
3.255920000E-6	-3.024950000E-6	4.989200000E+0	1.999970508E+4	1.770526000E+3
3.419830000E-6	-3.173960000E-6	5.000600000E+0	1.999970508E+4	1.773341000E+3
2.957900000E-6	-3.173960000E-6	5.012200000E+0	1.999970508E+4	1.775712000E+3
3.293170000E-6	-3.337870000E-6	5.024800000E+0	1.999970508E+4	1.777749000E+3
3.404930000E-6	-3.173960000E-6	5.037700000E+0	1.999970508E+4	1.780660000E+3
3.367680000E-6	-3.173960000E-6	5.049000000E+0	1.999970508E+4	1.782832000E+3
3.188860000E-6	-3.285720000E-6	5.059400000E+0	1.999970508E+4	1.785263000E+3
3.129260000E-6	-3.218670000E-6	5.070100000E+0	1.999970508E+4	1.787184000E+3
3.173960000E-6	-3.255920000E-6	5.080300000E+0	1.999970508E+4	1.789211000E+3
3.077100000E-6	-3.226120000E-6	5.092500000E+0	1.999970508E+4	1.791628000E+3
2.980250000E-6	-3.121810000E-6	5.104200000E+0	1.999970508E+4	1.794412000E+3
3.099460000E-6	-3.300620000E-6	5.114400000E+0	1.999970508E+4	1.796020000E+3
2.868490000E-6	-3.278270000E-6	5.125800000E+0	1.999970508E+4	1.798046000E+3
2.972800000E-6	-3.308070000E-6	5.136400000E+0	1.999970508E+4	1.800822000E+3
2.935540000E-6	-3.457080000E-6	5.147200000E+0	1.999970508E+4	1.802932000E+3
2.846140000E-6	-3.293170000E-6	5.159400000E+0	1.999970508E+4	1.804920000E+3
2.749280000E-6	-3.218670000E-6	5.171000000E+0	1.999970508E+4	1.806929000E+3
2.928090000E-6	-3.263370000E-6	5.182400000E+0	1.999970508E+4	1.809856000E+3
3.166510000E-6	-3.352780000E-6	5.194000000E+0	1.999970508E+4	1.811890000E+3
3.367680000E-6	-3.308070000E-6	5.206000000E+0	1.999970508E+4	1.814270000E+3
3.486890000E-6	-3.449630000E-6	5.217400000E+0	1.999970508E+4	1.816676000E+3
3.330420000E-6	-3.442180000E-6	5.230000000E+0	1.999970508E+4	1.819449000E+3
3.293170000E-6	-3.419830000E-6	5.241200000E+0	1.999970508E+4	1.821462000E+3
3.092010000E-6	-3.233570000E-6	5.251800000E+0	1.999970508E+4	1.823466000E+3
3.419830000E-6	-3.866880000E-6	5.264000000E+0	1.999970508E+4	1.825882000E+3
2.942990000E-6	-3.136710000E-6	5.277800000E+0	1.999970508E+4	1.828853000E+3
2.913190000E-6	-3.248470000E-6	5.289300000E+0	1.999970508E+4	1.830813000E+3
2.875940000E-6	-3.449630000E-6	5.300500000E+0	1.999970508E+4	1.833290000E+3
2.607720000E-6	-3.486890000E-6	5.312200000E+0	1.999970508E+4	1.836170000E+3
2.659870000E-6	-3.211210000E-6	5.323600000E+0	1.999970508E+4	1.837740000E+3
2.697120000E-6	-3.300620000E-6	5.334800000E+0	1.999970508E+4	1.839790000E+3
2.823780000E-6	-3.136710000E-6	5.345500000E+0	1.999970508E+4	1.842542000E+3
3.017500000E-6	-3.315520000E-6	5.358000000E+0	1.999970508E+4	1.845000000E+3
2.674770000E-6	-3.360230000E-6	5.368600000E+0	1.999970508E+4	1.846958000E+3
3.144160000E-6	-3.241020000E-6	5.379300000E+0	1.999970508E+4	1.848956000E+3
3.144160000E-6	-3.449630000E-6	5.391000000E+0	1.999970508E+4	1.851750000E+3
2.883390000E-6	-3.360230000E-6	5.403100000E+0	1.999970508E+4	1.853408000E+3
2.786530000E-6	-3.471990000E-6	5.414200000E+0	1.999970508E+4	1.856147000E+3
2.965350000E-6	-3.494340000E-6	5.428600000E+0	1.999970508E+4	1.858822000E+3
3.039850000E-6	-3.367680000E-6	5.438900000E+0	1.999970508E+4	1.860828000E+3
3.188860000E-6	-3.464530000E-6	5.450700000E+0	1.999970508E+4	1.863221000E+3
2.898290000E-6	-3.412380000E-6	5.462400000E+0	1.999970508E+4	1.865620000E+3
2.585370000E-6	-3.404930000E-6	5.473200000E+0	1.999970508E+4	1.868008000E+3
2.786530000E-6	-3.397480000E-6	5.484400000E+0	1.999970508E+4	1.869647000E+3
2.928090000E-6	-3.419830000E-6	5.496700000E+0	1.999970508E+4	1.872452000E+3
2.846140000E-6	-2.928090000E-6	5.507200000E+0	1.999970508E+4	1.874441000E+3
2.652420000E-6	-2.719480000E-6	5.517300000E+0	1.999970508E+4	1.876846000E+3
2.779080000E-6	-2.890840000E-6	5.527900000E+0	1.999970508E+4	1.878595000E+3
2.853590000E-6	-2.875940000E-6	5.538200000E+0	1.999970508E+4	1.880575000E+3
3.024950000E-6	-2.935540000E-6	5.549400000E+0	1.999970508E+4	1.882963000E+3
3.345330000E-6	-2.846140000E-6	5.561100000E+0	1.999970508E+4	1.885795000E+3
3.352780000E-6	-2.674770000E-6	5.571100000E+0	1.999970508E+4	1.886965000E+3
3.196310000E-6	-2.689670000E-6	5.582700000E+0	1.999970508E+4	1.889823000E+3
3.293170000E-6	-2.659870000E-6	5.592800000E+0	1.999970508E+4	1.891795000E+3
3.419830000E-6	-2.779080000E-6	5.605300000E+0	1.999970508E+4	1.894448000E+3
3.002600000E-6	-2.644970000E-6	5.615600000E+0	1.999970508E+4	1.896745000E+3
3.106910000E-6	-2.846140000E-6	5.626900000E+0	1.999970508E+4	1.898740000E+3
2.950440000E-6	-2.890840000E-6	5.638300000E+0	1.999970508E+4	1.901133000E+3
3.099460000E-6	-2.875940000E-6	5.650600000E+0	1.999970508E+4	1.903127000E+3
3.032400000E-6	-2.883390000E-6	5.662300000E+0	1.999970508E+4	1.905925000E+3
3.069650000E-6	-2.808880000E-6	5.673700000E+0	1.999970508E+4	1.907941000E+3
2.853590000E-6	-2.913190000E-6	5.685800000E+0	1.999970508E+4	1.910338000E+3
3.099460000E-6	-2.846140000E-6	5.696800000E+0	1.999970508E+4	1.912857000E+3
3.278270000E-6	-2.831240000E-6	5.707100000E+0	1.999970508E+4	1.914463000E+3
3.092010000E-6	-2.890840000E-6	5.718800000E+0	1.999970508E+4	1.917038000E+3
3.226120000E-6	-3.032400000E-6	5.730300000E+0	1.999970508E+4	1.919442000E+3
3.166510000E-6	-2.995150000E-6	5.743400000E+0	1.999970508E+4	1.921430000E+3
2.942990000E-6	-2.942990000E-6	5.754500000E+0	1.999970508E+4	1.924239000E+3
2.823780000E-6	-3.345330000E-6	5.764900000E+0	1.999970508E+4	1.926239000E+3
3.196310000E-6	-3.382580000E-6	5.776900000E+0	1.999970508E+4	1.928202000E+3
3.099460000E-6	-2.898290000E-6	5.788900000E+0	1.999970508E+4	1.931045000E+3
3.099460000E-6	-2.965350000E-6	5.799300000E+0	1.999970508E+4	1.932741000E+3
3.203760000E-6	-2.995150000E-6	5.809300000E+0	1.999970508E+4	1.934730000E+3
3.054750000E-6	-2.898290000E-6	5.821300000E+0	1.999970508E+4	1.937945000E+3
3.166510000E-6	-3.077100000E-6	5.832700000E+0	1.999970508E+4	1.939582000E+3
3.188860000E-6	-3.129260000E-6	5.844900000E+0	1.999970508E+4	1.941922000E+3
2.950440000E-6	-3.010050000E-6	5.857000000E+0	1.999970508E+4	1.944748000E+3
3.136710000E-6	-3.106910000E-6	5.868900000E+0	1.999970508E+4	1.946761000E+3
3.039850000E-6	-3.181410000E-6	5.883400000E+0	1.999970508E+4	1.949564000E+3
3.255920000E-6	-3.166510000E-6	5.895600000E+0	1.999970508E+4	1.951961000E+3
3.196310000E-6	-3.106910000E-6	5.907400000E+0	1.999970508E+4	1.954869000E+3
3.039850000E-6	-3.233570000E-6	5.918900000E+0	1.999970508E+4	1.956896000E+3
3.099460000E-6	-4.045690000E-6	5.929200000E+0	1.999970508E+4	1.958870000E+3
2.987700000E-6	-3.747660000E-6	5.940300000E+0	1.999970508E+4	1.961331000E+3
3.181410000E-6	-3.680600000E-6	5.950500000E+0	1.999970508E+4	1.963305000E+3
2.875940000E-6	-3.173960000E-6	5.961300000E+0	1.999970508E+4	1.965338000E+3
2.667320000E-6	-3.553940000E-6	5.972500000E+0	1.999970508E+4	1.967448000E+3
3.039850000E-6	-3.680600000E-6	5.983900000E+0	1.999970508E+4	1.969868000E+3
2.995150000E-6	-3.092010000E-6	5.994700000E+0	1.999970508E+4	1.972620000E+3
2.935540000E-6	-2.995150000E-6	6.005300000E+0	1.999970508E+4	1.974268000E+3
2.913190000E-6	-2.950440000E-6	6.016200000E+0	1.999970508E+4	1.976231000E+3
3.024950000E-6	-3.047300000E-6	6.027700000E+0	1.999970508E+4	1.978780000E+3
3.159060000E-6	-3.464530000E-6	6.037800000E+0	1.999970508E+4	1.980764000E+3
3.084550000E-6	-3.665700000E-6	6.049100000E+0	1.999970508E+4	1.983244000E+3
2.861040000E-6	-3.106910000E-6	6.060300000E+0	1.999970508E+4	1.985185000E+3
2.659870000E-6	-2.965350000E-6	6.070400000E+0	1.999970508E+4	1.987156000E+3
3.084550000E-6	-3.233570000E-6	6.081000000E+0	1.999970508E+4	1.989683000E+3
2.779080000E-6	-2.920640000E-6	6.092200000E+0	1.999970508E+4	1.991284000E+3
3.211210000E-6	-3.553940000E-6	6.102600000E+0	1.999970508E+4	1.993711000E+3
3.054750000E-6	-2.980250000E-6	6.113900000E+0	1.999970508E+4	1.996084000E+3
3.054750000E-6	-3.106910000E-6	6.124200000E+0	1.999970508E+4	1.998115000E+3
3.039850000E-6	-3.129260000E-6	6.134300000E+0	1.999970508E+4	2.000134000E+3
3.121810000E-6	-3.412380000E-6	6.145300000E+0	1.999970508E+4	2.002107000E+3
3.173960000E-6	-3.576290000E-6	6.157800000E+0	1.999970508E+4	2.004111000E+3
2.928090000E-6	-3.315520000E-6	6.169000000E+0	1.999970508E+4	2.007357000E+3
2.786530000E-6	-3.159060000E-6	6.180900000E+0	1.999970508E+4	2.009316000E+3
3.024950000E-6	-3.539040000E-6	6.192100000E+0	1.999970508E+4	2.011291000E+3
3.457080000E-6	-3.688050000E-6	6.202500000E+0	1.999970508E+4	2.013747000E+3
3.226120000E-6	-3.419830000E-6	6.214300000E+0	1.999970508E+4	2.016112000E+3
3.308070000E-6	-3.300620000E-6	6.225300000E+0	1.999970508E+4	2.018182000E+3
3.136710000E-6	-3.427280000E-6	6.236700000E+0	1.999970508E+4	2.020630000E+3
2.048920000E-6	-3.188860000E-6	6.248800000E+0	1.999970508E+4	2.022638000E+3
1.229350000E-6	-2.563010000E-6	6.261200000E+0	1.999970508E+4	2.025583000E+3
1.475220000E-6	-2.756730000E-6	6.271700000E+0	1.999970508E+4	2.027626000E+3
1.624230000E-6	-2.928090000E-6	6.282700000E+0	1.999970508E+4	2.030042000E+3
1.788150000E-6	-2.816330000E-6	6.292800000E+0	1.999970508E+4	2.031590000E+3
1.534830000E-6	-2.600270000E-6	6.303900000E+0	1.999970508E+4	2.033967000E+3
1.452870000E-6	-2.875940000E-6	6.314200000E+0	1.999970508E+4	2.036463000E+3
1.899910000E-6	-2.719480000E-6	6.325500000E+0	1.999970508E+4	2.038031000E+3
1.430520000E-6	-2.525760000E-6	6.335800000E+0	1.999970508E+4	2.040384000E+3
9.462270000E-7	-2.257540000E-6	6.346400000E+0	1.999970508E+4	2.042394000E+3
2.063830000E-6	-2.600270000E-6	6.356500000E+0	1.999970508E+4	2.044392000E+3
9.834840000E-7	-2.436350000E-6	6.367900000E+0	1.999970508E+4	2.047091000E+3
1.147400000E-6	-2.622620000E-6	6.380200000E+0	1.999970508E+4	2.049464000E+3
1.117590000E-6	-2.384200000E-6	6.391300000E+0	1.999970508E+4	2.051471000E+3
1.326210000E-6	-2.816330000E-6	6.401700000E+0	1.999970508E+4	2.053941000E+3
1.244250000E-6	-2.846140000E-6	6.413100000E+0	1.999970508E+4	2.055489000E+3
1.735990000E-6	-3.173960000E-6	6.424800000E+0	1.999970508E+4	2.057940000E+3
1.236800000E-6	-2.697120000E-6	6.436300000E+0	1.999970508E+4	2.060674000E+3
1.460320000E-6	-2.846140000E-6	6.447200000E+0	1.999970508E+4	2.062716000E+3
1.139950000E-6	-2.823780000E-6	6.459100000E+0	1.999970508E+4	2.065102000E+3
1.244250000E-6	-2.913190000E-6	6.470200000E+0	1.999970508E+4	2.067071000E+3
1.698740000E-6	-2.898290000E-6	6.481700000E+0	1.999970508E+4	2.069480000E+3
1.125040000E-6	-2.875940000E-6	6.492400000E+0	1.999970508E+4	2.071869000E+3
2.294790000E-6	-3.047300000E-6	6.503700000E+0	1.999970508E+4	2.074281000E+3
1.072890000E-6	-2.823780000E-6	6.516800000E+0	1.999970508E+4	2.076683000E+3
1.318760000E-6	-2.667320000E-6	6.528800000E+0	1.999970508E+4	2.079065000E+3
1.966970000E-6	-2.771630000E-6	6.540300000E+0	1.999970508E+4	2.081208000E+3
1.966970000E-6	-2.890840000E-6	6.552000000E+0	1.999970508E+4	2.083509000E+3
2.294790000E-6	-3.084550000E-6	6.563500000E+0	1.999970508E+4	2.086290000E+3
2.451260000E-6	-3.121810000E-6	6.576400000E+0	1.999970508E+4	2.088449000E+3
2.086180000E-6	-3.159060000E-6	6.587300000E+0	1.999970508E+4	2.090821000E+3
1.564630000E-6	-2.935540000E-6	6.600900000E+0	1.999970508E+4	2.093351000E+3
2.488510000E-6	-3.457080000E-6	6.611300000E+0	1.999970508E+4	2.095761000E+3
2.771630000E-6	-3.322970000E-6	6.621800000E+0	1.999970508E+4	2.097356000E+3
2.883390000E-6	-3.568840000E-6	6.633100000E+0	1.999970508E+4	2.099812000E+3
1.713640000E-6	-2.853590000E-6	6.645100000E+0	1.999970508E+4	2.102155000E+3
1.266610000E-6	-2.570460000E-6	6.655700000E+0	1.999970508E+4	2.104955000E+3
1.378360000E-6	-2.458710000E-6	6.666500000E+0	1.999970508E+4	2.106554000E+3
1.199550000E-6	-2.674770000E-6	6.676700000E+0	1.999970508E+4	2.108555000E+3
1.348560000E-6	-2.995150000E-6	6.689000000E+0	1.999970508E+4	2.110971000E+3
2.190490000E-6	-3.241020000E-6	6.699100000E+0	1.999970508E+4	2.113499000E+3
1.281510000E-6	-2.607720000E-6	6.711200000E+0	1.999970508E+4	2.115510000E+3
2.697120000E-6	-3.054750000E-6	6.722100000E+0	1.999970508E+4	2.117507000E+3
1.929710000E-6	-3.039850000E-6	6.733200000E+0	1.999970508E+4	2.119920000E+3
1.758340000E-6	-2.980250000E-6	6.743400000E+0	1.999970508E+4	2.122042000E+3
8.121170000E-7	-2.414000000E-6	6.755400000E+0	1.999970508E+4	2.124458000E+3
1.102690000E-6	-2.555560000E-6	6.766700000E+0	1.999970508E+4	2.126449000E+3
1.803050000E-6	-2.868490000E-6	6.778300000E+0	1.999970508E+4	2.128834000E+3
1.162300000E-6	-2.436350000E-6	6.789400000E+0	1.999970508E+4	2.131342000E+3
2.637520000E-6	-2.980250000E-6	6.801900000E+0	1.999970508E+4	2.133686000E+3
2.585370000E-6	-3.062200000E-6	6.812500000E+0	1.999970508E+4	2.135640000E+3
9.462270000E-7	-2.488510000E-6	6.823300000E+0	1.999970508E+4	2.138066000E+3
8.419190000E-7	-2.257540000E-6	6.833900000E+0	1.999970508E+4	2.140053000E+3
1.244250000E-6	-2.339500000E-6	6.844500000E+0	1.999970508E+4	2.142491000E+3
9.089740000E-7	-2.086180000E-6	6.855100000E+0	1.999970508E+4	2.144035000E+3
8.866230000E-7	-2.108530000E-6	6.866300000E+0	1.999970508E+4	2.146450000E+3
2.093630000E-6	-2.734380000E-6	6.877000000E+0	1.999970508E+4	2.148472000E+3
2.279890000E-6	-2.704580000E-6	6.887200000E+0	1.999970508E+4	2.150882000E+3
2.354400000E-6	-2.853590000E-6	6.898300000E+0	1.999970508E+4	2.153032000E+3
1.110140000E-6	-2.414000000E-6	6.909700000E+0	1.999970508E+4	2.155049000E+3
9.313260000E-7	-2.138330000E-6	6.920700000E+0	1.999970508E+4	2.156999000E+3
9.536820000E-7	-2.354400000E-6	6.931100000E+0	1.999970508E+4	2.159398000E+3
1.266610000E-6	-2.585370000E-6	6.942300000E+0	1.999970508E+4	2.162195000E+3
1.646590000E-6	-2.577920000E-6	6.952600000E+0	1.999970508E+4	2.163802000E+3
1.654040000E-6	-2.488510000E-6	6.963100000E+0	1.999970508E+4	2.165795000E+3
2.063830000E-6	-2.503410000E-6	6.973800000E+0	1.999970508E+4	2.167802000E+3
2.272440000E-6	-2.570460000E-6	6.985300000E+0	1.999970508E+4	2.170205000E+3
2.339500000E-6	-2.607720000E-6	6.995300000E+0	1.999970508E+4	2.172745000E+3
2.235190000E-6	-2.801430000E-6	7.006300000E+0	1.999970508E+4	2.175137000E+3
