20250522_HM462Hf2Nb3Ru_chiAC_vs_T_B_0.004.txt Thu, May 22, 2025 1:27:47 PM Gabe
Magnet: None
Trigger spacing of 0.010000 on column #3
Offsets:	0.000000000E+0	0.000000000E+0	0.000000000E+0	0.000000000E+0	0.000000000E+0

Scale Factors:	1.000000000E+0	1.000000000E+0	1.000000000E+0	1.000000000E+0	1.000000000E+0

0T
Lockin_V_004	Chan2_V_004	Temperature_004	Field_004	Timestamp_004
-7.450640000E-9	0.000000000E+0	6.998700000E+0	-9.026970714E-2	3.800000000E-2
-5.960510000E-8	0.000000000E+0	6.988500000E+0	-9.026970714E-2	9.393800000E+1
-2.235190000E-8	7.450640000E-9	6.978300000E+0	-9.026970714E-2	9.531800000E+1
-4.470370000E-8	-4.470370000E-8	6.965600000E+0	-9.026970714E-2	9.734100000E+1
-4.470370000E-8	-6.705570000E-8	6.955000000E+0	-9.026970714E-2	9.929400000E+1
-8.195680000E-8	-8.940740000E-8	6.944400000E+0	-9.026970714E-2	1.020600000E+2
-1.341110000E-7	-1.266610000E-7	6.934100000E+0	-9.026970714E-2	1.037250000E+2
-1.862650000E-7	-7.450630000E-8	6.922800000E+0	-9.026970714E-2	1.056730000E+2
-2.458710000E-7	-1.341110000E-7	6.912400000E+0	-9.026970714E-2	1.081080000E+2
-3.278270000E-7	-1.043090000E-7	6.901300000E+0	-9.026970714E-2	1.104820000E+2
-3.576300000E-7	-1.266610000E-7	6.890600000E+0	-9.026970714E-2	1.125290000E+2
-4.395860000E-7	-1.490130000E-7	6.880300000E+0	-9.026970714E-2	1.140710000E+2
-5.364450000E-7	-1.713640000E-7	6.869300000E+0	-9.026970714E-2	1.168860000E+2
-5.736980000E-7	-2.309690000E-7	6.858900000E+0	-9.026970714E-2	1.188880000E+2
-6.258520000E-7	-3.129260000E-7	6.848400000E+0	-9.026970714E-2	1.209590000E+2
-7.450620000E-7	-4.023330000E-7	6.836600000E+0	-9.026970714E-2	1.229280000E+2
-8.866230000E-7	-6.482040000E-7	6.823600000E+0	-9.026970714E-2	1.256750000E+2
-9.611320000E-7	-7.897650000E-7	6.812400000E+0	-9.026970714E-2	1.276980000E+2
-1.139950000E-6	-1.177200000E-6	6.802000000E+0	-9.026970714E-2	1.300700000E+2
-1.415620000E-6	-1.579530000E-6	6.788800000E+0	-9.026970714E-2	1.328790000E+2
-1.750890000E-6	-2.108530000E-6	6.777600000E+0	-9.026970714E-2	1.349360000E+2
-2.190490000E-6	-2.793980000E-6	6.767100000E+0	-9.026970714E-2	1.369210000E+2
-2.890840000E-6	-3.762560000E-6	6.756400000E+0	-9.026970714E-2	1.392910000E+2
-3.829630000E-6	-4.932310000E-6	6.744800000E+0	-9.026970714E-2	1.416770000E+2
-5.446400000E-6	-6.459680000E-6	6.731600000E+0	-9.026970714E-2	1.438000000E+2
-7.808270000E-6	-8.150990000E-6	6.720600000E+0	-9.026970714E-2	1.458030000E+2
-1.156340000E-5	-9.886980000E-6	6.708900000E+0	-9.026970714E-2	1.483520000E+2
-1.720350000E-5	-1.093750000E-5	6.696900000E+0	-9.026970714E-2	1.511540000E+2
-2.199420000E-5	-1.095990000E-5	6.686300000E+0	-9.026970714E-2	1.532820000E+2
-2.635280000E-5	-1.045320000E-5	6.676000000E+0	-9.026970714E-2	1.548690000E+2
-3.351290000E-5	-8.873700000E-6	6.663900000E+0	-9.026970714E-2	1.578560000E+2
-3.698490000E-5	-7.934930000E-6	6.653800000E+0	-9.026970714E-2	1.599430000E+2
-3.992040000E-5	-7.182390000E-6	6.643200000E+0	-9.026970714E-2	1.615570000E+2
-4.410770000E-5	-5.908340000E-6	6.630700000E+0	-9.026970714E-2	1.645180000E+2
-4.620870000E-5	-5.379350000E-6	6.620300000E+0	-9.026970714E-2	1.665090000E+2
-4.805650000E-5	-4.783300000E-6	6.609400000E+0	-9.026970714E-2	1.684940000E+2
-4.962110000E-5	-4.425670000E-6	6.597700000E+0	-9.026970714E-2	1.706340000E+2
-5.162530000E-5	-3.829630000E-6	6.587000000E+0	-9.026970714E-2	1.730680000E+2
-5.283980000E-5	-3.457080000E-6	6.575400000E+0	-9.026970714E-2	1.754430000E+2
-5.395730000E-5	-3.062200000E-6	6.564800000E+0	-9.026970714E-2	1.775670000E+2
-5.494830000E-5	-2.689670000E-6	6.551800000E+0	-9.026970714E-2	1.799700000E+2
-5.578270000E-5	-2.332050000E-6	6.541500000E+0	-9.026970714E-2	1.819760000E+2
-5.653520000E-5	-2.063830000E-6	6.528500000E+0	-9.026970714E-2	1.845110000E+2
-5.713870000E-5	-1.765790000E-6	6.517000000E+0	-9.026970714E-2	1.871190000E+2
-5.763050000E-5	-1.534830000E-6	6.505600000E+0	-9.026970714E-2	1.892230000E+2
-5.804770000E-5	-1.408170000E-6	6.495000000E+0	-9.026970714E-2	1.916970000E+2
-5.827870000E-5	-1.333660000E-6	6.484400000E+0	-9.026970714E-2	1.933270000E+2
-5.868850000E-5	-1.147400000E-6	6.473200000E+0	-9.026970714E-2	1.956250000E+2
-5.890450000E-5	-1.057990000E-6	6.463100000E+0	-9.026970714E-2	1.976320000E+2
-5.915040000E-5	-9.760330000E-7	6.453000000E+0	-9.026970714E-2	1.997940000E+2
-5.936650000E-5	-8.568200000E-7	6.442400000E+0	-9.026970714E-2	2.022450000E+2
-5.949310000E-5	-8.270180000E-7	6.430100000E+0	-9.026970714E-2	2.040300000E+2
-5.973150000E-5	-7.674130000E-7	6.420000000E+0	-9.026970714E-2	2.065290000E+2
-5.985070000E-5	-6.556550000E-7	6.407800000E+0	-9.026970714E-2	2.090600000E+2
-5.993270000E-5	-5.513470000E-7	6.396500000E+0	-9.026970714E-2	2.106530000E+2
-6.010410000E-5	-5.438960000E-7	6.384300000E+0	-9.026970714E-2	2.137110000E+2
-6.026050000E-5	-4.768410000E-7	6.372400000E+0	-9.026970714E-2	2.157640000E+2
-6.032010000E-5	-4.768410000E-7	6.360800000E+0	-9.026970714E-2	2.179930000E+2
-6.040210000E-5	-4.172340000E-7	6.349700000E+0	-9.026970714E-2	2.203980000E+2
-6.048400000E-5	-3.874320000E-7	6.339700000E+0	-9.026970714E-2	2.225700000E+2
-6.058090000E-5	-4.023330000E-7	6.329500000E+0	-9.026970714E-2	2.242740000E+2
-6.058840000E-5	-3.799810000E-7	6.319200000E+0	-9.026970714E-2	2.264120000E+2
-6.070010000E-5	-3.203770000E-7	6.306700000E+0	-9.026970714E-2	2.292020000E+2
-6.073740000E-5	-3.203770000E-7	6.296300000E+0	-9.026970714E-2	2.310740000E+2
-6.078210000E-5	-3.203770000E-7	6.285700000E+0	-9.026970714E-2	2.331540000E+2
-6.085660000E-5	-2.831240000E-7	6.275300000E+0	-9.026970714E-2	2.352550000E+2
-6.086400000E-5	-2.756730000E-7	6.264600000E+0	-9.026970714E-2	2.373330000E+2
-6.093110000E-5	-2.831240000E-7	6.254300000E+0	-9.026970714E-2	2.398850000E+2
-6.098320000E-5	-2.980250000E-7	6.243800000E+0	-9.026970714E-2	2.416280000E+2
-6.099810000E-5	-2.905740000E-7	6.231700000E+0	-9.026970714E-2	2.437280000E+2
-6.104310000E-5	-2.384200000E-7	6.220700000E+0	-9.026970714E-2	2.464130000E+2
-6.112500000E-5	-2.235180000E-7	6.208900000E+0	-9.026970714E-2	2.488580000E+2
-6.111760000E-5	-2.235180000E-7	6.197400000E+0	-9.026970714E-2	2.511570000E+2
-6.112500000E-5	-2.235180000E-7	6.185700000E+0	-9.026970714E-2	2.529440000E+2
-6.118460000E-5	-1.713640000E-7	6.174300000E+0	-9.026970714E-2	2.552850000E+2
-6.121440000E-5	-2.011670000E-7	6.164200000E+0	-9.026970714E-2	2.576750000E+2
-6.122190000E-5	-1.639140000E-7	6.153700000E+0	-9.026970714E-2	2.599040000E+2
-6.124420000E-5	-2.235180000E-7	6.142700000E+0	-9.026970714E-2	2.619360000E+2
-6.126660000E-5	-1.788150000E-7	6.130600000E+0	-9.026970714E-2	2.640310000E+2
-6.134850000E-5	-1.564630000E-7	6.118400000E+0	-9.026970714E-2	2.665540000E+2
-6.137830000E-5	-1.341110000E-7	6.106300000E+0	-9.026970714E-2	2.694980000E+2
-6.137090000E-5	-1.341110000E-7	6.094800000E+0	-9.026970714E-2	2.715500000E+2
-6.139320000E-5	-1.341110000E-7	6.084100000E+0	-9.026970714E-2	2.734000000E+2
-6.144540000E-5	-1.192100000E-7	6.073900000E+0	-9.026970714E-2	2.756520000E+2
-6.147520000E-5	-1.564630000E-7	6.063700000E+0	-9.026970714E-2	2.776270000E+2
-6.148270000E-5	-1.043090000E-7	6.053100000E+0	-9.026970714E-2	2.803220000E+2
-6.151990000E-5	-1.266610000E-7	6.041600000E+0	-9.026970714E-2	2.818140000E+2
-6.151990000E-5	-1.266610000E-7	6.030600000E+0	-9.026970714E-2	2.841590000E+2
-6.149010000E-5	-1.341110000E-7	6.019900000E+0	-9.026970714E-2	2.864960000E+2
-6.154970000E-5	-1.043090000E-7	6.009800000E+0	-9.026970714E-2	2.887770000E+2
-6.160930000E-5	-1.117590000E-7	5.999300000E+0	-9.026970714E-2	2.907510000E+2
-6.160190000E-5	-6.705570000E-8	5.987900000E+0	-9.026970714E-2	2.928830000E+2
-6.160190000E-5	-1.117590000E-7	5.975600000E+0	-9.026970714E-2	2.949860000E+2
-6.160930000E-5	-9.685800000E-8	5.964000000E+0	-9.026970714E-2	2.975260000E+2
-6.162420000E-5	-1.266610000E-7	5.951500000E+0	-9.026970714E-2	2.996910000E+2
-6.163170000E-5	-9.685800000E-8	5.941300000E+0	-9.026970714E-2	3.022590000E+2
-6.163910000E-5	-1.043090000E-7	5.929500000E+0	-9.026970714E-2	3.045840000E+2
-6.165400000E-5	-9.685800000E-8	5.918500000E+0	-9.026970714E-2	3.064610000E+2
-6.166150000E-5	-6.705570000E-8	5.907700000E+0	-9.026970714E-2	3.090670000E+2
-6.170620000E-5	-7.450630000E-8	5.895400000E+0	-9.026970714E-2	3.111730000E+2
-6.170620000E-5	-7.450630000E-8	5.884000000E+0	-9.026970714E-2	3.137070000E+2
-6.175090000E-5	-1.117590000E-7	5.871800000E+0	-9.026970714E-2	3.156520000E+2
-6.175090000E-5	-8.195680000E-8	5.861500000E+0	-9.026970714E-2	3.179970000E+2
-6.174340000E-5	-7.450630000E-8	5.849200000E+0	-9.026970714E-2	3.203470000E+2
-6.175090000E-5	-8.195680000E-8	5.837600000E+0	-9.026970714E-2	3.230390000E+2
-6.174340000E-5	-5.215430000E-8	5.825700000E+0	-9.026970714E-2	3.256570000E+2
-6.174340000E-5	-7.450630000E-8	5.814500000E+0	-9.026970714E-2	3.272140000E+2
-6.176580000E-5	-7.450630000E-8	5.802000000E+0	-9.026970714E-2	3.301970000E+2
-6.180300000E-5	-6.705570000E-8	5.790800000E+0	-9.026970714E-2	3.326220000E+2
-6.178070000E-5	-2.980250000E-8	5.780600000E+0	-9.026970714E-2	3.340880000E+2
-6.178070000E-5	-5.960510000E-8	5.770300000E+0	-9.026970714E-2	3.360860000E+2
-6.181050000E-5	-4.470370000E-8	5.758500000E+0	-9.026970714E-2	3.388380000E+2
-6.183280000E-5	-1.490130000E-8	5.746900000E+0	-9.026970714E-2	3.410250000E+2
-6.182540000E-5	-8.195680000E-8	5.734500000E+0	-9.026970714E-2	3.435920000E+2
-6.183280000E-5	0.000000000E+0	5.724000000E+0	-9.026970714E-2	3.455460000E+2
-6.184030000E-5	0.000000000E+0	5.711100000E+0	-9.026970714E-2	3.478450000E+2
-6.185520000E-5	-5.960510000E-8	5.699300000E+0	-9.026970714E-2	3.507490000E+2
-6.183280000E-5	-5.960510000E-8	5.689000000E+0	-9.026970714E-2	3.526240000E+2
-6.188500000E-5	-3.725310000E-8	5.676500000E+0	-9.026970714E-2	3.552050000E+2
-6.184770000E-5	-2.235190000E-8	5.665900000E+0	-9.026970714E-2	3.572730000E+2
-6.187750000E-5	-7.450640000E-9	5.653700000E+0	-9.026970714E-2	3.594160000E+2
-6.184770000E-5	-2.980250000E-8	5.640400000E+0	-9.026970714E-2	3.619740000E+2
-6.188500000E-5	-2.235190000E-8	5.628300000E+0	-9.026970714E-2	3.646090000E+2
-6.194460000E-5	-2.980250000E-8	5.616900000E+0	-9.026970714E-2	3.672400000E+2
-6.191480000E-5	7.450640000E-9	5.605200000E+0	-9.026970714E-2	3.697170000E+2
-6.190730000E-5	-5.960510000E-8	5.593000000E+0	-9.026970714E-2	3.714630000E+2
-6.188500000E-5	-7.450640000E-9	5.581700000E+0	-9.026970714E-2	3.740220000E+2
-6.188500000E-5	1.490130000E-8	5.570100000E+0	-9.026970714E-2	3.766280000E+2
-6.194460000E-5	-1.490130000E-8	5.558700000E+0	-9.026970714E-2	3.786950000E+2
-6.189240000E-5	-1.490130000E-8	5.546400000E+0	-9.026970714E-2	3.805040000E+2
-6.192220000E-5	0.000000000E+0	5.534300000E+0	-9.026970714E-2	3.834660000E+2
-6.193710000E-5	-7.450640000E-9	5.522400000E+0	-9.026970714E-2	3.864470000E+2
-6.193710000E-5	2.235190000E-8	5.511700000E+0	-9.026970714E-2	3.881290000E+2
-6.195950000E-5	-7.450640000E-9	5.500900000E+0	-9.026970714E-2	3.901440000E+2
-6.192220000E-5	-2.980250000E-8	5.489700000E+0	-9.026970714E-2	3.925140000E+2
-6.194460000E-5	-2.980250000E-8	5.478600000E+0	-9.026970714E-2	3.945240000E+2
-6.196690000E-5	-2.980250000E-8	5.466900000E+0	-9.026970714E-2	3.970930000E+2
-6.193710000E-5	-2.980250000E-8	5.455900000E+0	-9.026970714E-2	3.993110000E+2
-6.194460000E-5	0.000000000E+0	5.445400000E+0	-9.026970714E-2	4.018960000E+2
-6.201160000E-5	-2.235190000E-8	5.434300000E+0	-9.026970714E-2	4.032680000E+2
-6.199670000E-5	0.000000000E+0	5.423700000E+0	-9.026970714E-2	4.056050000E+2
-6.201160000E-5	3.725310000E-8	5.413600000E+0	-9.026970714E-2	4.074570000E+2
-6.197440000E-5	2.235190000E-8	5.402400000E+0	-9.026970714E-2	4.100300000E+2
-6.196690000E-5	0.000000000E+0	5.390000000E+0	-9.026970714E-2	4.123630000E+2
-6.195950000E-5	1.490130000E-8	5.379000000E+0	-9.026970714E-2	4.143420000E+2
-6.201910000E-5	7.450640000E-9	5.367200000E+0	-9.026970714E-2	4.171130000E+2
-6.201160000E-5	0.000000000E+0	5.356900000E+0	-9.026970714E-2	4.190850000E+2
-6.198930000E-5	0.000000000E+0	5.343400000E+0	-9.026970714E-2	4.214780000E+2
-6.198180000E-5	-3.725310000E-8	5.330800000E+0	-9.026970714E-2	4.242930000E+2
-6.203400000E-5	7.450640000E-9	5.319300000E+0	-9.026970714E-2	4.266770000E+2
-6.204890000E-5	-1.490130000E-8	5.305600000E+0	-9.026970714E-2	4.294630000E+2
-6.205640000E-5	0.000000000E+0	5.295200000E+0	-9.026970714E-2	4.315180000E+2
-6.201910000E-5	-7.450640000E-9	5.283900000E+0	-9.026970714E-2	4.335000000E+2
-6.204150000E-5	0.000000000E+0	5.272400000E+0	-9.026970714E-2	4.359160000E+2
-6.204890000E-5	-7.450640000E-9	5.258200000E+0	-9.026970714E-2	4.388290000E+2
-6.204150000E-5	0.000000000E+0	5.248200000E+0	-9.026970714E-2	4.408690000E+2
-6.201910000E-5	3.725310000E-8	5.235800000E+0	-9.026970714E-2	4.435430000E+2
-6.204890000E-5	1.490130000E-8	5.224900000E+0	-9.026970714E-2	4.454950000E+2
-6.201910000E-5	2.980250000E-8	5.212700000E+0	-9.026970714E-2	4.478900000E+2
-6.207130000E-5	4.470370000E-8	5.201600000E+0	-9.026970714E-2	4.499280000E+2
-6.207870000E-5	0.000000000E+0	5.189600000E+0	-9.026970714E-2	4.529460000E+2
-6.204890000E-5	7.450640000E-9	5.176500000E+0	-9.026970714E-2	4.546830000E+2
-6.204890000E-5	2.235190000E-8	5.166200000E+0	-9.026970714E-2	4.571150000E+2
-6.203400000E-5	-5.215430000E-8	5.154800000E+0	-9.026970714E-2	4.589780000E+2
-6.207870000E-5	2.235190000E-8	5.143500000E+0	-9.026970714E-2	4.619090000E+2
-6.206380000E-5	7.450640000E-9	5.133500000E+0	-9.026970714E-2	4.640780000E+2
-6.205640000E-5	7.450640000E-9	5.121700000E+0	-9.026970714E-2	4.658500000E+2
-6.207130000E-5	-2.235190000E-8	5.110500000E+0	-9.026970714E-2	4.687150000E+2
-6.209360000E-5	0.000000000E+0	5.099600000E+0	-9.026970714E-2	4.705930000E+2
-6.209360000E-5	1.490130000E-8	5.086600000E+0	-9.026970714E-2	4.725810000E+2
-6.209360000E-5	1.490130000E-8	5.076000000E+0	-9.026970714E-2	4.753820000E+2
-6.207870000E-5	-3.725310000E-8	5.061900000E+0	-9.026970714E-2	4.777750000E+2
-6.210110000E-5	0.000000000E+0	5.049300000E+0	-9.026970714E-2	4.807770000E+2
-6.205640000E-5	-1.490130000E-8	5.037700000E+0	-9.026970714E-2	4.826160000E+2
-6.211600000E-5	2.980250000E-8	5.026600000E+0	-9.026970714E-2	4.851400000E+2
-6.205640000E-5	-7.450640000E-9	5.016100000E+0	-9.026970714E-2	4.873820000E+2
-6.207130000E-5	1.490130000E-8	5.005800000E+0	-9.026970714E-2	4.890440000E+2
-6.210110000E-5	1.490130000E-8	4.994100000E+0	-9.026970714E-2	4.917990000E+2
-6.210850000E-5	-7.450640000E-9	4.981700000E+0	-9.026970714E-2	4.942700000E+2
-6.207130000E-5	-2.235190000E-8	4.968000000E+0	-9.026970714E-2	4.962790000E+2
-6.209360000E-5	0.000000000E+0	4.957100000E+0	-9.026970714E-2	4.992490000E+2
-6.207870000E-5	-3.725310000E-8	4.946700000E+0	-9.026970714E-2	5.008740000E+2
-6.207130000E-5	1.490130000E-8	4.936000000E+0	-9.026970714E-2	5.034260000E+2
-6.212340000E-5	0.000000000E+0	4.924800000E+0	-9.026970714E-2	5.052750000E+2
-6.214580000E-5	2.235190000E-8	4.913900000E+0	-9.026970714E-2	5.072620000E+2
-6.210850000E-5	0.000000000E+0	4.903400000E+0	-9.026970714E-2	5.095890000E+2
-6.213090000E-5	-2.235190000E-8	4.892900000E+0	-9.026970714E-2	5.120930000E+2
-6.207130000E-5	2.980250000E-8	4.882200000E+0	-9.026970714E-2	5.139580000E+2
-6.207870000E-5	1.490130000E-8	4.872100000E+0	-9.026970714E-2	5.159520000E+2
-6.213830000E-5	0.000000000E+0	4.861300000E+0	-9.026970714E-2	5.183780000E+2
-6.213830000E-5	0.000000000E+0	4.850800000E+0	-9.026970714E-2	5.198360000E+2
-6.207870000E-5	0.000000000E+0	4.839200000E+0	-9.026970714E-2	5.227870000E+2
-6.213090000E-5	0.000000000E+0	4.828900000E+0	-9.026970714E-2	5.246070000E+2
-6.210110000E-5	2.980250000E-8	4.816300000E+0	-9.026970714E-2	5.270470000E+2
-6.209360000E-5	7.450640000E-9	4.803800000E+0	-9.026970714E-2	5.295890000E+2
-6.212340000E-5	0.000000000E+0	4.792300000E+0	-9.026970714E-2	5.318070000E+2
-6.210110000E-5	0.000000000E+0	4.782200000E+0	-9.026970714E-2	5.338130000E+2
-6.213830000E-5	4.470370000E-8	4.771900000E+0	-9.026970714E-2	5.362200000E+2
-6.212340000E-5	2.235190000E-8	4.759400000E+0	-9.026970714E-2	5.386720000E+2
-6.212340000E-5	7.450640000E-9	4.749200000E+0	-9.026970714E-2	5.407800000E+2
-6.210850000E-5	-7.450640000E-9	4.739000000E+0	-9.026970714E-2	5.421590000E+2
-6.213830000E-5	2.235190000E-8	4.728600000E+0	-9.026970714E-2	5.450490000E+2
-6.213090000E-5	0.000000000E+0	4.716800000E+0	-9.026970714E-2	5.468830000E+2
-6.211600000E-5	1.490130000E-8	4.706400000E+0	-9.026970714E-2	5.489110000E+2
-6.211600000E-5	7.450640000E-9	4.696200000E+0	-9.026970714E-2	5.512120000E+2
-6.216070000E-5	0.000000000E+0	4.682600000E+0	-9.026970714E-2	5.536870000E+2
-6.209360000E-5	0.000000000E+0	4.672500000E+0	-9.026970714E-2	5.557080000E+2
-6.208620000E-5	-7.450640000E-9	4.660400000E+0	-9.026970714E-2	5.584830000E+2
-6.210110000E-5	2.235190000E-8	4.649600000E+0	-9.026970714E-2	5.604830000E+2
-6.215320000E-5	-7.450640000E-9	4.637200000E+0	-9.026970714E-2	5.629580000E+2
-6.216810000E-5	2.980250000E-8	4.625400000E+0	-9.026970714E-2	5.653290000E+2
-6.217560000E-5	7.450640000E-9	4.614100000E+0	-9.026970714E-2	5.676940000E+2
-6.214580000E-5	3.725310000E-8	4.603400000E+0	-9.026970714E-2	5.698120000E+2
-6.215320000E-5	0.000000000E+0	4.593200000E+0	-9.026970714E-2	5.715620000E+2
-6.210110000E-5	7.450640000E-9	4.581200000E+0	-9.026970714E-2	5.741130000E+2
-6.213830000E-5	7.450640000E-9	4.570200000E+0	-9.026970714E-2	5.763670000E+2
-6.213830000E-5	7.450640000E-9	4.559400000E+0	-9.026970714E-2	5.783580000E+2
-6.213830000E-5	1.490130000E-8	4.545400000E+0	-9.026970714E-2	5.813030000E+2
-6.213830000E-5	0.000000000E+0	4.535000000E+0	-9.026970714E-2	5.836760000E+2
-6.210850000E-5	2.980250000E-8	4.523200000E+0	-9.026970714E-2	5.857180000E+2
-6.218300000E-5	0.000000000E+0	4.513100000E+0	-9.026970714E-2	5.882010000E+2
-6.220540000E-5	2.235190000E-8	4.502300000E+0	-9.026970714E-2	5.895660000E+2
-6.210110000E-5	0.000000000E+0	4.491800000E+0	-9.026970714E-2	5.920620000E+2
-6.215320000E-5	4.470370000E-8	4.480200000E+0	-9.026970714E-2	5.944070000E+2
-6.216070000E-5	7.450640000E-9	4.465900000E+0	-9.026970714E-2	5.973030000E+2
-6.213830000E-5	5.215430000E-8	4.454100000E+0	-9.026970714E-2	5.992840000E+2
-6.210850000E-5	0.000000000E+0	4.441400000E+0	-9.026970714E-2	6.023620000E+2
-6.211600000E-5	1.490130000E-8	4.428600000E+0	-9.026970714E-2	6.045260000E+2
-6.214580000E-5	-7.450640000E-9	4.418200000E+0	-9.026970714E-2	6.065490000E+2
-6.214580000E-5	1.490130000E-8	4.406600000E+0	-9.026970714E-2	6.095510000E+2
-6.212340000E-5	-7.450640000E-9	4.395800000E+0	-9.026970714E-2	6.108890000E+2
-6.216810000E-5	0.000000000E+0	4.385500000E+0	-9.026970714E-2	6.134360000E+2
-6.216810000E-5	3.725310000E-8	4.375300000E+0	-9.026970714E-2	6.151760000E+2
-6.217560000E-5	2.235190000E-8	4.364800000E+0	-9.026970714E-2	6.177140000E+2
-6.216810000E-5	-1.490130000E-8	4.351400000E+0	-9.026970714E-2	6.198290000E+2
-6.213830000E-5	1.490130000E-8	4.339100000E+0	-9.026970714E-2	6.225020000E+2
-6.217560000E-5	2.235190000E-8	4.329000000E+0	-9.026970714E-2	6.249490000E+2
-6.219050000E-5	1.490130000E-8	4.316600000E+0	-9.026970714E-2	6.270810000E+2
-6.214580000E-5	1.490130000E-8	4.304800000E+0	-9.026970714E-2	6.297410000E+2
-6.216810000E-5	1.490130000E-8	4.294100000E+0	-9.026970714E-2	6.317320000E+2
-6.218300000E-5	-2.235190000E-8	4.281100000E+0	-9.026970714E-2	6.338360000E+2
-6.216070000E-5	3.725310000E-8	4.268500000E+0	-9.026970714E-2	6.365410000E+2
-6.215320000E-5	2.980250000E-8	4.258400000E+0	-9.026970714E-2	6.389700000E+2
-6.219790000E-5	3.725310000E-8	4.248300000E+0	-9.026970714E-2	6.404060000E+2
-6.219790000E-5	0.000000000E+0	4.237000000E+0	-9.026970714E-2	6.433230000E+2
-6.216810000E-5	1.490130000E-8	4.223000000E+0	-9.026970714E-2	6.453200000E+2
-6.213830000E-5	7.450630000E-8	4.211900000E+0	-9.026970714E-2	6.480960000E+2
-6.217560000E-5	2.980250000E-8	4.200300000E+0	-9.026970714E-2	6.501610000E+2
-6.216810000E-5	1.490130000E-8	4.188600000E+0	-9.026970714E-2	6.530710000E+2
-6.213830000E-5	3.725310000E-8	4.177100000E+0	-9.026970714E-2	6.551720000E+2
-6.214580000E-5	0.000000000E+0	4.166700000E+0	-9.026970714E-2	6.569220000E+2
-6.219050000E-5	0.000000000E+0	4.155100000E+0	-9.026970714E-2	6.593080000E+2
-6.218300000E-5	7.450640000E-9	4.143200000E+0	-9.026970714E-2	6.617200000E+2
-6.217560000E-5	0.000000000E+0	4.132000000E+0	-9.026970714E-2	6.637160000E+2
-6.220540000E-5	7.450640000E-9	4.120100000E+0	-9.026970714E-2	6.666590000E+2
-6.217560000E-5	-1.490130000E-8	4.108300000E+0	-9.026970714E-2	6.691760000E+2
-6.218300000E-5	1.490130000E-8	4.097300000E+0	-9.026970714E-2	6.705450000E+2
-6.217560000E-5	-2.235190000E-8	4.087100000E+0	-9.026970714E-2	6.729580000E+2
-6.219050000E-5	2.980250000E-8	4.075100000E+0	-9.026970714E-2	6.753840000E+2
-6.220540000E-5	1.490130000E-8	4.063300000E+0	-9.026970714E-2	6.777300000E+2
-6.212340000E-5	7.450640000E-9	4.050200000E+0	-9.026970714E-2	6.802720000E+2
-6.217560000E-5	2.235190000E-8	4.037400000E+0	-9.026970714E-2	6.832050000E+2
-6.219790000E-5	3.725310000E-8	4.027000000E+0	-9.026970714E-2	6.850490000E+2
-6.218300000E-5	4.470370000E-8	4.015600000E+0	-9.026970714E-2	6.874450000E+2
-6.219790000E-5	2.235190000E-8	4.003500000E+0	-9.026970714E-2	6.895730000E+2
-6.217560000E-5	7.450640000E-9	3.991700000E+0	-9.026970714E-2	6.922920000E+2
-6.216810000E-5	5.215430000E-8	3.980900000E+0	-9.026970714E-2	6.938950000E+2
-6.224260000E-5	0.000000000E+0	3.968600000E+0	-9.026970714E-2	6.969610000E+2
-6.215320000E-5	7.450640000E-9	3.958200000E+0	-9.026970714E-2	6.990840000E+2
-6.219050000E-5	7.450640000E-9	3.946600000E+0	-9.026970714E-2	7.005510000E+2
-6.216810000E-5	0.000000000E+0	3.934600000E+0	-9.026970714E-2	7.035660000E+2
-6.222770000E-5	-4.470370000E-8	3.923400000E+0	-9.026970714E-2	7.058430000E+2
-6.224260000E-5	2.980250000E-8	3.911100000E+0	-9.026970714E-2	7.079000000E+2
-6.221280000E-5	0.000000000E+0	3.897600000E+0	-9.026970714E-2	7.107860000E+2
-6.219790000E-5	0.000000000E+0	3.884200000E+0	-9.026970714E-2	7.135750000E+2
-6.220540000E-5	1.490130000E-8	3.872500000E+0	-9.026970714E-2	7.155900000E+2
-6.219050000E-5	7.450630000E-8	3.861700000E+0	-9.026970714E-2	7.179830000E+2
-6.215320000E-5	4.470370000E-8	3.850100000E+0	-9.026970714E-2	7.204200000E+2
-6.220540000E-5	0.000000000E+0	3.839000000E+0	-9.026970714E-2	7.224020000E+2
-6.217560000E-5	7.450640000E-9	3.828100000E+0	-9.026970714E-2	7.248540000E+2
-6.221280000E-5	2.235190000E-8	3.818000000E+0	-9.026970714E-2	7.272920000E+2
-6.216810000E-5	1.490130000E-8	3.805300000E+0	-9.026970714E-2	7.291870000E+2
-6.219790000E-5	2.235190000E-8	3.794300000E+0	-9.026970714E-2	7.316650000E+2
-6.217560000E-5	5.215430000E-8	3.783200000E+0	-9.026970714E-2	7.334610000E+2
-6.223520000E-5	3.725310000E-8	3.770600000E+0	-9.026970714E-2	7.363890000E+2
-6.219790000E-5	0.000000000E+0	3.756000000E+0	-9.026970714E-2	7.389450000E+2
-6.216810000E-5	4.470370000E-8	3.742800000E+0	-9.026970714E-2	7.418550000E+2
-6.217560000E-5	3.725310000E-8	3.732400000E+0	-9.026970714E-2	7.443930000E+2
-6.222770000E-5	4.470370000E-8	3.721300000E+0	-9.026970714E-2	7.457390000E+2
-6.223520000E-5	2.980250000E-8	3.709300000E+0	-9.026970714E-2	7.486640000E+2
-6.219050000E-5	1.490130000E-8	3.697100000E+0	-9.026970714E-2	7.507900000E+2
-6.218300000E-5	-2.235190000E-8	3.684400000E+0	-9.026970714E-2	7.535390000E+2
-6.220540000E-5	2.235190000E-8	3.674400000E+0	-9.026970714E-2	7.555410000E+2
-6.219050000E-5	3.725310000E-8	3.662100000E+0	-9.026970714E-2	7.580060000E+2
-6.225010000E-5	3.725310000E-8	3.651400000E+0	-9.026970714E-2	7.597650000E+2
-6.225010000E-5	4.470370000E-8	3.640400000E+0	-9.026970714E-2	7.623140000E+2
-6.223520000E-5	7.450640000E-9	3.630000000E+0	-9.026970714E-2	7.642870000E+2
-6.226500000E-5	0.000000000E+0	3.616600000E+0	-9.026970714E-2	7.670790000E+2
-6.223520000E-5	4.470370000E-8	3.604500000E+0	-9.026970714E-2	7.692080000E+2
-6.225750000E-5	3.725310000E-8	3.588900000E+0	-9.026970714E-2	7.726990000E+2
-6.221280000E-5	2.980250000E-8	3.576700000E+0	-9.026970714E-2	7.748190000E+2
-6.215320000E-5	5.215430000E-8	3.559600000E+0	-9.026970714E-2	7.789460000E+2
-6.221280000E-5	3.725310000E-8	3.549300000E+0	-9.026970714E-2	7.811290000E+2
-6.216810000E-5	1.490130000E-8	3.533200000E+0	-9.026970714E-2	7.842890000E+2
-6.222770000E-5	5.960510000E-8	3.522600000E+0	-9.026970714E-2	7.870260000E+2
-6.216810000E-5	4.470370000E-8	3.510200000E+0	-9.026970714E-2	7.891010000E+2
-6.222030000E-5	3.725310000E-8	3.495700000E+0	-9.026970714E-2	7.927040000E+2
-6.223520000E-5	1.490130000E-8	3.482900000E+0	-9.026970714E-2	7.948240000E+2
-6.226500000E-5	1.490130000E-8	3.468900000E+0	-9.026970714E-2	7.986140000E+2
-6.222030000E-5	3.725310000E-8	3.455400000E+0	-9.026970714E-2	8.007480000E+2
-6.224260000E-5	7.450640000E-9	3.443400000E+0	-9.026970714E-2	8.039330000E+2
-6.225750000E-5	5.215430000E-8	3.429400000E+0	-9.026970714E-2	8.060440000E+2
-6.219790000E-5	0.000000000E+0	3.417200000E+0	-9.026970714E-2	8.092830000E+2
-6.216070000E-5	7.450640000E-9	3.402800000E+0	-9.026970714E-2	8.124400000E+2
-6.219050000E-5	-2.235190000E-8	3.391200000E+0	-9.026970714E-2	8.146070000E+2
-6.222030000E-5	3.725310000E-8	3.376000000E+0	-9.026970714E-2	8.177960000E+2
-6.224260000E-5	3.725310000E-8	3.363900000E+0	-9.026970714E-2	8.209770000E+2
-6.225010000E-5	2.235190000E-8	3.352600000E+0	-9.026970714E-2	8.231940000E+2
-6.220540000E-5	0.000000000E+0	3.340300000E+0	-9.026970714E-2	8.252400000E+2
-6.224260000E-5	7.450640000E-9	3.327100000E+0	-9.026970714E-2	8.283220000E+2
-6.225750000E-5	0.000000000E+0	3.315500000E+0	-9.026970714E-2	8.304340000E+2
-6.225010000E-5	4.470370000E-8	3.304300000E+0	-9.026970714E-2	8.335470000E+2
-6.219790000E-5	5.215430000E-8	3.288900000E+0	-9.026970714E-2	8.356640000E+2
-6.221280000E-5	1.490130000E-8	3.276300000E+0	-9.026970714E-2	8.392890000E+2
-6.225750000E-5	2.235190000E-8	3.262300000E+0	-9.026970714E-2	8.413890000E+2
-6.225010000E-5	0.000000000E+0	3.247700000E+0	-9.026970714E-2	8.451910000E+2
-6.225010000E-5	3.725310000E-8	3.235000000E+0	-9.026970714E-2	8.473010000E+2
-6.225010000E-5	5.960510000E-8	3.219900000E+0	-9.026970714E-2	8.507060000E+2
-6.219790000E-5	5.960510000E-8	3.206600000E+0	-9.026970714E-2	8.539760000E+2
-6.222770000E-5	5.960510000E-8	3.194100000E+0	-9.026970714E-2	8.561260000E+2
-6.225750000E-5	2.980250000E-8	3.179300000E+0	-9.026970714E-2	8.592370000E+2
-6.224260000E-5	4.470370000E-8	3.167400000E+0	-9.026970714E-2	8.623250000E+2
-6.223520000E-5	-1.490130000E-8	3.153300000E+0	-9.026970714E-2	8.644480000E+2
-6.224260000E-5	4.470370000E-8	3.138400000E+0	-9.026970714E-2	8.681900000E+2
-6.222770000E-5	-7.450640000E-9	3.126500000E+0	-9.026970714E-2	8.703510000E+2
-6.225010000E-5	1.490130000E-8	3.111600000E+0	-9.026970714E-2	8.735440000E+2
-6.223520000E-5	0.000000000E+0	3.097400000E+0	-9.026970714E-2	8.767530000E+2
-6.222770000E-5	2.235190000E-8	3.086000000E+0	-9.026970714E-2	8.788460000E+2
-6.226500000E-5	0.000000000E+0	3.070200000E+0	-9.026970714E-2	8.820800000E+2
-6.220540000E-5	1.490130000E-8	3.056700000E+0	-9.026970714E-2	8.853270000E+2
-6.217560000E-5	6.705570000E-8	3.043200000E+0	-9.026970714E-2	8.885090000E+2
-6.220540000E-5	2.980250000E-8	3.030200000E+0	-9.026970714E-2	8.905900000E+2
-6.222770000E-5	5.215430000E-8	3.018400000E+0	-9.026970714E-2	8.937990000E+2
-6.223520000E-5	3.725310000E-8	3.004900000E+0	-9.026970714E-2	8.959530000E+2
-6.226500000E-5	7.450640000E-9	2.993700000E+0	-9.026970714E-2	8.991210000E+2
-6.224260000E-5	6.705570000E-8	2.981200000E+0	-9.026970714E-2	9.012960000E+2
-6.225010000E-5	3.725310000E-8	2.970100000E+0	-9.026970714E-2	9.034110000E+2
-6.225750000E-5	8.940740000E-8	2.956400000E+0	-9.026970714E-2	9.065840000E+2
-6.226500000E-5	4.470370000E-8	2.945500000E+0	-9.026970714E-2	9.087250000E+2
-6.222770000E-5	0.000000000E+0	2.931100000E+0	-9.026970714E-2	9.119440000E+2
-6.226500000E-5	5.960510000E-8	2.921000000E+0	-9.026970714E-2	9.144810000E+2
-6.223520000E-5	7.450640000E-9	2.909800000E+0	-9.026970714E-2	9.160740000E+2
-6.221280000E-5	5.215430000E-8	2.897600000E+0	-9.026970714E-2	9.192700000E+2
-6.221280000E-5	7.450640000E-9	2.886300000E+0	-9.026970714E-2	9.214500000E+2
-6.226500000E-5	2.235190000E-8	2.875500000E+0	-9.026970714E-2	9.235690000E+2
-6.225010000E-5	0.000000000E+0	2.858000000E+0	-9.026970714E-2	9.267780000E+2
-6.220540000E-5	2.980250000E-8	2.845700000E+0	-9.026970714E-2	9.300320000E+2
-6.222030000E-5	2.980250000E-8	2.835600000E+0	-9.026970714E-2	9.320930000E+2
-6.226500000E-5	1.490130000E-8	2.825200000E+0	-9.026970714E-2	9.342520000E+2
-6.223520000E-5	5.215430000E-8	2.814200000E+0	-9.026970714E-2	9.363370000E+2
-6.223520000E-5	7.450640000E-9	2.802600000E+0	-9.026970714E-2	9.395750000E+2
-6.226500000E-5	5.960510000E-8	2.792000000E+0	-9.026970714E-2	9.410020000E+2
-6.222030000E-5	2.235190000E-8	2.781600000E+0	-9.026970714E-2	9.437220000E+2
-6.219790000E-5	1.490130000E-8	2.764900000E+0	-9.026970714E-2	9.462030000E+2
-6.220540000E-5	2.235190000E-8	2.753500000E+0	-9.026970714E-2	9.493980000E+2
-6.222030000E-5	4.470370000E-8	2.741600000E+0	-9.026970714E-2	9.515310000E+2
-6.224260000E-5	0.000000000E+0	2.731100000E+0	-9.026970714E-2	9.542300000E+2
-6.228730000E-5	1.043090000E-7	2.719400000E+0	-9.026970714E-2	9.563680000E+2
-6.221280000E-5	3.725310000E-8	2.705200000E+0	-9.026970714E-2	9.595670000E+2
-6.223520000E-5	3.725310000E-8	2.695100000E+0	-9.026970714E-2	9.617090000E+2
-6.225010000E-5	6.705570000E-8	2.683400000E+0	-9.026970714E-2	9.638050000E+2
-6.222030000E-5	1.490130000E-8	2.671600000E+0	-9.026970714E-2	9.670070000E+2
-6.224260000E-5	2.235190000E-8	2.654800000E+0	-9.026970714E-2	9.695350000E+2
-6.224260000E-5	5.960510000E-8	2.644700000E+0	-9.026970714E-2	9.722520000E+2
-6.220540000E-5	2.980250000E-8	2.631200000E+0	-9.026970714E-2	9.754080000E+2
-6.222030000E-5	2.980250000E-8	2.617900000E+0	-9.026970714E-2	9.775470000E+2
-6.227240000E-5	7.450640000E-9	2.607500000E+0	-9.026970714E-2	9.801440000E+2
-6.227240000E-5	5.960510000E-8	2.593000000E+0	-9.026970714E-2	9.832770000E+2
-6.225010000E-5	3.725310000E-8	2.581500000E+0	-9.026970714E-2	9.854330000E+2
-6.221280000E-5	3.725310000E-8	2.568200000E+0	-9.026970714E-2	9.881530000E+2
-6.221280000E-5	5.960510000E-8	2.553800000E+0	-9.026970714E-2	9.916820000E+2
-6.224260000E-5	2.980250000E-8	2.541200000E+0	-9.026970714E-2	9.938230000E+2
-6.223520000E-5	3.725310000E-8	2.530300000E+0	-9.026970714E-2	9.970990000E+2
-6.225750000E-5	-7.450640000E-9	2.514100000E+0	-9.026970714E-2	9.991830000E+2
-6.218300000E-5	4.470370000E-8	2.498200000E+0	-9.026970714E-2	1.002917000E+3
-6.222770000E-5	6.705570000E-8	2.486900000E+0	-9.026970714E-2	1.006160000E+3
-6.228730000E-5	3.725310000E-8	2.473600000E+0	-9.026970714E-2	1.008248000E+3
-6.226500000E-5	5.960510000E-8	2.462900000E+0	-9.026970714E-2	1.010386000E+3
-6.226500000E-5	0.000000000E+0	2.452700000E+0	-9.026970714E-2	1.012946000E+3
-6.224260000E-5	2.235190000E-8	2.441100000E+0	-9.026970714E-2	1.015058000E+3
-6.222770000E-5	3.725310000E-8	2.427500000E+0	-9.026970714E-2	1.017754000E+3
-6.220540000E-5	1.490130000E-8	2.408900000E+0	-9.026970714E-2	1.021848000E+3
-6.227240000E-5	1.490130000E-8	2.396000000E+0	-9.026970714E-2	1.025039000E+3
-6.229480000E-5	2.980250000E-8	2.384200000E+0	-9.026970714E-2	1.027229000E+3
-6.219790000E-5	2.980250000E-8	2.367700000E+0	-9.026970714E-2	1.030776000E+3
-6.222030000E-5	2.980250000E-8	2.356800000E+0	-9.026970714E-2	1.032900000E+3
-6.225010000E-5	2.235190000E-8	2.341400000E+0	-9.026970714E-2	1.036152000E+3
-6.224260000E-5	2.235190000E-8	2.326400000E+0	-9.026970714E-2	1.039355000E+3
-6.229480000E-5	2.980250000E-8	2.316200000E+0	-9.026970714E-2	1.041970000E+3
-6.224260000E-5	3.725310000E-8	2.304600000E+0	-9.026970714E-2	1.044149000E+3
-6.227240000E-5	0.000000000E+0	2.293600000E+0	-9.026970714E-2	1.046907000E+3
-6.226500000E-5	1.490130000E-8	2.283600000E+0	-9.026970714E-2	1.048384000E+3
-6.228730000E-5	1.490130000E-8	2.270400000E+0	-9.026970714E-2	1.051645000E+3
-6.223520000E-5	4.470370000E-8	2.258200000E+0	-9.026970714E-2	1.053716000E+3
-6.226500000E-5	2.980250000E-8	2.243100000E+0	-9.026970714E-2	1.056976000E+3
-6.225010000E-5	5.960510000E-8	2.229500000E+0	-9.026970714E-2	1.060177000E+3
-6.226500000E-5	0.000000000E+0	2.217500000E+0	-9.026970714E-2	1.062267000E+3
-6.222770000E-5	1.490130000E-8	2.202400000E+0	-9.026970714E-2	1.065537000E+3
-6.223520000E-5	5.215430000E-8	2.188900000E+0	-9.026970714E-2	1.068696000E+3
-6.223520000E-5	0.000000000E+0	2.178200000E+0	-9.026970714E-2	1.070786000E+3
-6.222770000E-5	3.725310000E-8	2.167300000E+0	-9.026970714E-2	1.072947000E+3
-6.224260000E-5	0.000000000E+0	2.152200000E+0	-9.026970714E-2	1.076125000E+3
-6.225010000E-5	3.725310000E-8	2.141000000E+0	-9.026970714E-2	1.079369000E+3
-6.222770000E-5	0.000000000E+0	2.126800000E+0	-9.026970714E-2	1.081470000E+3
-6.227990000E-5	4.470370000E-8	2.114600000E+0	-9.026970714E-2	1.084703000E+3
-6.226500000E-5	0.000000000E+0	2.102100000E+0	-9.026970714E-2	1.086799000E+3
-6.225010000E-5	5.960510000E-8	2.088700000E+0	-9.026970714E-2	1.090020000E+3
-6.227990000E-5	5.960510000E-8	2.078000000E+0	-9.026970714E-2	1.092188000E+3
-6.226500000E-5	-2.235190000E-8	2.060300000E+0	-9.026970714E-2	1.095340000E+3
-6.228730000E-5	2.235190000E-8	2.045800000E+0	-9.026970714E-2	1.098944000E+3
-6.223520000E-5	7.450630000E-8	2.032200000E+0	-9.026970714E-2	1.102167000E+3
-6.226500000E-5	5.960510000E-8	2.020800000E+0	-9.026970714E-2	1.104268000E+3
-6.225010000E-5	5.960510000E-8	2.006400000E+0	-9.026970714E-2	1.107495000E+3
-6.222030000E-5	2.980250000E-8	2.018400000E+0	-9.026970714E-2	1.240121000E+3
-6.225750000E-5	7.450630000E-8	2.030200000E+0	-9.026970714E-2	1.242862000E+3
-6.225010000E-5	3.725310000E-8	2.041900000E+0	-9.026970714E-2	1.244893000E+3
-6.226500000E-5	3.725310000E-8	2.053100000E+0	-9.026970714E-2	1.247245000E+3
-6.225010000E-5	1.490130000E-8	2.064100000E+0	-9.026970714E-2	1.249628000E+3
-6.228730000E-5	5.960510000E-8	2.074400000E+0	-9.026970714E-2	1.251763000E+3
-6.227990000E-5	4.470370000E-8	2.086900000E+0	-9.026970714E-2	1.254315000E+3
-6.227240000E-5	7.450640000E-9	2.098700000E+0	-9.026970714E-2	1.256319000E+3
-6.225750000E-5	4.470370000E-8	2.110300000E+0	-9.026970714E-2	1.259020000E+3
-6.227990000E-5	0.000000000E+0	2.122700000E+0	-9.026970714E-2	1.261106000E+3
-6.225010000E-5	2.980250000E-8	2.135600000E+0	-9.026970714E-2	1.263986000E+3
-6.227990000E-5	1.490130000E-8	2.145900000E+0	-9.026970714E-2	1.265911000E+3
-6.225010000E-5	1.490130000E-8	2.158200000E+0	-9.026970714E-2	1.268439000E+3
-6.222030000E-5	0.000000000E+0	2.168400000E+0	-9.026970714E-2	1.270203000E+3
-6.224260000E-5	3.725310000E-8	2.179700000E+0	-9.026970714E-2	1.272748000E+3
-6.225010000E-5	3.725310000E-8	2.193000000E+0	-9.026970714E-2	1.275241000E+3
-6.224260000E-5	2.235190000E-8	2.203300000E+0	-9.026970714E-2	1.277650000E+3
-6.225750000E-5	2.980250000E-8	2.214800000E+0	-9.026970714E-2	1.279713000E+3
-6.218300000E-5	5.960510000E-8	2.226000000E+0	-9.026970714E-2	1.282198000E+3
-6.227990000E-5	4.470370000E-8	2.237200000E+0	-9.026970714E-2	1.284343000E+3
-6.226500000E-5	3.725310000E-8	2.248700000E+0	-9.026970714E-2	1.286466000E+3
-6.222770000E-5	0.000000000E+0	2.260000000E+0	-9.026970714E-2	1.288894000E+3
-6.225750000E-5	5.960510000E-8	2.272500000E+0	-9.026970714E-2	1.291022000E+3
-6.226500000E-5	0.000000000E+0	2.283500000E+0	-9.026970714E-2	1.293775000E+3
-6.224260000E-5	7.450640000E-9	2.294700000E+0	-9.026970714E-2	1.295554000E+3
-6.228730000E-5	1.490130000E-8	2.307400000E+0	-9.026970714E-2	1.298423000E+3
-6.227240000E-5	5.960510000E-8	2.319400000E+0	-9.026970714E-2	1.300605000E+3
-6.225750000E-5	8.940740000E-8	2.330400000E+0	-9.026970714E-2	1.302982000E+3
-6.225010000E-5	4.470370000E-8	2.342200000E+0	-9.026970714E-2	1.305052000E+3
-6.228730000E-5	0.000000000E+0	2.352500000E+0	-9.026970714E-2	1.307578000E+3
-6.226500000E-5	1.490130000E-8	2.363100000E+0	-9.026970714E-2	1.309283000E+3
-6.226500000E-5	2.235190000E-8	2.373500000E+0	-9.026970714E-2	1.311690000E+3
-6.226500000E-5	2.235190000E-8	2.385000000E+0	-9.026970714E-2	1.313799000E+3
-6.227990000E-5	7.450640000E-9	2.395600000E+0	-9.026970714E-2	1.315823000E+3
-6.227990000E-5	7.450640000E-9	2.405600000E+0	-9.026970714E-2	1.317975000E+3
-6.224260000E-5	2.235190000E-8	2.416500000E+0	-9.026970714E-2	1.319965000E+3
-6.225010000E-5	4.470370000E-8	2.427100000E+0	-9.026970714E-2	1.322339000E+3
-6.228730000E-5	3.725310000E-8	2.438500000E+0	-9.026970714E-2	1.324234000E+3
-6.221280000E-5	4.470370000E-8	2.449000000E+0	-9.026970714E-2	1.327014000E+3
-6.223520000E-5	2.980250000E-8	2.460600000E+0	-9.026970714E-2	1.328782000E+3
-6.222030000E-5	2.235190000E-8	2.470900000E+0	-9.026970714E-2	1.331218000E+3
-6.223520000E-5	1.490130000E-8	2.481400000E+0	-9.026970714E-2	1.333191000E+3
-6.225750000E-5	6.705570000E-8	2.492400000E+0	-9.026970714E-2	1.335152000E+3
-6.223520000E-5	1.490130000E-8	2.503800000E+0	-9.026970714E-2	1.337691000E+3
-6.226500000E-5	1.490130000E-8	2.515100000E+0	-9.026970714E-2	1.339882000E+3
-6.225010000E-5	3.725310000E-8	2.525300000E+0	-9.026970714E-2	1.342288000E+3
-6.226500000E-5	1.490130000E-8	2.537400000E+0	-9.026970714E-2	1.344085000E+3
-6.225010000E-5	5.215430000E-8	2.548500000E+0	-9.026970714E-2	1.346881000E+3
-6.227990000E-5	4.470370000E-8	2.559400000E+0	-9.026970714E-2	1.348497000E+3
-6.222030000E-5	4.470370000E-8	2.570900000E+0	-9.026970714E-2	1.351299000E+3
-6.225750000E-5	2.235190000E-8	2.581100000E+0	-9.026970714E-2	1.352868000E+3
-6.227990000E-5	5.960510000E-8	2.594300000E+0	-9.026970714E-2	1.355539000E+3
-6.226500000E-5	2.980250000E-8	2.606400000E+0	-9.026970714E-2	1.358356000E+3
-6.225750000E-5	5.215430000E-8	2.617000000E+0	-9.026970714E-2	1.359991000E+3
-6.222030000E-5	3.725310000E-8	2.629800000E+0	-9.026970714E-2	1.363024000E+3
-6.226500000E-5	3.725310000E-8	2.640000000E+0	-9.026970714E-2	1.365089000E+3
-6.219050000E-5	8.195680000E-8	2.650100000E+0	-9.026970714E-2	1.367068000E+3
-6.222770000E-5	5.960510000E-8	2.660700000E+0	-9.026970714E-2	1.369023000E+3
-6.221280000E-5	4.470370000E-8	2.672600000E+0	-9.026970714E-2	1.371405000E+3
-6.225750000E-5	2.235190000E-8	2.684700000E+0	-9.026970714E-2	1.373562000E+3
-6.220540000E-5	3.725310000E-8	2.694800000E+0	-9.026970714E-2	1.376187000E+3
-6.226500000E-5	2.980250000E-8	2.705700000E+0	-9.026970714E-2	1.377742000E+3
-6.225010000E-5	2.980250000E-8	2.716500000E+0	-9.026970714E-2	1.380212000E+3
-6.222030000E-5	6.705570000E-8	2.727300000E+0	-9.026970714E-2	1.382304000E+3
-6.220540000E-5	-3.725310000E-8	2.737900000E+0	-9.026970714E-2	1.384394000E+3
-6.223520000E-5	2.235190000E-8	2.749800000E+0	-9.026970714E-2	1.386759000E+3
-6.221280000E-5	0.000000000E+0	2.761600000E+0	-9.026970714E-2	1.389226000E+3
-6.224260000E-5	2.235190000E-8	2.774000000E+0	-9.026970714E-2	1.391747000E+3
-6.225010000E-5	2.980250000E-8	2.784300000E+0	-9.026970714E-2	1.393716000E+3
-6.225010000E-5	2.235190000E-8	2.797700000E+0	-9.026970714E-2	1.396265000E+3
-6.223520000E-5	6.705570000E-8	2.808000000E+0	-9.026970714E-2	1.398368000E+3
-6.220540000E-5	3.725310000E-8	2.818100000E+0	-9.026970714E-2	1.400778000E+3
-6.222030000E-5	5.215430000E-8	2.828700000E+0	-9.026970714E-2	1.402793000E+3
-6.225010000E-5	-2.235190000E-8	2.840100000E+0	-9.026970714E-2	1.405240000E+3
-6.226500000E-5	3.725310000E-8	2.850900000E+0	-9.026970714E-2	1.406930000E+3
-6.221280000E-5	5.215430000E-8	2.863800000E+0	-9.026970714E-2	1.409434000E+3
-6.222030000E-5	5.960510000E-8	2.875000000E+0	-9.026970714E-2	1.412235000E+3
-6.219790000E-5	5.960510000E-8	2.886200000E+0	-9.026970714E-2	1.413865000E+3
-6.222770000E-5	2.980250000E-8	2.898900000E+0	-9.026970714E-2	1.416824000E+3
-6.220540000E-5	3.725310000E-8	2.911300000E+0	-9.026970714E-2	1.418784000E+3
-6.223520000E-5	7.450640000E-9	2.923000000E+0	-9.026970714E-2	1.421372000E+3
-6.225010000E-5	-7.450640000E-9	2.935800000E+0	-9.026970714E-2	1.424097000E+3
-6.219790000E-5	2.235190000E-8	2.946200000E+0	-9.026970714E-2	1.426105000E+3
-6.222030000E-5	0.000000000E+0	2.960500000E+0	-9.026970714E-2	1.428671000E+3
-6.223520000E-5	2.980250000E-8	2.972500000E+0	-9.026970714E-2	1.431582000E+3
-6.222770000E-5	4.470370000E-8	2.983100000E+0	-9.026970714E-2	1.433603000E+3
-6.224260000E-5	-7.450640000E-9	2.994600000E+0	-9.026970714E-2	1.435713000E+3
-6.219050000E-5	5.215430000E-8	3.004800000E+0	-9.026970714E-2	1.438131000E+3
-6.219790000E-5	5.960510000E-8	3.015700000E+0	-9.026970714E-2	1.439713000E+3
-6.222030000E-5	7.450640000E-9	3.027700000E+0	-9.026970714E-2	1.442597000E+3
-6.221280000E-5	2.235190000E-8	3.038800000E+0	-9.026970714E-2	1.444530000E+3
-6.219790000E-5	0.000000000E+0	3.049900000E+0	-9.026970714E-2	1.446693000E+3
-6.221280000E-5	3.725310000E-8	3.061100000E+0	-9.026970714E-2	1.449056000E+3
-6.224260000E-5	-1.490130000E-8	3.071300000E+0	-9.026970714E-2	1.451195000E+3
-6.222770000E-5	3.725310000E-8	3.083500000E+0	-9.026970714E-2	1.453621000E+3
-6.222770000E-5	3.725310000E-8	3.095800000E+0	-9.026970714E-2	1.456130000E+3
-6.220540000E-5	2.235190000E-8	3.108500000E+0	-9.026970714E-2	1.458245000E+3
-6.225750000E-5	3.725310000E-8	3.120300000E+0	-9.026970714E-2	1.461066000E+3
-6.218300000E-5	0.000000000E+0	3.131800000E+0	-9.026970714E-2	1.463052000E+3
-6.226500000E-5	1.490130000E-8	3.142500000E+0	-9.026970714E-2	1.465467000E+3
-6.223520000E-5	7.450640000E-9	3.152700000E+0	-9.026970714E-2	1.467465000E+3
-6.218300000E-5	5.960510000E-8	3.164700000E+0	-9.026970714E-2	1.469871000E+3
-6.219790000E-5	3.725310000E-8	3.177500000E+0	-9.026970714E-2	1.472117000E+3
-6.221280000E-5	6.705570000E-8	3.188700000E+0	-9.026970714E-2	1.474998000E+3
-6.222030000E-5	3.725310000E-8	3.199900000E+0	-9.026970714E-2	1.476927000E+3
-6.227240000E-5	2.235190000E-8	3.210300000E+0	-9.026970714E-2	1.478602000E+3
-6.224260000E-5	0.000000000E+0	3.221600000E+0	-9.026970714E-2	1.481138000E+3
-6.225010000E-5	2.235190000E-8	3.232200000E+0	-9.026970714E-2	1.483299000E+3
-6.224260000E-5	7.450640000E-9	3.243000000E+0	-9.026970714E-2	1.486012000E+3
-6.223520000E-5	5.960510000E-8	3.254300000E+0	-9.026970714E-2	1.487660000E+3
-6.225010000E-5	5.215430000E-8	3.267700000E+0	-9.026970714E-2	1.490003000E+3
-6.219790000E-5	0.000000000E+0	3.278900000E+0	-9.026970714E-2	1.492409000E+3
-6.220540000E-5	2.235190000E-8	3.290300000E+0	-9.026970714E-2	1.494991000E+3
-6.222770000E-5	1.490130000E-8	3.300500000E+0	-9.026970714E-2	1.497359000E+3
-6.220540000E-5	0.000000000E+0	3.310800000E+0	-9.026970714E-2	1.498967000E+3
-6.224260000E-5	5.960510000E-8	3.323800000E+0	-9.026970714E-2	1.501527000E+3
-6.224260000E-5	0.000000000E+0	3.335600000E+0	-9.026970714E-2	1.504029000E+3
-6.219790000E-5	5.215430000E-8	3.348100000E+0	-9.026970714E-2	1.506432000E+3
-6.217560000E-5	7.450640000E-9	3.359300000E+0	-9.026970714E-2	1.508840000E+3
-6.219790000E-5	5.960510000E-8	3.371900000E+0	-9.026970714E-2	1.511366000E+3
-6.219790000E-5	2.980250000E-8	3.383700000E+0	-9.026970714E-2	1.513352000E+3
-6.225010000E-5	-7.450640000E-9	3.396200000E+0	-9.026970714E-2	1.516148000E+3
-6.225010000E-5	6.705570000E-8	3.406600000E+0	-9.026970714E-2	1.518146000E+3
-6.219790000E-5	2.980250000E-8	3.418600000E+0	-9.026970714E-2	1.520697000E+3
-6.220540000E-5	-2.235190000E-8	3.431100000E+0	-9.026970714E-2	1.523106000E+3
-6.221280000E-5	-2.235190000E-8	3.441700000E+0	-9.026970714E-2	1.525483000E+3
-6.219050000E-5	0.000000000E+0	3.453300000E+0	-9.026970714E-2	1.527490000E+3
-6.222030000E-5	5.960510000E-8	3.466600000E+0	-9.026970714E-2	1.530343000E+3
-6.221280000E-5	-7.450640000E-9	3.476700000E+0	-9.026970714E-2	1.532607000E+3
-6.220540000E-5	2.980250000E-8	3.487800000E+0	-9.026970714E-2	1.534642000E+3
-6.222030000E-5	2.235190000E-8	3.500600000E+0	-9.026970714E-2	1.536551000E+3
-6.222030000E-5	0.000000000E+0	3.510900000E+0	-9.026970714E-2	1.538948000E+3
-6.219050000E-5	5.960510000E-8	3.521200000E+0	-9.026970714E-2	1.541365000E+3
-6.221280000E-5	1.490130000E-8	3.532000000E+0	-9.026970714E-2	1.543094000E+3
-6.221280000E-5	-2.980250000E-8	3.543100000E+0	-9.026970714E-2	1.545474000E+3
-6.219050000E-5	2.980250000E-8	3.556500000E+0	-9.026970714E-2	1.548467000E+3
-6.222770000E-5	1.490130000E-8	3.567800000E+0	-9.026970714E-2	1.550433000E+3
-6.224260000E-5	7.450630000E-8	3.580500000E+0	-9.026970714E-2	1.552898000E+3
-6.223520000E-5	0.000000000E+0	3.590500000E+0	-9.026970714E-2	1.555206000E+3
-6.222770000E-5	3.725310000E-8	3.601200000E+0	-9.026970714E-2	1.556975000E+3
-6.219050000E-5	5.960510000E-8	3.611300000E+0	-9.026970714E-2	1.559354000E+3
-6.219790000E-5	2.235190000E-8	3.623500000E+0	-9.026970714E-2	1.561634000E+3
-6.224260000E-5	5.215430000E-8	3.633800000E+0	-9.026970714E-2	1.563539000E+3
-6.219790000E-5	2.980250000E-8	3.645400000E+0	-9.026970714E-2	1.566295000E+3
-6.224260000E-5	1.490130000E-8	3.656300000E+0	-9.026970714E-2	1.567876000E+3
-6.222770000E-5	5.215430000E-8	3.666400000E+0	-9.026970714E-2	1.570336000E+3
-6.222030000E-5	0.000000000E+0	3.679600000E+0	-9.026970714E-2	1.572287000E+3
-6.217560000E-5	0.000000000E+0	3.691800000E+0	-9.026970714E-2	1.575390000E+3
-6.218300000E-5	5.215430000E-8	3.703200000E+0	-9.026970714E-2	1.577430000E+3
-6.220540000E-5	7.450630000E-8	3.715600000E+0	-9.026970714E-2	1.580160000E+3
-6.222030000E-5	0.000000000E+0	3.725700000E+0	-9.026970714E-2	1.582227000E+3
-6.223520000E-5	2.235190000E-8	3.737400000E+0	-9.026970714E-2	1.583810000E+3
-6.221280000E-5	5.960510000E-8	3.749400000E+0	-9.026970714E-2	1.586760000E+3
-6.219790000E-5	7.450640000E-9	3.760900000E+0	-9.026970714E-2	1.589079000E+3
-6.222030000E-5	2.235190000E-8	3.772800000E+0	-9.026970714E-2	1.591097000E+3
-6.222770000E-5	0.000000000E+0	3.783300000E+0	-9.026970714E-2	1.593893000E+3
-6.219050000E-5	2.235190000E-8	3.793400000E+0	-9.026970714E-2	1.595502000E+3
-6.217560000E-5	7.450640000E-9	3.804300000E+0	-9.026970714E-2	1.598090000E+3
-6.219790000E-5	4.470370000E-8	3.815800000E+0	-9.026970714E-2	1.600089000E+3
-6.221280000E-5	4.470370000E-8	3.829000000E+0	-9.026970714E-2	1.602416000E+3
-6.222770000E-5	-2.235190000E-8	3.840800000E+0	-9.026970714E-2	1.604974000E+3
-6.221280000E-5	0.000000000E+0	3.852000000E+0	-9.026970714E-2	1.606976000E+3
-6.225010000E-5	0.000000000E+0	3.863400000E+0	-9.026970714E-2	1.609767000E+3
-6.219790000E-5	0.000000000E+0	3.874000000E+0	-9.026970714E-2	1.611542000E+3
-6.221280000E-5	3.725310000E-8	3.885600000E+0	-9.026970714E-2	1.613920000E+3
-6.215320000E-5	0.000000000E+0	3.897100000E+0	-9.026970714E-2	1.616437000E+3
-6.221280000E-5	-7.450640000E-9	3.908600000E+0	-9.026970714E-2	1.618437000E+3
-6.219790000E-5	4.470370000E-8	3.919600000E+0	-9.026970714E-2	1.620873000E+3
-6.219790000E-5	2.235190000E-8	3.931700000E+0	-9.026970714E-2	1.623253000E+3
-6.219050000E-5	2.980250000E-8	3.943800000E+0	-9.026970714E-2	1.625286000E+3
-6.218300000E-5	-7.450640000E-9	3.954700000E+0	-9.026970714E-2	1.628065000E+3
-6.219790000E-5	1.490130000E-8	3.966500000E+0	-9.026970714E-2	1.630052000E+3
-6.222030000E-5	1.490130000E-8	3.978000000E+0	-9.026970714E-2	1.632184000E+3
-6.219790000E-5	3.725310000E-8	3.988300000E+0	-9.026970714E-2	1.634703000E+3
-6.219790000E-5	2.235190000E-8	3.998400000E+0	-9.026970714E-2	1.636710000E+3
-6.219790000E-5	2.980250000E-8	4.010100000E+0	-9.026970714E-2	1.638716000E+3
-6.217560000E-5	3.725310000E-8	4.021800000E+0	-9.026970714E-2	1.641499000E+3
-6.220540000E-5	5.215430000E-8	4.032000000E+0	-9.026970714E-2	1.643093000E+3
-6.219790000E-5	2.980250000E-8	4.042600000E+0	-9.026970714E-2	1.645712000E+3
-6.215320000E-5	2.980250000E-8	4.055500000E+0	-9.026970714E-2	1.648169000E+3
-6.218300000E-5	4.470370000E-8	4.065700000E+0	-9.026970714E-2	1.649773000E+3
-6.220540000E-5	2.980250000E-8	4.077800000E+0	-9.026970714E-2	1.652581000E+3
-6.216810000E-5	5.215430000E-8	4.088500000E+0	-9.026970714E-2	1.654998000E+3
-6.218300000E-5	2.980250000E-8	4.100400000E+0	-9.026970714E-2	1.656632000E+3
-6.213830000E-5	4.470370000E-8	4.112500000E+0	-9.026970714E-2	1.659405000E+3
-6.216070000E-5	5.215430000E-8	4.123000000E+0	-9.026970714E-2	1.661369000E+3
-6.216070000E-5	-1.490130000E-8	4.133300000E+0	-9.026970714E-2	1.663379000E+3
-6.213830000E-5	1.490130000E-8	4.145200000E+0	-9.026970714E-2	1.665788000E+3
-6.220540000E-5	5.960510000E-8	4.158400000E+0	-9.026970714E-2	1.669036000E+3
-6.219790000E-5	-3.725310000E-8	4.168600000E+0	-9.026970714E-2	1.670496000E+3
-6.221280000E-5	4.470370000E-8	4.180100000E+0	-9.026970714E-2	1.672866000E+3
-6.219790000E-5	0.000000000E+0	4.191000000E+0	-9.026970714E-2	1.674851000E+3
-6.217560000E-5	0.000000000E+0	4.203200000E+0	-9.026970714E-2	1.677653000E+3
-6.217560000E-5	7.450640000E-9	4.213600000E+0	-9.026970714E-2	1.679680000E+3
-6.217560000E-5	0.000000000E+0	4.225200000E+0	-9.026970714E-2	1.681809000E+3
-6.218300000E-5	-1.490130000E-8	4.235500000E+0	-9.026970714E-2	1.684349000E+3
-6.216810000E-5	7.450640000E-9	4.246600000E+0	-9.026970714E-2	1.686304000E+3
-6.218300000E-5	-7.450640000E-9	4.258100000E+0	-9.026970714E-2	1.688332000E+3
-6.213830000E-5	4.470370000E-8	4.269900000E+0	-9.026970714E-2	1.690783000E+3
-6.218300000E-5	2.980250000E-8	4.281300000E+0	-9.026970714E-2	1.693160000E+3
-6.218300000E-5	1.490130000E-8	4.291500000E+0	-9.026970714E-2	1.695561000E+3
-6.216070000E-5	4.470370000E-8	4.302000000E+0	-9.026970714E-2	1.697113000E+3
-6.215320000E-5	2.235190000E-8	4.313800000E+0	-9.026970714E-2	1.699555000E+3
-6.216070000E-5	0.000000000E+0	4.324100000E+0	-9.026970714E-2	1.701906000E+3
-6.213830000E-5	2.235190000E-8	4.334900000E+0	-9.026970714E-2	1.703701000E+3
-6.213830000E-5	1.490130000E-8	4.345000000E+0	-9.026970714E-2	1.706040000E+3
-6.218300000E-5	0.000000000E+0	4.356000000E+0	-9.026970714E-2	1.708039000E+3
-6.216070000E-5	2.980250000E-8	4.368900000E+0	-9.026970714E-2	1.710635000E+3
-6.219790000E-5	7.450640000E-9	4.379900000E+0	-9.026970714E-2	1.712584000E+3
-6.216810000E-5	1.490130000E-8	4.390900000E+0	-9.026970714E-2	1.715404000E+3
-6.213090000E-5	7.450640000E-9	4.401500000E+0	-9.026970714E-2	1.716709000E+3
-6.216810000E-5	2.235190000E-8	4.412000000E+0	-9.026970714E-2	1.719138000E+3
-6.214580000E-5	-2.980250000E-8	4.422900000E+0	-9.026970714E-2	1.721185000E+3
-6.213830000E-5	2.235190000E-8	4.434100000E+0	-9.026970714E-2	1.723929000E+3
-6.213830000E-5	1.490130000E-8	4.446400000E+0	-9.026970714E-2	1.726062000E+3
-6.213830000E-5	0.000000000E+0	4.458400000E+0	-9.026970714E-2	1.728454000E+3
-6.214580000E-5	-1.490130000E-8	4.470500000E+0	-9.026970714E-2	1.731262000E+3
-6.216070000E-5	-5.215430000E-8	4.480700000E+0	-9.026970714E-2	1.732856000E+3
-6.216810000E-5	2.235190000E-8	4.491100000E+0	-9.026970714E-2	1.734860000E+3
-6.213090000E-5	-7.450640000E-9	4.502600000E+0	-9.026970714E-2	1.737670000E+3
-6.213830000E-5	-1.490130000E-8	4.514100000E+0	-9.026970714E-2	1.739264000E+3
-6.211600000E-5	0.000000000E+0	4.524500000E+0	-9.026970714E-2	1.741857000E+3
-6.213830000E-5	3.725310000E-8	4.536200000E+0	-9.026970714E-2	1.744289000E+3
-6.214580000E-5	5.215430000E-8	4.546900000E+0	-9.026970714E-2	1.745847000E+3
-6.216070000E-5	2.980250000E-8	4.559000000E+0	-9.026970714E-2	1.748598000E+3
-6.213830000E-5	2.235190000E-8	4.571100000E+0	-9.026970714E-2	1.751172000E+3
-6.213830000E-5	7.450640000E-9	4.582600000E+0	-9.026970714E-2	1.753169000E+3
-6.214580000E-5	0.000000000E+0	4.594300000E+0	-9.026970714E-2	1.755670000E+3
-6.208620000E-5	0.000000000E+0	4.606200000E+0	-9.026970714E-2	1.758144000E+3
-6.216810000E-5	7.450640000E-9	4.619100000E+0	-9.026970714E-2	1.760882000E+3
-6.216070000E-5	2.235190000E-8	4.629500000E+0	-9.026970714E-2	1.762519000E+3
-6.213830000E-5	0.000000000E+0	4.639600000E+0	-9.026970714E-2	1.764865000E+3
-6.216070000E-5	0.000000000E+0	4.654900000E+0	-9.026970714E-2	1.767789000E+3
-6.210110000E-5	7.450640000E-9	4.665300000E+0	-9.026970714E-2	1.770214000E+3
-6.213830000E-5	-3.725310000E-8	4.676400000E+0	-9.026970714E-2	1.772221000E+3
-6.213830000E-5	0.000000000E+0	4.688500000E+0	-9.026970714E-2	1.774642000E+3
-6.213830000E-5	-1.490130000E-8	4.699700000E+0	-9.026970714E-2	1.776638000E+3
-6.209360000E-5	5.960510000E-8	4.711000000E+0	-9.026970714E-2	1.779017000E+3
-6.208620000E-5	7.450640000E-9	4.721300000E+0	-9.026970714E-2	1.781225000E+3
-6.213090000E-5	0.000000000E+0	4.732300000E+0	-9.026970714E-2	1.783548000E+3
-6.215320000E-5	1.490130000E-8	4.742600000E+0	-9.026970714E-2	1.785172000E+3
-6.213830000E-5	2.235190000E-8	4.753600000E+0	-9.026970714E-2	1.787935000E+3
-6.210850000E-5	7.450640000E-9	4.766200000E+0	-9.026970714E-2	1.789961000E+3
-6.213090000E-5	7.450640000E-9	4.777900000E+0	-9.026970714E-2	1.792772000E+3
-6.216810000E-5	1.490130000E-8	4.790600000E+0	-9.026970714E-2	1.794817000E+3
-6.211600000E-5	2.235190000E-8	4.801700000E+0	-9.026970714E-2	1.797593000E+3
-6.210110000E-5	-7.450640000E-9	4.814500000E+0	-9.026970714E-2	1.799882000E+3
-6.213830000E-5	2.235190000E-8	4.825400000E+0	-9.026970714E-2	1.801874000E+3
-6.210850000E-5	2.235190000E-8	4.835700000E+0	-9.026970714E-2	1.804248000E+3
-6.212340000E-5	0.000000000E+0	4.849000000E+0	-9.026970714E-2	1.806687000E+3
-6.209360000E-5	5.960510000E-8	4.859500000E+0	-9.026970714E-2	1.808708000E+3
-6.207130000E-5	2.235190000E-8	4.869700000E+0	-9.026970714E-2	1.810647000E+3
-6.207130000E-5	2.980250000E-8	4.880300000E+0	-9.026970714E-2	1.813142000E+3
-6.210850000E-5	7.450640000E-9	4.890400000E+0	-9.026970714E-2	1.815150000E+3
-6.209360000E-5	2.235190000E-8	4.901200000E+0	-9.026970714E-2	1.816822000E+3
-6.204890000E-5	0.000000000E+0	4.911400000E+0	-9.026970714E-2	1.819558000E+3
-6.211600000E-5	0.000000000E+0	4.922800000E+0	-9.026970714E-2	1.821305000E+3
-6.212340000E-5	2.235190000E-8	4.933300000E+0	-9.026970714E-2	1.823770000E+3
-6.208620000E-5	-1.490130000E-8	4.945500000E+0	-9.026970714E-2	1.825784000E+3
-6.207870000E-5	3.725310000E-8	4.955800000E+0	-9.026970714E-2	1.828118000E+3
-6.213830000E-5	7.450640000E-9	4.968800000E+0	-9.026970714E-2	1.830949000E+3
-6.208620000E-5	1.490130000E-8	4.979900000E+0	-9.026970714E-2	1.832509000E+3
-6.207130000E-5	-1.490130000E-8	4.990900000E+0	-9.026970714E-2	1.834972000E+3
-6.207870000E-5	-7.450640000E-9	5.001200000E+0	-9.026970714E-2	1.837747000E+3
-6.213830000E-5	4.470370000E-8	5.012900000E+0	-9.026970714E-2	1.839375000E+3
-6.207870000E-5	7.450640000E-9	5.024300000E+0	-9.026970714E-2	1.841480000E+3
-6.210850000E-5	0.000000000E+0	5.035500000E+0	-9.026970714E-2	1.844296000E+3
-6.207130000E-5	1.490130000E-8	5.045900000E+0	-9.026970714E-2	1.846132000E+3
-6.208620000E-5	-2.235190000E-8	5.056000000E+0	-9.026970714E-2	1.848414000E+3
-6.209360000E-5	4.470370000E-8	5.068400000E+0	-9.026970714E-2	1.850403000E+3
-6.207130000E-5	1.490130000E-8	5.078400000E+0	-9.026970714E-2	1.852813000E+3
-6.206380000E-5	-1.490130000E-8	5.088800000E+0	-9.026970714E-2	1.854797000E+3
-6.208620000E-5	7.450640000E-9	5.099000000E+0	-9.026970714E-2	1.856396000E+3
-6.203400000E-5	0.000000000E+0	5.109900000E+0	-9.026970714E-2	1.858854000E+3
-6.204150000E-5	0.000000000E+0	5.120800000E+0	-9.026970714E-2	1.861217000E+3
-6.207130000E-5	2.235190000E-8	5.131700000E+0	-9.026970714E-2	1.863285000E+3
-6.206380000E-5	0.000000000E+0	5.144200000E+0	-9.026970714E-2	1.865778000E+3
-6.206380000E-5	-2.235190000E-8	5.154500000E+0	-9.026970714E-2	1.867749000E+3
-6.207130000E-5	1.490130000E-8	5.167900000E+0	-9.026970714E-2	1.870308000E+3
-6.205640000E-5	0.000000000E+0	5.178700000E+0	-9.026970714E-2	1.873153000E+3
-6.204150000E-5	-1.490130000E-8	5.189500000E+0	-9.026970714E-2	1.874692000E+3
-6.202650000E-5	7.450640000E-9	5.200200000E+0	-9.026970714E-2	1.877136000E+3
-6.204890000E-5	0.000000000E+0	5.212500000E+0	-9.026970714E-2	1.879078000E+3
-6.204150000E-5	-1.490130000E-8	5.222800000E+0	-9.026970714E-2	1.881522000E+3
-6.203400000E-5	1.490130000E-8	5.233200000E+0	-9.026970714E-2	1.883480000E+3
-6.200420000E-5	1.490130000E-8	5.244400000E+0	-9.026970714E-2	1.885890000E+3
-6.202650000E-5	0.000000000E+0	5.256700000E+0	-9.026970714E-2	1.888032000E+3
-6.203400000E-5	7.450640000E-9	5.267100000E+0	-9.026970714E-2	1.890827000E+3
-6.205640000E-5	7.450640000E-9	5.278000000E+0	-9.026970714E-2	1.892424000E+3
-6.204150000E-5	-1.490130000E-8	5.289000000E+0	-9.026970714E-2	1.894821000E+3
-6.201910000E-5	7.450640000E-9	5.299900000E+0	-9.026970714E-2	1.896832000E+3
-6.206380000E-5	-7.450640000E-9	5.311800000E+0	-9.026970714E-2	1.899083000E+3
-6.201910000E-5	1.490130000E-8	5.323600000E+0	-9.026970714E-2	1.901743000E+3
-6.204150000E-5	-2.235190000E-8	5.334500000E+0	-9.026970714E-2	1.903795000E+3
-6.199670000E-5	-2.980250000E-8	5.346100000E+0	-9.026970714E-2	1.905761000E+3
-6.201160000E-5	-7.450640000E-9	5.356200000E+0	-9.026970714E-2	1.908138000E+3
-6.205640000E-5	-1.490130000E-8	5.366400000E+0	-9.026970714E-2	1.910550000E+3
-6.198930000E-5	0.000000000E+0	5.376600000E+0	-9.026970714E-2	1.911750000E+3
-6.198930000E-5	-7.450640000E-9	5.386700000E+0	-9.026970714E-2	1.914558000E+3
-6.204150000E-5	1.490130000E-8	5.398000000E+0	-9.026970714E-2	1.916540000E+3
-6.199670000E-5	2.980250000E-8	5.410600000E+0	-9.026970714E-2	1.919105000E+3
-6.195950000E-5	0.000000000E+0	5.422300000E+0	-9.026970714E-2	1.921300000E+3
-6.198930000E-5	0.000000000E+0	5.433300000E+0	-9.026970714E-2	1.923217000E+3
-6.194460000E-5	0.000000000E+0	5.445000000E+0	-9.026970714E-2	1.926010000E+3
-6.197440000E-5	-7.450640000E-9	5.456300000E+0	-9.026970714E-2	1.928437000E+3
-6.195950000E-5	0.000000000E+0	5.466700000E+0	-9.026970714E-2	1.930054000E+3
-6.194460000E-5	-4.470370000E-8	5.476800000E+0	-9.026970714E-2	1.932405000E+3
-6.194460000E-5	-7.450640000E-9	5.487200000E+0	-9.026970714E-2	1.934422000E+3
-6.197440000E-5	1.490130000E-8	5.498700000E+0	-9.026970714E-2	1.936466000E+3
-6.195950000E-5	-2.980250000E-8	5.509100000E+0	-9.026970714E-2	1.938955000E+3
-6.192220000E-5	2.235190000E-8	5.520400000E+0	-9.026970714E-2	1.940967000E+3
-6.192970000E-5	0.000000000E+0	5.532000000E+0	-9.026970714E-2	1.943366000E+3
-6.192220000E-5	7.450640000E-9	5.542100000E+0	-9.026970714E-2	1.945376000E+3
-6.193710000E-5	0.000000000E+0	5.552500000E+0	-9.026970714E-2	1.946957000E+3
-6.194460000E-5	-1.490130000E-8	5.564100000E+0	-9.026970714E-2	1.949783000E+3
-6.191480000E-5	-2.235190000E-8	5.574800000E+0	-9.026970714E-2	1.951761000E+3
-6.195200000E-5	-4.470370000E-8	5.585700000E+0	-9.026970714E-2	1.954155000E+3
-6.194460000E-5	-2.980250000E-8	5.598000000E+0	-9.026970714E-2	1.956165000E+3
-6.189990000E-5	-2.980250000E-8	5.609900000E+0	-9.026970714E-2	1.959128000E+3
-6.189240000E-5	-3.725310000E-8	5.620400000E+0	-9.026970714E-2	1.961181000E+3
-6.188500000E-5	0.000000000E+0	5.632700000E+0	-9.026970714E-2	1.963188000E+3
-6.191480000E-5	1.490130000E-8	5.644700000E+0	-9.026970714E-2	1.965926000E+3
-6.190730000E-5	-6.705570000E-8	5.655600000E+0	-9.026970714E-2	1.967876000E+3
-6.186260000E-5	-5.960510000E-8	5.665900000E+0	-9.026970714E-2	1.970353000E+3
-6.189990000E-5	-5.215430000E-8	5.677900000E+0	-9.026970714E-2	1.972451000E+3
-6.186260000E-5	-4.470370000E-8	5.688300000E+0	-9.026970714E-2	1.974461000E+3
-6.184030000E-5	0.000000000E+0	5.698500000E+0	-9.026970714E-2	1.976447000E+3
-6.181790000E-5	-6.705570000E-8	5.710200000E+0	-9.026970714E-2	1.978846000E+3
-6.186260000E-5	-7.450630000E-8	5.722200000E+0	-9.026970714E-2	1.981402000E+3
-6.186260000E-5	0.000000000E+0	5.732800000E+0	-9.026970714E-2	1.983424000E+3
-6.235440000E-5	-1.490130000E-7	5.743300000E+0	-9.026970714E-2	1.985762000E+3
-6.182540000E-5	-4.470370000E-8	5.754600000E+0	-9.026970714E-2	1.987822000E+3
-6.176580000E-5	-2.980250000E-8	5.766300000E+0	-9.026970714E-2	1.989824000E+3
-6.182540000E-5	-2.980250000E-8	5.777700000E+0	-9.026970714E-2	1.992329000E+3
-6.181790000E-5	-9.685800000E-8	5.788800000E+0	-9.026970714E-2	1.994314000E+3
-6.178810000E-5	-5.960510000E-8	5.799600000E+0	-9.026970714E-2	1.997162000E+3
-6.181050000E-5	-5.960510000E-8	5.810000000E+0	-9.026970714E-2	1.999181000E+3
-6.178070000E-5	0.000000000E+0	5.820100000E+0	-9.026970714E-2	2.001157000E+3
-6.175090000E-5	-6.705570000E-8	5.831200000E+0	-9.026970714E-2	2.003145000E+3
-6.176580000E-5	-1.117590000E-7	5.841700000E+0	-9.026970714E-2	2.005118000E+3
-6.172850000E-5	-3.725310000E-8	5.853300000E+0	-9.026970714E-2	2.007091000E+3
-6.173600000E-5	-6.705570000E-8	5.865700000E+0	-9.026970714E-2	2.009924000E+3
-6.173600000E-5	-1.043090000E-7	5.876300000E+0	-9.026970714E-2	2.011900000E+3
-6.173600000E-5	-5.960510000E-8	5.887100000E+0	-9.026970714E-2	2.014767000E+3
-6.171360000E-5	-8.940740000E-8	5.897400000E+0	-9.026970714E-2	2.016317000E+3
-6.169130000E-5	-1.117590000E-7	5.908800000E+0	-9.026970714E-2	2.018434000E+3
-6.163910000E-5	-7.450630000E-8	5.920500000E+0	-9.026970714E-2	2.020833000E+3
-6.167640000E-5	-8.195680000E-8	5.930800000E+0	-9.026970714E-2	2.023314000E+3
-6.163910000E-5	-3.725310000E-8	5.943600000E+0	-9.026970714E-2	2.025648000E+3
-6.163170000E-5	-6.705570000E-8	5.955700000E+0	-9.026970714E-2	2.027831000E+3
-6.164660000E-5	-1.117590000E-7	5.966500000E+0	-9.026970714E-2	2.030177000E+3
-6.163170000E-5	-8.195680000E-8	5.978000000E+0	-9.026970714E-2	2.032598000E+3
-6.161680000E-5	-9.685800000E-8	5.988100000E+0	-9.026970714E-2	2.034565000E+3
-6.159440000E-5	-1.266610000E-7	5.998500000E+0	-9.026970714E-2	2.036577000E+3
-6.158700000E-5	-1.117590000E-7	6.009000000E+0	-9.026970714E-2	2.038634000E+3
-6.156460000E-5	-9.685800000E-8	6.019800000E+0	-9.026970714E-2	2.040978000E+3
-6.149760000E-5	-1.415620000E-7	6.031800000E+0	-9.026970714E-2	2.042715000E+3
-6.154230000E-5	-1.192100000E-7	6.043500000E+0	-9.026970714E-2	2.045581000E+3
-6.150500000E-5	-1.415620000E-7	6.054900000E+0	-9.026970714E-2	2.047959000E+3
-6.148270000E-5	-1.117590000E-7	6.065500000E+0	-9.026970714E-2	2.050433000E+3
-6.143050000E-5	-1.043090000E-7	6.078900000E+0	-9.026970714E-2	2.052453000E+3
-6.147520000E-5	-1.341110000E-7	6.089100000E+0	-9.026970714E-2	2.054471000E+3
-6.143050000E-5	-1.713640000E-7	6.100000000E+0	-9.026970714E-2	2.056458000E+3
-6.140820000E-5	-1.788150000E-7	6.112100000E+0	-9.026970714E-2	2.059663000E+3
-6.134110000E-5	-1.564630000E-7	6.122800000E+0	-9.026970714E-2	2.061238000E+3
-6.133360000E-5	-1.713640000E-7	6.133900000E+0	-9.026970714E-2	2.063654000E+3
-6.131870000E-5	-1.937160000E-7	6.145300000E+0	-9.026970714E-2	2.066044000E+3
-6.129640000E-5	-1.341110000E-7	6.156400000E+0	-9.026970714E-2	2.068473000E+3
-6.126660000E-5	-1.937160000E-7	6.168500000E+0	-9.026970714E-2	2.070452000E+3
-6.124420000E-5	-1.788150000E-7	6.181300000E+0	-9.026970714E-2	2.072872000E+3
-6.118460000E-5	-2.011670000E-7	6.193500000E+0	-9.026970714E-2	2.075668000E+3
-6.118460000E-5	-2.607720000E-7	6.204900000E+0	-9.026970714E-2	2.078116000E+3
-6.114740000E-5	-2.235180000E-7	6.215600000E+0	-9.026970714E-2	2.079699000E+3
-6.108030000E-5	-2.235180000E-7	6.226900000E+0	-9.026970714E-2	2.082455000E+3
-6.105800000E-5	-2.533220000E-7	6.238400000E+0	-9.026970714E-2	2.084590000E+3
-6.099810000E-5	-2.309690000E-7	6.251100000E+0	-9.026970714E-2	2.086991000E+3
-6.095340000E-5	-2.607720000E-7	6.262200000E+0	-9.026970714E-2	2.089598000E+3
-6.090130000E-5	-2.756730000E-7	6.274300000E+0	-9.026970714E-2	2.091510000E+3
-6.088640000E-5	-2.980250000E-7	6.286200000E+0	-9.026970714E-2	2.094376000E+3
-6.079700000E-5	-2.831240000E-7	6.298800000E+0	-9.026970714E-2	2.096743000E+3
-6.077460000E-5	-3.352780000E-7	6.308900000E+0	-9.026970714E-2	2.098327000E+3
-6.068520000E-5	-2.756730000E-7	6.319200000E+0	-9.026970714E-2	2.100730000E+3
-6.061820000E-5	-3.576300000E-7	6.331000000E+0	-9.026970714E-2	2.103126000E+3
-6.060330000E-5	-3.576300000E-7	6.344000000E+0	-9.026970714E-2	2.105586000E+3
-6.043930000E-5	-3.874320000E-7	6.356900000E+0	-9.026970714E-2	2.108347000E+3
-6.034990000E-5	-4.544870000E-7	6.368700000E+0	-9.026970714E-2	2.110648000E+3
-6.035740000E-5	-4.470370000E-7	6.379400000E+0	-9.026970714E-2	2.113001000E+3
-6.020090000E-5	-5.066430000E-7	6.392700000E+0	-9.026970714E-2	2.115420000E+3
-6.008170000E-5	-5.736980000E-7	6.403800000E+0	-9.026970714E-2	2.117404000E+3
-5.999980000E-5	-5.811490000E-7	6.415100000E+0	-9.026970714E-2	2.119800000E+3
-5.982090000E-5	-6.854570000E-7	6.425700000E+0	-9.026970714E-2	2.122211000E+3
-5.964960000E-5	-7.152590000E-7	6.437800000E+0	-9.026970714E-2	2.124613000E+3
-5.953040000E-5	-8.121170000E-7	6.449300000E+0	-9.026970714E-2	2.126601000E+3
-5.929940000E-5	-8.717220000E-7	6.459600000E+0	-9.026970714E-2	2.128615000E+3
-5.905350000E-5	-1.005840000E-6	6.470300000E+0	-9.026970714E-2	2.131413000E+3
-5.885980000E-5	-1.087790000E-6	6.482200000E+0	-9.026970714E-2	2.133430000E+3
-5.855430000E-5	-1.177200000E-6	6.495000000E+0	-9.026970714E-2	2.135425000E+3
-5.817440000E-5	-1.393270000E-6	6.505400000E+0	-9.026970714E-2	2.137816000E+3
-5.780180000E-5	-1.519930000E-6	6.515600000E+0	-9.026970714E-2	2.139804000E+3
-5.733990000E-5	-1.683840000E-6	6.526400000E+0	-9.026970714E-2	2.142201000E+3
-5.690030000E-5	-1.899910000E-6	6.537300000E+0	-9.026970714E-2	2.144610000E+3
-5.635640000E-5	-2.108530000E-6	6.548900000E+0	-9.026970714E-2	2.146641000E+3
-5.548470000E-5	-2.406550000E-6	6.561100000E+0	-9.026970714E-2	2.149006000E+3
-5.449380000E-5	-2.853590000E-6	6.572400000E+0	-9.026970714E-2	2.151544000E+3
-5.355500000E-5	-3.196310000E-6	6.584600000E+0	-9.026970714E-2	2.153938000E+3
-5.206490000E-5	-3.688050000E-6	6.597200000E+0	-9.026970714E-2	2.156239000E+3
-5.040340000E-5	-4.209610000E-6	6.609700000E+0	-9.026970714E-2	2.158924000E+3
-4.865250000E-5	-4.686440000E-6	6.621000000E+0	-9.026970714E-2	2.161311000E+3
-4.661850000E-5	-5.260140000E-6	6.633500000E+0	-9.026970714E-2	2.163701000E+3
-4.433860000E-5	-5.871090000E-6	6.644700000E+0	-9.026970714E-2	2.165681000E+3
-4.084430000E-5	-6.862010000E-6	6.655200000E+0	-9.026970714E-2	2.168141000E+3
-3.814720000E-5	-7.621970000E-6	6.665300000E+0	-9.026970714E-2	2.170088000E+3
-3.396740000E-5	-8.747040000E-6	6.675800000E+0	-9.026970714E-2	2.172517000E+3
-3.061470000E-5	-9.626210000E-6	6.686700000E+0	-9.026970714E-2	2.174103000E+3
-2.451250000E-5	-1.068420000E-5	6.698400000E+0	-9.026970714E-2	2.176302000E+3
-1.905130000E-5	-1.099710000E-5	6.709000000E+0	-9.026970714E-2	2.178614000E+3
-1.368680000E-5	-1.042340000E-5	6.720400000E+0	-9.026970714E-2	2.181030000E+3
-9.544250000E-6	-9.045060000E-6	6.731100000E+0	-9.026970714E-2	2.183449000E+3
-6.638500000E-6	-7.405910000E-6	6.743400000E+0	-9.026970714E-2	2.185559000E+3
-4.731150000E-6	-5.804030000E-6	6.755200000E+0	-9.026970714E-2	2.187552000E+3
-3.300620000E-6	-4.291560000E-6	6.765300000E+0	-9.026970714E-2	2.189969000E+3
-2.503410000E-6	-3.308070000E-6	6.776200000E+0	-9.026970714E-2	2.192361000E+3
-2.019120000E-6	-2.533210000E-6	6.788800000E+0	-9.026970714E-2	2.194767000E+3
-1.616780000E-6	-1.855200000E-6	6.799900000E+0	-9.026970714E-2	2.196770000E+3
-1.318760000E-6	-1.311310000E-6	6.810900000E+0	-9.026970714E-2	2.199164000E+3
-1.080340000E-6	-9.760330000E-7	6.822000000E+0	-9.026970714E-2	2.201565000E+3
-9.536820000E-7	-8.121170000E-7	6.832300000E+0	-9.026970714E-2	2.203175000E+3
-8.195680000E-7	-5.289950000E-7	6.843600000E+0	-9.026970714E-2	2.205636000E+3
-7.003580000E-7	-4.172340000E-7	6.855900000E+0	-9.026970714E-2	2.208021000E+3
-6.035010000E-7	-3.203770000E-7	6.868300000E+0	-9.026970714E-2	2.210759000E+3
-5.438960000E-7	-2.309690000E-7	6.880500000E+0	-9.026970714E-2	2.213169000E+3
-5.066430000E-7	-1.564630000E-7	6.892400000E+0	-9.026970714E-2	2.215211000E+3
-3.799810000E-7	-1.117590000E-7	6.902600000E+0	-9.026970714E-2	2.217301000E+3
-3.278270000E-7	-1.788150000E-7	6.913200000E+0	-9.026970714E-2	2.219775000E+3
-2.309690000E-7	-8.940740000E-8	6.924700000E+0	-9.026970714E-2	2.222249000E+3
-2.235180000E-7	-1.192100000E-7	6.935500000E+0	-9.026970714E-2	2.223771000E+3
-1.341110000E-7	-1.117590000E-7	6.948700000E+0	-9.026970714E-2	2.226565000E+3
-6.705570000E-8	-5.960510000E-8	6.959400000E+0	-9.026970714E-2	2.228898000E+3
-8.940740000E-8	-8.195680000E-8	6.969500000E+0	-9.026970714E-2	2.230912000E+3
-2.980250000E-8	-5.960510000E-8	6.979900000E+0	-9.026970714E-2	2.232523000E+3
-3.725310000E-8	-1.490130000E-8	6.990400000E+0	-9.026970714E-2	2.234900000E+3
0.000000000E+0	-2.235190000E-8	7.000600000E+0	-9.026970714E-2	2.237090000E+3
