20250501_HM451MoTaZr2_chiAC_vs_T_B_02.001.txt Thu, May 1, 2025 3:36:30 PM Juan
Magnet: None
Trigger spacing of 0.010000 on column #3
Offsets:	0.000000000E+0	0.000000000E+0	0.000000000E+0	0.000000000E+0	0.000000000E+0

Scale Factors:	1.000000000E+0	1.000000000E+0	1.000000000E+0	1.000000000E+0	1.000000000E+0

0.2T
Lockin_V_001	Chan2_V_001	Temperature_001	Field_001	Timestamp_001
-1.586980000E-6	6.705560000E-7	6.001400000E+0	1.999504150E+3	2.800000000E-2
-1.542280000E-6	6.556550000E-7	5.989000000E+0	1.999504150E+3	5.866800000E+1
-1.534830000E-6	6.705560000E-7	5.978100000E+0	1.999504150E+3	6.029800000E+1
-1.594430000E-6	6.631050000E-7	5.965400000E+0	1.999504150E+3	6.238000000E+1
-1.527380000E-6	6.482040000E-7	5.954900000E+0	1.999504150E+3	6.481600000E+1
-1.512480000E-6	6.482040000E-7	5.944000000E+0	1.999504150E+3	6.639200000E+1
-1.534830000E-6	6.035010000E-7	5.932900000E+0	1.999504150E+3	6.883600000E+1
-1.557180000E-6	6.333030000E-7	5.920000000E+0	1.999504150E+3	7.173700000E+1
-1.490120000E-6	6.109510000E-7	5.909700000E+0	1.999504150E+3	7.426800000E+1
-1.527380000E-6	6.407540000E-7	5.898700000E+0	1.999504150E+3	7.590200000E+1
-1.564630000E-6	6.631050000E-7	5.887900000E+0	1.999504150E+3	7.787000000E+1
-1.542280000E-6	6.258520000E-7	5.875500000E+0	1.999504150E+3	8.081700000E+1
-1.534830000E-6	6.556550000E-7	5.864100000E+0	1.999504150E+3	8.242600000E+1
-1.564630000E-6	5.066430000E-7	5.852800000E+0	1.999504150E+3	8.518300000E+1
-1.586980000E-6	6.184020000E-7	5.842000000E+0	1.999504150E+3	8.724100000E+1
-1.557180000E-6	6.333030000E-7	5.830700000E+0	1.999504150E+3	8.963700000E+1
-1.549730000E-6	5.364450000E-7	5.818600000E+0	1.999504150E+3	9.160000000E+1
-1.579530000E-6	5.662480000E-7	5.807700000E+0	1.999504150E+3	9.398700000E+1
-1.594430000E-6	5.662480000E-7	5.796300000E+0	1.999504150E+3	9.639900000E+1
-1.527380000E-6	5.811490000E-7	5.785100000E+0	1.999504150E+3	9.836900000E+1
-1.542280000E-6	5.736980000E-7	5.773500000E+0	1.999504150E+3	1.004030000E+2
-1.579530000E-6	5.513470000E-7	5.761000000E+0	1.999504150E+3	1.031700000E+2
-1.527380000E-6	5.066430000E-7	5.749900000E+0	1.999504150E+3	1.055760000E+2
-1.579530000E-6	5.066430000E-7	5.738400000E+0	1.999504150E+3	1.079810000E+2
-1.549730000E-6	4.470370000E-7	5.726600000E+0	1.999504150E+3	1.099640000E+2
-1.564630000E-6	4.693880000E-7	5.716000000E+0	1.999504150E+3	1.119780000E+2
-1.557180000E-6	4.768410000E-7	5.705900000E+0	1.999504150E+3	1.144110000E+2
-1.564630000E-6	4.470370000E-7	5.694200000E+0	1.999504150E+3	1.167680000E+2
-1.512480000E-6	4.395860000E-7	5.683700000E+0	1.999504150E+3	1.187790000E+2
-1.579530000E-6	3.799810000E-7	5.672600000E+0	1.999504150E+3	1.207950000E+2
-1.594430000E-6	3.874320000E-7	5.660100000E+0	1.999504150E+3	1.231580000E+2
-1.579530000E-6	3.352780000E-7	5.649600000E+0	1.999504150E+3	1.259690000E+2
-1.609330000E-6	3.278270000E-7	5.637400000E+0	1.999504150E+3	1.280550000E+2
-1.557180000E-6	2.831240000E-7	5.626500000E+0	1.999504150E+3	1.299590000E+2
-1.549730000E-6	2.905740000E-7	5.614400000E+0	1.999504150E+3	1.330340000E+2
-1.616780000E-6	2.831240000E-7	5.602000000E+0	1.999504150E+3	1.349380000E+2
-1.646590000E-6	2.309690000E-7	5.591100000E+0	1.999504150E+3	1.373420000E+2
-1.586980000E-6	1.862650000E-7	5.579400000E+0	1.999504150E+3	1.394670000E+2
-1.572080000E-6	1.415620000E-7	5.567300000E+0	1.999504150E+3	1.422380000E+2
-1.631680000E-6	1.117590000E-7	5.553700000E+0	1.999504150E+3	1.445300000E+2
-1.586980000E-6	9.685800000E-8	5.541800000E+0	1.999504150E+3	1.474320000E+2
-1.639140000E-6	2.980250000E-8	5.529600000E+0	1.999504150E+3	1.497140000E+2
-1.654040000E-6	2.980250000E-8	5.518600000E+0	1.999504150E+3	1.517110000E+2
-1.594430000E-6	-6.705570000E-8	5.506100000E+0	1.999504150E+3	1.539690000E+2
-1.594430000E-6	-1.043090000E-7	5.494800000E+0	1.999504150E+3	1.564990000E+2
-1.624230000E-6	-1.043090000E-7	5.482600000E+0	1.999504150E+3	1.594210000E+2
-1.683840000E-6	-1.639140000E-7	5.472000000E+0	1.999504150E+3	1.607550000E+2
-1.668940000E-6	-2.905740000E-7	5.461900000E+0	1.999504150E+3	1.633570000E+2
-1.691290000E-6	-3.203770000E-7	5.451500000E+0	1.999504150E+3	1.651490000E+2
-1.698740000E-6	-2.831240000E-7	5.440800000E+0	1.999504150E+3	1.675590000E+2
-1.743440000E-6	-3.501790000E-7	5.428700000E+0	1.999504150E+3	1.699470000E+2
-1.735990000E-6	-5.066430000E-7	5.416700000E+0	1.999504150E+3	1.720270000E+2
-1.750890000E-6	-5.811490000E-7	5.404800000E+0	1.999504150E+3	1.748930000E+2
-1.758340000E-6	-6.482040000E-7	5.393000000E+0	1.999504150E+3	1.771580000E+2
-1.803050000E-6	-6.705560000E-7	5.381600000E+0	1.999504150E+3	1.788120000E+2
-1.840300000E-6	-7.674130000E-7	5.371400000E+0	1.999504150E+3	1.815910000E+2
-1.825400000E-6	-7.972160000E-7	5.359600000E+0	1.999504150E+3	1.835790000E+2
-1.840300000E-6	-8.940730000E-7	5.349200000E+0	1.999504150E+3	1.860760000E+2
-1.870100000E-6	-9.760330000E-7	5.337100000E+0	1.999504150E+3	1.878040000E+2
-1.885000000E-6	-1.080340000E-6	5.326200000E+0	1.999504150E+3	1.907500000E+2
-1.922260000E-6	-1.132500000E-6	5.315500000E+0	1.999504150E+3	1.926180000E+2
-1.929710000E-6	-1.244250000E-6	5.304700000E+0	1.999504150E+3	1.946220000E+2
-1.914810000E-6	-1.274060000E-6	5.293800000E+0	1.999504150E+3	1.964790000E+2
-2.019120000E-6	-1.400720000E-6	5.280800000E+0	1.999504150E+3	1.994590000E+2
-2.026570000E-6	-1.467770000E-6	5.270600000E+0	1.999504150E+3	2.013010000E+2
-2.063830000E-6	-1.557180000E-6	5.259300000E+0	1.999504150E+3	2.038010000E+2
-2.071280000E-6	-1.691290000E-6	5.247800000E+0	1.999504150E+3	2.059080000E+2
-2.130880000E-6	-1.743440000E-6	5.237100000E+0	1.999504150E+3	2.081270000E+2
-2.145780000E-6	-1.922260000E-6	5.226400000E+0	1.999504150E+3	2.100470000E+2
-2.190490000E-6	-1.989320000E-6	5.215200000E+0	1.999504150E+3	2.129290000E+2
-2.279890000E-6	-2.071280000E-6	5.202900000E+0	1.999504150E+3	2.148600000E+2
-2.324600000E-6	-2.197940000E-6	5.192100000E+0	1.999504150E+3	2.171340000E+2
-2.414000000E-6	-2.346950000E-6	5.180300000E+0	1.999504150E+3	2.195400000E+2
-2.481060000E-6	-2.540660000E-6	5.168800000E+0	1.999504150E+3	2.219920000E+2
-2.466160000E-6	-2.644970000E-6	5.158000000E+0	1.999504150E+3	2.238720000E+2
-2.600270000E-6	-2.779080000E-6	5.146700000E+0	1.999504150E+3	2.263510000E+2
-2.548110000E-6	-2.898290000E-6	5.134900000E+0	1.999504150E+3	2.285920000E+2
-2.697120000E-6	-2.950440000E-6	5.121800000E+0	1.999504150E+3	2.311260000E+2
-2.779080000E-6	-3.203760000E-6	5.109800000E+0	1.999504150E+3	2.336860000E+2
-2.905740000E-6	-3.404930000E-6	5.097000000E+0	1.999504150E+3	2.359820000E+2
-2.890840000E-6	-3.486890000E-6	5.083800000E+0	1.999504150E+3	2.388510000E+2
-2.980250000E-6	-3.643350000E-6	5.072700000E+0	1.999504150E+3	2.407360000E+2
-3.136710000E-6	-3.911580000E-6	5.059900000E+0	1.999504150E+3	2.436970000E+2
-3.300620000E-6	-4.120200000E-6	5.049700000E+0	1.999504150E+3	2.456910000E+2
-3.308070000E-6	-4.164900000E-6	5.038100000E+0	1.999504150E+3	2.479360000E+2
-3.404930000E-6	-4.321370000E-6	5.026600000E+0	1.999504150E+3	2.499260000E+2
-3.576290000E-6	-4.515080000E-6	5.016300000E+0	1.999504150E+3	2.523410000E+2
-3.606100000E-6	-4.626840000E-6	5.006000000E+0	1.999504150E+3	2.543400000E+2
-3.770010000E-6	-4.902510000E-6	4.995300000E+0	1.999504150E+3	2.571350000E+2
-3.822180000E-6	-4.999370000E-6	4.985300000E+0	1.999504150E+3	2.585820000E+2
-3.963740000E-6	-5.140930000E-6	4.974800000E+0	1.999504150E+3	2.607160000E+2
-4.120200000E-6	-5.371900000E-6	4.963900000E+0	1.999504150E+3	2.628320000E+2
-4.239410000E-6	-5.565610000E-6	4.951300000E+0	1.999504150E+3	2.648540000E+2
-4.433120000E-6	-5.804030000E-6	4.939300000E+0	1.999504150E+3	2.676390000E+2
-4.604490000E-6	-6.027550000E-6	4.926600000E+0	1.999504150E+3	2.702550000E+2
-4.753500000E-6	-6.258520000E-6	4.914500000E+0	1.999504150E+3	2.721130000E+2
-4.991920000E-6	-6.534190000E-6	4.901700000E+0	1.999504150E+3	2.753940000E+2
-5.126030000E-6	-6.683200000E-6	4.888800000E+0	1.999504150E+3	2.774060000E+2
-5.401700000E-6	-7.011030000E-6	4.877000000E+0	1.999504150E+3	2.802920000E+2
-5.550710000E-6	-7.227090000E-6	4.866500000E+0	1.999504150E+3	2.822020000E+2
-5.804030000E-6	-7.391010000E-6	4.856200000E+0	1.999504150E+3	2.841770000E+2
-5.997750000E-6	-7.726310000E-6	4.845300000E+0	1.999504150E+3	2.871790000E+2
-6.161660000E-6	-7.867870000E-6	4.835000000E+0	1.999504150E+3	2.884880000E+2
-6.519290000E-6	-8.113740000E-6	4.823700000E+0	1.999504150E+3	2.905530000E+2
-6.735350000E-6	-8.352160000E-6	4.812500000E+0	1.999504150E+3	2.931260000E+2
-6.929070000E-6	-8.620380000E-6	4.801500000E+0	1.999504150E+3	2.950980000E+2
-7.405910000E-6	-9.059960000E-6	4.789600000E+0	1.999504150E+3	2.979770000E+2
-7.592170000E-6	-9.365440000E-6	4.778500000E+0	1.999504150E+3	2.999840000E+2
-7.942380000E-6	-9.656010000E-6	4.767600000E+0	1.999504150E+3	3.020270000E+2
-8.471370000E-6	-1.014030000E-5	4.757100000E+0	1.999504150E+3	3.043720000E+2
-8.925850000E-6	-1.058730000E-5	4.745500000E+0	1.999504150E+3	3.062970000E+2
-9.507000000E-6	-1.110890000E-5	4.735000000E+0	1.999504150E+3	3.086030000E+2
-9.998740000E-6	-1.163040000E-5	4.724800000E+0	1.999504150E+3	3.105620000E+2
-1.106420000E-5	-1.247980000E-5	4.713300000E+0	1.999504150E+3	3.127210000E+2
-1.213710000E-5	-1.332170000E-5	4.702300000E+0	1.999504150E+3	3.154610000E+2
-1.291940000E-5	-1.372400000E-5	4.692100000E+0	1.999504150E+3	3.168820000E+2
-1.510240000E-5	-1.501300000E-5	4.680100000E+0	1.999504150E+3	3.198540000E+2
-1.641370000E-5	-1.564630000E-5	4.669100000E+0	1.999504150E+3	3.218280000E+2
-1.841800000E-5	-1.642860000E-5	4.658300000E+0	1.999504150E+3	3.242960000E+2
-1.987830000E-5	-1.698000000E-5	4.645300000E+0	1.999504150E+3	3.260920000E+2
-2.232210000E-5	-1.761330000E-5	4.632800000E+0	1.999504150E+3	3.289620000E+2
-2.499680000E-5	-1.809010000E-5	4.621400000E+0	1.999504150E+3	3.316280000E+2
-2.665080000E-5	-1.835830000E-5	4.609200000E+0	1.999504150E+3	3.334030000E+2
-2.937030000E-5	-1.858930000E-5	4.597000000E+0	1.999504150E+3	3.363080000E+2
-3.173230000E-5	-1.871600000E-5	4.585600000E+0	1.999504150E+3	3.385570000E+2
-3.326710000E-5	-1.867130000E-5	4.574600000E+0	1.999504150E+3	3.400700000E+2
-3.605360000E-5	-1.870850000E-5	4.562500000E+0	1.999504150E+3	3.429640000E+2
-3.851230000E-5	-1.857440000E-5	4.551300000E+0	1.999504150E+3	3.453850000E+2
-4.005460000E-5	-1.839560000E-5	4.540600000E+0	1.999504150E+3	3.473890000E+2
-4.275170000E-5	-1.803800000E-5	4.530600000E+0	1.999504150E+3	3.497690000E+2
-4.440570000E-5	-1.777720000E-5	4.516600000E+0	1.999504150E+3	3.522040000E+2
-4.678990000E-5	-1.733020000E-5	4.506000000E+0	1.999504150E+3	3.545620000E+2
-4.776590000E-5	-1.707680000E-5	4.495800000E+0	1.999504150E+3	3.560950000E+2
-4.970310000E-5	-1.662240000E-5	4.484300000E+0	1.999504150E+3	3.584400000E+2
-5.162530000E-5	-1.621260000E-5	4.473500000E+0	1.999504150E+3	3.608290000E+2
-5.303350000E-5	-1.584750000E-5	4.463000000E+0	1.999504150E+3	3.632400000E+2
-5.453850000E-5	-1.542280000E-5	4.451100000E+0	1.999504150E+3	3.652260000E+2
-5.611800000E-5	-1.495340000E-5	4.439600000E+0	1.999504150E+3	3.676090000E+2
-5.716850000E-5	-1.458830000E-5	4.429200000E+0	1.999504150E+3	3.694930000E+2
-5.893430000E-5	-1.412640000E-5	4.416500000E+0	1.999504150E+3	3.724090000E+2
-6.021580000E-5	-1.372400000E-5	4.405500000E+0	1.999504150E+3	3.745400000E+2
-6.125170000E-5	-1.336640000E-5	4.393900000E+0	1.999504150E+3	3.766790000E+2
-6.269710000E-5	-1.294170000E-5	4.381900000E+0	1.999504150E+3	3.792130000E+2
-6.382960000E-5	-1.268090000E-5	4.370900000E+0	1.999504150E+3	3.815420000E+2
-6.447780000E-5	-1.239040000E-5	4.360400000E+0	1.999504150E+3	3.829420000E+2
-6.574440000E-5	-1.195080000E-5	4.349900000E+0	1.999504150E+3	3.856150000E+2
-6.665340000E-5	-1.171980000E-5	4.339200000E+0	1.999504150E+3	3.873460000E+2
-6.772620000E-5	-1.131750000E-5	4.328600000E+0	1.999504150E+3	3.902880000E+2
-6.871720000E-5	-1.095990000E-5	4.315700000E+0	1.999504150E+3	3.924100000E+2
-6.948460000E-5	-1.064690000E-5	4.304800000E+0	1.999504150E+3	3.941470000E+2
-7.016260000E-5	-1.041600000E-5	4.294600000E+0	1.999504150E+3	3.965400000E+2
-7.115350000E-5	-9.991290000E-6	4.281800000E+0	1.999504150E+3	3.992240000E+2
-7.192090000E-5	-9.812470000E-6	4.271400000E+0	1.999504150E+3	4.009870000E+2
-7.274790000E-5	-9.454840000E-6	4.259200000E+0	1.999504150E+3	4.039540000E+2
-7.350040000E-5	-9.179170000E-6	4.247400000E+0	1.999504150E+3	4.060020000E+2
-7.406670000E-5	-9.022710000E-6	4.237100000E+0	1.999504150E+3	4.081540000E+2
-7.465530000E-5	-8.754490000E-6	4.226300000E+0	1.999504150E+3	4.101510000E+2
-7.531090000E-5	-8.560780000E-6	4.214600000E+0	1.999504150E+3	4.125540000E+2
-7.583990000E-5	-8.300000000E-6	4.203200000E+0	1.999504150E+3	4.145890000E+2
-7.657010000E-5	-8.054140000E-6	4.192900000E+0	1.999504150E+3	4.171300000E+2
-7.707670000E-5	-7.882770000E-6	4.182700000E+0	1.999504150E+3	4.193510000E+2
-7.745670000E-5	-7.756110000E-6	4.172200000E+0	1.999504150E+3	4.208020000E+2
-7.808260000E-5	-7.435710000E-6	4.160700000E+0	1.999504150E+3	4.232440000E+2
-7.847740000E-5	-7.323950000E-6	4.150200000E+0	1.999504150E+3	4.256090000E+2
-7.891700000E-5	-7.078080000E-6	4.139300000E+0	1.999504150E+3	4.277360000E+2
-7.942370000E-5	-6.891820000E-6	4.126700000E+0	1.999504150E+3	4.300050000E+2
-7.981850000E-5	-6.735350000E-6	4.116200000E+0	1.999504150E+3	4.324090000E+2
-8.030280000E-5	-6.504390000E-6	4.103100000E+0	1.999504150E+3	4.349290000E+2
-8.072750000E-5	-6.340470000E-6	4.092500000E+0	1.999504150E+3	4.372370000E+2
-8.101060000E-5	-6.258520000E-6	4.080700000E+0	1.999504150E+3	4.387980000E+2
-8.145020000E-5	-6.102050000E-6	4.069300000E+0	1.999504150E+3	4.417480000E+2
-8.187490000E-5	-5.908340000E-6	4.057200000E+0	1.999504150E+3	4.439910000E+2
-8.208350000E-5	-5.781680000E-6	4.046800000E+0	1.999504150E+3	4.459930000E+2
-8.246350000E-5	-5.669920000E-6	4.034400000E+0	1.999504150E+3	4.485290000E+2
-8.289560000E-5	-5.520910000E-6	4.023000000E+0	1.999504150E+3	4.508060000E+2
-8.315640000E-5	-5.424050000E-6	4.012800000E+0	1.999504150E+3	4.533390000E+2
-8.341720000E-5	-5.267590000E-6	4.000700000E+0	1.999504150E+3	4.553220000E+2
-8.370030000E-5	-5.215440000E-6	3.989700000E+0	1.999504150E+3	4.575870000E+2
-8.397600000E-5	-5.096230000E-6	3.978600000E+0	1.999504150E+3	4.596030000E+2
-8.428140000E-5	-4.969570000E-6	3.966900000E+0	1.999504150E+3	4.623110000E+2
-8.457200000E-5	-4.865260000E-6	3.955300000E+0	1.999504150E+3	4.643930000E+2
-8.475830000E-5	-4.649190000E-6	3.942800000E+0	1.999504150E+3	4.673920000E+2
-8.501900000E-5	-4.656640000E-6	3.930300000E+0	1.999504150E+3	4.693470000E+2
-8.536180000E-5	-4.462930000E-6	3.917400000E+0	1.999504150E+3	4.723670000E+2
-8.548100000E-5	-4.403320000E-6	3.906400000E+0	1.999504150E+3	4.737100000E+2
-8.569700000E-5	-4.291560000E-6	3.896200000E+0	1.999504150E+3	4.761440000E+2
-8.588330000E-5	-4.276660000E-6	3.885000000E+0	1.999504150E+3	4.785040000E+2
-8.603230000E-5	-4.187260000E-6	3.873000000E+0	1.999504150E+3	4.809290000E+2
-8.634520000E-5	-4.120200000E-6	3.862400000E+0	1.999504150E+3	4.829210000E+2
-8.647190000E-5	-3.963740000E-6	3.849200000E+0	1.999504150E+3	4.853650000E+2
-8.668050000E-5	-3.933940000E-6	3.837400000E+0	1.999504150E+3	4.877230000E+2
-8.685190000E-5	-3.792360000E-6	3.827300000E+0	1.999504150E+3	4.906670000E+2
-8.700090000E-5	-3.807260000E-6	3.815400000E+0	1.999504150E+3	4.921110000E+2
-8.727660000E-5	-3.680600000E-6	3.803100000E+0	1.999504150E+3	4.955300000E+2
-8.726910000E-5	-3.680600000E-6	3.792400000E+0	1.999504150E+3	4.969580000E+2
-8.753730000E-5	-3.561390000E-6	3.781500000E+0	1.999504150E+3	4.994420000E+2
-8.766400000E-5	-3.501790000E-6	3.770600000E+0	1.999504150E+3	5.013030000E+2
-8.773110000E-5	-3.501790000E-6	3.760200000E+0	1.999504150E+3	5.037110000E+2
-8.770870000E-5	-3.434730000E-6	3.749600000E+0	1.999504150E+3	5.052560000E+2
-8.789500000E-5	-3.434730000E-6	3.737700000E+0	1.999504150E+3	5.081080000E+2
-8.800670000E-5	-3.345330000E-6	3.724300000E+0	1.999504150E+3	5.101590000E+2
-8.823020000E-5	-3.226120000E-6	3.711300000E+0	1.999504150E+3	5.135880000E+2
-8.829730000E-5	-3.211210000E-6	3.700700000E+0	1.999504150E+3	5.153560000E+2
-8.848360000E-5	-3.211210000E-6	3.687700000E+0	1.999504150E+3	5.178480000E+2
-8.862510000E-5	-3.106910000E-6	3.677400000E+0	1.999504150E+3	5.202910000E+2
-8.867730000E-5	-3.054750000E-6	3.665700000E+0	1.999504150E+3	5.226570000E+2
-8.886350000E-5	-3.077100000E-6	3.653400000E+0	1.999504150E+3	5.247280000E+2
-8.896040000E-5	-2.920640000E-6	3.643200000E+0	1.999504150E+3	5.266520000E+2
-8.907220000E-5	-2.875940000E-6	3.630000000E+0	1.999504150E+3	5.294910000E+2
-8.915410000E-5	-2.831240000E-6	3.618600000E+0	1.999504150E+3	5.314740000E+2
-8.925100000E-5	-2.793980000E-6	3.607000000E+0	1.999504150E+3	5.341140000E+2
-8.937760000E-5	-2.749280000E-6	3.596300000E+0	1.999504150E+3	5.362430000E+2
-8.948940000E-5	-2.741830000E-6	3.583900000E+0	1.999504150E+3	5.395200000E+2
-8.954900000E-5	-2.682220000E-6	3.569800000E+0	1.999504150E+3	5.415690000E+2
-8.975760000E-5	-2.644970000E-6	3.557700000E+0	1.999504150E+3	5.447760000E+2
-8.982470000E-5	-2.592820000E-6	3.547700000E+0	1.999504150E+3	5.469500000E+2
-8.986190000E-5	-2.548110000E-6	3.536200000E+0	1.999504150E+3	5.490370000E+2
-9.000350000E-5	-2.503410000E-6	3.521200000E+0	1.999504150E+3	5.522770000E+2
-9.013010000E-5	-2.406550000E-6	3.509900000E+0	1.999504150E+3	5.554240000E+2
-9.015250000E-5	-2.428900000E-6	3.496900000E+0	1.999504150E+3	5.576340000E+2
-9.024930000E-5	-2.361850000E-6	3.486400000E+0	1.999504150E+3	5.603540000E+2
-9.036860000E-5	-2.376750000E-6	3.474100000E+0	1.999504150E+3	5.618690000E+2
-9.038350000E-5	-2.346950000E-6	3.460100000E+0	1.999504150E+3	5.650570000E+2
-9.051010000E-5	-2.317150000E-6	3.449500000E+0	1.999504150E+3	5.675820000E+2
-9.057720000E-5	-2.250090000E-6	3.433500000E+0	1.999504150E+3	5.707630000E+2
-9.064420000E-5	-2.272440000E-6	3.423300000E+0	1.999504150E+3	5.729620000E+2
-9.075600000E-5	-2.197940000E-6	3.409900000E+0	1.999504150E+3	5.761580000E+2
-9.077830000E-5	-2.160680000E-6	3.396200000E+0	1.999504150E+3	5.782500000E+2
-9.088260000E-5	-2.153230000E-6	3.381800000E+0	1.999504150E+3	5.820420000E+2
-9.095720000E-5	-2.153230000E-6	3.369200000E+0	1.999504150E+3	5.841040000E+2
-9.098700000E-5	-2.115980000E-6	3.358300000E+0	1.999504150E+3	5.873170000E+2
-9.106150000E-5	-2.004220000E-6	3.342900000E+0	1.999504150E+3	5.894470000E+2
-9.114340000E-5	-2.026570000E-6	3.326200000E+0	1.999504150E+3	5.937640000E+2
-9.127010000E-5	-2.004220000E-6	3.313400000E+0	1.999504150E+3	5.958420000E+2
-9.127750000E-5	-1.989320000E-6	3.302400000E+0	1.999504150E+3	5.991310000E+2
-9.137440000E-5	-1.944620000E-6	3.287000000E+0	1.999504150E+3	6.011690000E+2
-9.139670000E-5	-1.966970000E-6	3.273900000E+0	1.999504150E+3	6.048060000E+2
-9.146380000E-5	-1.922260000E-6	3.262000000E+0	1.999504150E+3	6.069140000E+2
-9.156810000E-5	-1.862650000E-6	3.247400000E+0	1.999504150E+3	6.101230000E+2
-9.159050000E-5	-1.817950000E-6	3.236900000E+0	1.999504150E+3	6.122970000E+2
-9.167990000E-5	-1.862650000E-6	3.220800000E+0	1.999504150E+3	6.154690000E+2
-9.176180000E-5	-1.780700000E-6	3.203200000E+0	1.999504150E+3	6.190530000E+2
-9.175440000E-5	-1.743440000E-6	3.188000000E+0	1.999504150E+3	6.228470000E+2
-9.191080000E-5	-1.780700000E-6	3.177400000E+0	1.999504150E+3	6.249170000E+2
-9.192570000E-5	-1.758340000E-6	3.167300000E+0	1.999504150E+3	6.270900000E+2
-9.197790000E-5	-1.788150000E-6	3.150100000E+0	1.999504150E+3	6.302950000E+2
-9.199280000E-5	-1.654040000E-6	3.138000000E+0	1.999504150E+3	6.334270000E+2
-9.206730000E-5	-1.668940000E-6	3.124800000E+0	1.999504150E+3	6.355790000E+2
-9.213430000E-5	-1.735990000E-6	3.112100000E+0	1.999504150E+3	6.387910000E+2
-9.217160000E-5	-1.654040000E-6	3.098500000E+0	1.999504150E+3	6.409390000E+2
-9.219390000E-5	-1.586980000E-6	3.085200000E+0	1.999504150E+3	6.445140000E+2
-9.226850000E-5	-1.594430000E-6	3.073300000E+0	1.999504150E+3	6.466490000E+2
-9.230570000E-5	-1.586980000E-6	3.058500000E+0	1.999504150E+3	6.498410000E+2
-9.235040000E-5	-1.609330000E-6	3.043400000E+0	1.999504150E+3	6.530970000E+2
-9.231320000E-5	-1.564630000E-6	3.033200000E+0	1.999504150E+3	6.557070000E+2
-9.242490000E-5	-1.564630000E-6	3.019400000E+0	1.999504150E+3	6.578330000E+2
-9.243240000E-5	-1.527380000E-6	3.005300000E+0	1.999504150E+3	6.614570000E+2
-9.253670000E-5	-1.534830000E-6	2.992000000E+0	1.999504150E+3	6.635780000E+2
-9.250690000E-5	-1.452870000E-6	2.978800000E+0	1.999504150E+3	6.667880000E+2
-9.262610000E-5	-1.512480000E-6	2.967800000E+0	1.999504150E+3	6.689590000E+2
-9.258880000E-5	-1.475220000E-6	2.952100000E+0	1.999504150E+3	6.721370000E+2
-9.260370000E-5	-1.475220000E-6	2.940400000E+0	1.999504150E+3	6.753370000E+2
-9.267080000E-5	-1.408170000E-6	2.925500000E+0	1.999504150E+3	6.774430000E+2
-9.267080000E-5	-1.400720000E-6	2.914100000E+0	1.999504150E+3	6.806510000E+2
-9.276760000E-5	-1.408170000E-6	2.901300000E+0	1.999504150E+3	6.827890000E+2
-9.281230000E-5	-1.341110000E-6	2.890800000E+0	1.999504150E+3	6.854470000E+2
-9.279000000E-5	-1.400720000E-6	2.879400000E+0	1.999504150E+3	6.875690000E+2
-9.284960000E-5	-1.378360000E-6	2.869100000E+0	1.999504150E+3	6.897400000E+2
-9.287940000E-5	-1.400720000E-6	2.855600000E+0	1.999504150E+3	6.930670000E+2
-9.288690000E-5	-1.333660000E-6	2.843900000E+0	1.999504150E+3	6.950660000E+2
-9.300610000E-5	-1.341110000E-6	2.830800000E+0	1.999504150E+3	6.982720000E+2
-9.298370000E-5	-1.370910000E-6	2.818500000E+0	1.999504150E+3	7.004310000E+2
-9.295390000E-5	-1.333660000E-6	2.806900000E+0	1.999504150E+3	7.036180000E+2
-9.302840000E-5	-1.318760000E-6	2.790400000E+0	1.999504150E+3	7.057660000E+2
-9.311040000E-5	-1.288960000E-6	2.774300000E+0	1.999504150E+3	7.099010000E+2
-9.314760000E-5	-1.266610000E-6	2.758400000E+0	1.999504150E+3	7.131460000E+2
-9.311780000E-5	-1.296410000E-6	2.745200000E+0	1.999504150E+3	7.162890000E+2
-9.319230000E-5	-1.274060000E-6	2.734600000E+0	1.999504150E+3	7.184100000E+2
-9.319980000E-5	-1.244250000E-6	2.724500000E+0	1.999504150E+3	7.205230000E+2
-9.322210000E-5	-1.296410000E-6	2.709300000E+0	1.999504150E+3	7.237900000E+2
-9.329660000E-5	-1.236800000E-6	2.697400000E+0	1.999504150E+3	7.269540000E+2
-9.325940000E-5	-1.184650000E-6	2.682600000E+0	1.999504150E+3	7.290700000E+2
-9.331900000E-5	-1.199550000E-6	2.672300000E+0	1.999504150E+3	7.322710000E+2
-9.334880000E-5	-1.221900000E-6	2.657300000E+0	1.999504150E+3	7.344170000E+2
-9.340090000E-5	-1.192100000E-6	2.643700000E+0	1.999504150E+3	7.380660000E+2
-9.336370000E-5	-1.177200000E-6	2.632200000E+0	1.999504150E+3	7.401810000E+2
-9.337860000E-5	-1.192100000E-6	2.615200000E+0	1.999504150E+3	7.431910000E+2
-9.337110000E-5	-1.110140000E-6	2.600000000E+0	1.999504150E+3	7.469800000E+2
-9.343070000E-5	-1.207000000E-6	2.587300000E+0	1.999504150E+3	7.502080000E+2
-9.343820000E-5	-1.169750000E-6	2.574500000E+0	1.999504150E+3	7.522820000E+2
-9.345310000E-5	-1.147400000E-6	2.562000000E+0	1.999504150E+3	7.554630000E+2
-9.352020000E-5	-1.102690000E-6	2.547900000E+0	1.999504150E+3	7.575970000E+2
-9.357980000E-5	-1.110140000E-6	2.531500000E+0	1.999504150E+3	7.611950000E+2
-9.360210000E-5	-1.102690000E-6	2.519500000E+0	1.999504150E+3	7.643860000E+2
-9.358720000E-5	-1.080340000E-6	2.506600000E+0	1.999504150E+3	7.665880000E+2
-9.358720000E-5	-1.117590000E-6	2.493800000E+0	1.999504150E+3	7.697730000E+2
-9.363190000E-5	-1.147400000E-6	2.483000000E+0	1.999504150E+3	7.718740000E+2
-9.360210000E-5	-1.087790000E-6	2.472600000E+0	1.999504150E+3	7.739920000E+2
-9.363940000E-5	-1.080340000E-6	2.455400000E+0	1.999504150E+3	7.771990000E+2
-9.370640000E-5	-1.117590000E-6	2.444000000E+0	1.999504150E+3	7.804470000E+2
-9.369150000E-5	-1.050540000E-6	2.431900000E+0	1.999504150E+3	7.825730000E+2
-9.373620000E-5	-1.043090000E-6	2.421600000E+0	1.999504150E+3	7.846710000E+2
-9.376600000E-5	-1.050540000E-6	2.404800000E+0	1.999504150E+3	7.879070000E+2
-9.376600000E-5	-1.028190000E-6	2.392400000E+0	1.999504150E+3	7.911220000E+2
-9.380330000E-5	-1.043090000E-6	2.380200000E+0	1.999504150E+3	7.932160000E+2
-9.381820000E-5	-1.043090000E-6	2.369000000E+0	1.999504150E+3	7.958760000E+2
-9.384050000E-5	-1.043090000E-6	2.358100000E+0	1.999504150E+3	7.980620000E+2
-9.383310000E-5	-1.020740000E-6	2.342900000E+0	1.999504150E+3	8.012370000E+2
-9.387030000E-5	-9.834840000E-7	2.330200000E+0	1.999504150E+3	8.043960000E+2
-9.385540000E-5	-9.760330000E-7	2.320200000E+0	1.999504150E+3	8.065410000E+2
-9.392250000E-5	-9.760330000E-7	2.307900000E+0	1.999504150E+3	8.087070000E+2
-9.389270000E-5	-1.020740000E-6	2.295400000E+0	1.999504150E+3	8.119200000E+2
-9.389270000E-5	-9.611320000E-7	2.282900000E+0	1.999504150E+3	8.140070000E+2
-9.393740000E-5	-9.834840000E-7	2.270200000E+0	1.999504150E+3	8.172020000E+2
-9.393740000E-5	-9.685830000E-7	2.257400000E+0	1.999504150E+3	8.193480000E+2
-9.398950000E-5	-1.005840000E-6	2.245300000E+0	1.999504150E+3	8.225510000E+2
-9.392250000E-5	-1.020740000E-6	2.232100000E+0	1.999504150E+3	8.247280000E+2
-9.398950000E-5	-9.685830000E-7	2.219900000E+0	1.999504150E+3	8.279050000E+2
-9.404170000E-5	-9.536820000E-7	2.206500000E+0	1.999504150E+3	8.299920000E+2
-9.405660000E-5	-8.493700000E-7	2.192800000E+0	1.999504150E+3	8.332080000E+2
-9.404910000E-5	-9.462270000E-7	2.178800000E+0	1.999504150E+3	8.364180000E+2
-9.406400000E-5	-8.791720000E-7	2.168500000E+0	1.999504150E+3	8.385200000E+2
-9.410130000E-5	-9.611320000E-7	2.158400000E+0	1.999504150E+3	8.407600000E+2
-9.405660000E-5	-9.685830000E-7	2.148100000E+0	1.999504150E+3	8.428590000E+2
-9.407150000E-5	-8.940730000E-7	2.134500000E+0	1.999504150E+3	8.460210000E+2
-9.413860000E-5	-8.642710000E-7	2.121900000E+0	1.999504150E+3	8.481370000E+2
-9.411620000E-5	-9.462270000E-7	2.108900000E+0	1.999504150E+3	8.513900000E+2
-9.417580000E-5	-9.164250000E-7	2.097900000E+0	1.999504150E+3	8.535260000E+2
-9.418330000E-5	-9.462270000E-7	2.087900000E+0	1.999504150E+3	8.556340000E+2
-9.409380000E-5	-9.536820000E-7	2.071100000E+0	1.999504150E+3	8.588000000E+2
-9.413860000E-5	-9.238760000E-7	2.054700000E+0	1.999504150E+3	8.624260000E+2
-9.419070000E-5	-9.313260000E-7	2.043300000E+0	1.999504150E+3	8.656190000E+2
-9.416840000E-5	-9.015240000E-7	2.028600000E+0	1.999504150E+3	8.677990000E+2
-9.419070000E-5	-8.791720000E-7	2.012900000E+0	1.999504150E+3	8.715230000E+2
-9.421310000E-5	-9.089740000E-7	2.002300000E+0	1.999504150E+3	8.736100000E+2
-9.430250000E-5	-8.940730000E-7	2.013700000E+0	1.999504150E+3	1.004407000E+3
-9.422800000E-5	-8.419190000E-7	2.024300000E+0	1.999504150E+3	1.006507000E+3
-9.415350000E-5	-8.940730000E-7	2.036500000E+0	1.999504150E+3	1.009254000E+3
-9.422800000E-5	-9.760330000E-7	2.046800000E+0	1.999504150E+3	1.010836000E+3
-9.422800000E-5	-8.940730000E-7	2.057500000E+0	1.999504150E+3	1.013246000E+3
-9.422800000E-5	-9.015240000E-7	2.068300000E+0	1.999504150E+3	1.015605000E+3
-9.412370000E-5	-9.611320000E-7	2.078800000E+0	1.999504150E+3	1.017609000E+3
-9.416840000E-5	-8.940730000E-7	2.090100000E+0	1.999504150E+3	1.019740000E+3
-9.415350000E-5	-9.089740000E-7	2.100700000E+0	1.999504150E+3	1.021919000E+3
-9.418330000E-5	-9.611320000E-7	2.112100000E+0	1.999504150E+3	1.024031000E+3
-9.416090000E-5	-9.760330000E-7	2.122800000E+0	1.999504150E+3	1.026561000E+3
-9.414600000E-5	-9.834840000E-7	2.135100000E+0	1.999504150E+3	1.028573000E+3
-9.405660000E-5	-9.536820000E-7	2.145200000E+0	1.999504150E+3	1.031023000E+3
-9.407890000E-5	-8.940730000E-7	2.156200000E+0	1.999504150E+3	1.033156000E+3
-9.401190000E-5	-9.313260000E-7	2.167400000E+0	1.999504150E+3	1.035276000E+3
-9.401930000E-5	-8.940730000E-7	2.178200000E+0	1.999504150E+3	1.037691000E+3
-9.399700000E-5	-8.866230000E-7	2.188200000E+0	1.999504150E+3	1.039500000E+3
-9.400440000E-5	-9.611320000E-7	2.198900000E+0	1.999504150E+3	1.041910000E+3
-9.399700000E-5	-9.238760000E-7	2.210800000E+0	1.999504150E+3	1.043953000E+3
-9.401190000E-5	-9.760330000E-7	2.222100000E+0	1.999504150E+3	1.046313000E+3
-9.405660000E-5	-9.015240000E-7	2.232500000E+0	1.999504150E+3	1.048679000E+3
-9.394480000E-5	-8.717220000E-7	2.243100000E+0	1.999504150E+3	1.050166000E+3
-9.392990000E-5	-9.909340000E-7	2.254200000E+0	1.999504150E+3	1.052764000E+3
-9.391500000E-5	-9.685830000E-7	2.264800000E+0	1.999504150E+3	1.054841000E+3
-9.392990000E-5	-9.834840000E-7	2.276800000E+0	1.999504150E+3	1.057232000E+3
-9.387780000E-5	-9.536820000E-7	2.288700000E+0	1.999504150E+3	1.059243000E+3
-9.391500000E-5	-1.020740000E-6	2.299100000E+0	1.999504150E+3	1.061779000E+3
-9.389270000E-5	-1.050540000E-6	2.310200000E+0	1.999504150E+3	1.064162000E+3
-9.392250000E-5	-1.020740000E-6	2.322300000E+0	1.999504150E+3	1.066071000E+3
-9.385540000E-5	-9.834840000E-7	2.332400000E+0	1.999504150E+3	1.068450000E+3
-9.387030000E-5	-1.057990000E-6	2.346400000E+0	1.999504150E+3	1.071025000E+3
-9.388520000E-5	-9.834840000E-7	2.359300000E+0	1.999504150E+3	1.073800000E+3
-9.378840000E-5	-1.043090000E-6	2.371000000E+0	1.999504150E+3	1.075899000E+3
-9.378840000E-5	-1.020740000E-6	2.381300000E+0	1.999504150E+3	1.078321000E+3
-9.375110000E-5	-1.057990000E-6	2.392600000E+0	1.999504150E+3	1.080059000E+3
-9.375110000E-5	-9.909340000E-7	2.403100000E+0	1.999504150E+3	1.082600000E+3
-9.374370000E-5	-1.020740000E-6	2.414800000E+0	1.999504150E+3	1.084978000E+3
-9.373620000E-5	-1.065440000E-6	2.426900000E+0	1.999504150E+3	1.086996000E+3
-9.374370000E-5	-1.028190000E-6	2.438000000E+0	1.999504150E+3	1.089654000E+3
-9.368410000E-5	-1.043090000E-6	2.449100000E+0	1.999504150E+3	1.091253000E+3
-9.366920000E-5	-1.050540000E-6	2.459600000E+0	1.999504150E+3	1.093784000E+3
-9.365430000E-5	-1.139950000E-6	2.471800000E+0	1.999504150E+3	1.095794000E+3
-9.360960000E-5	-1.072890000E-6	2.482000000E+0	1.999504150E+3	1.098220000E+3
-9.365430000E-5	-1.080340000E-6	2.492800000E+0	1.999504150E+3	1.100432000E+3
-9.359470000E-5	-1.102690000E-6	2.505000000E+0	1.999504150E+3	1.103166000E+3
-9.358720000E-5	-1.087790000E-6	2.516900000E+0	1.999504150E+3	1.104913000E+3
-9.355000000E-5	-1.080340000E-6	2.531200000E+0	1.999504150E+3	1.107772000E+3
-9.351270000E-5	-1.117590000E-6	2.543000000E+0	1.999504150E+3	1.110766000E+3
-9.351270000E-5	-1.154850000E-6	2.553800000E+0	1.999504150E+3	1.112341000E+3
-9.352020000E-5	-1.147400000E-6	2.565600000E+0	1.999504150E+3	1.115167000E+3
-9.348290000E-5	-1.125040000E-6	2.575700000E+0	1.999504150E+3	1.116734000E+3
-9.347540000E-5	-1.095240000E-6	2.587400000E+0	1.999504150E+3	1.119749000E+3
-9.346800000E-5	-1.095240000E-6	2.599500000E+0	1.999504150E+3	1.121373000E+3
-9.343820000E-5	-1.139950000E-6	2.611900000E+0	1.999504150E+3	1.124186000E+3
-9.335620000E-5	-1.169750000E-6	2.622900000E+0	1.999504150E+3	1.126788000E+3
-9.336370000E-5	-1.221900000E-6	2.634800000E+0	1.999504150E+3	1.128433000E+3
-9.335620000E-5	-1.207000000E-6	2.645100000E+0	1.999504150E+3	1.130842000E+3
-9.333390000E-5	-1.229350000E-6	2.655200000E+0	1.999504150E+3	1.132837000E+3
-9.334130000E-5	-1.251700000E-6	2.667600000E+0	1.999504150E+3	1.135671000E+3
-9.329660000E-5	-1.251700000E-6	2.678800000E+0	1.999504150E+3	1.137250000E+3
-9.333390000E-5	-1.221900000E-6	2.689300000E+0	1.999504150E+3	1.140051000E+3
-9.324450000E-5	-1.251700000E-6	2.699300000E+0	1.999504150E+3	1.141515000E+3
-9.323700000E-5	-1.207000000E-6	2.710900000E+0	1.999504150E+3	1.144094000E+3
-9.323700000E-5	-1.214450000E-6	2.722000000E+0	1.999504150E+3	1.146100000E+3
-9.319980000E-5	-1.281510000E-6	2.733700000E+0	1.999504150E+3	1.148970000E+3
-9.318490000E-5	-1.281510000E-6	2.745300000E+0	1.999504150E+3	1.150557000E+3
-9.312530000E-5	-1.288960000E-6	2.756200000E+0	1.999504150E+3	1.153387000E+3
-9.307310000E-5	-1.251700000E-6	2.768100000E+0	1.999504150E+3	1.155044000E+3
-9.308800000E-5	-1.281510000E-6	2.779100000E+0	1.999504150E+3	1.157964000E+3
-9.306570000E-5	-1.311310000E-6	2.790200000E+0	1.999504150E+3	1.159920000E+3
-9.299860000E-5	-1.296410000E-6	2.804500000E+0	1.999504150E+3	1.162631000E+3
-9.302840000E-5	-1.370910000E-6	2.815000000E+0	1.999504150E+3	1.164960000E+3
-9.300610000E-5	-1.341110000E-6	2.826200000E+0	1.999504150E+3	1.166975000E+3
-9.296880000E-5	-1.318760000E-6	2.839300000E+0	1.999504150E+3	1.169747000E+3
-9.296140000E-5	-1.356010000E-6	2.850200000E+0	1.999504150E+3	1.171893000E+3
-9.290180000E-5	-1.341110000E-6	2.863600000E+0	1.999504150E+3	1.174490000E+3
-9.285710000E-5	-1.326210000E-6	2.875200000E+0	1.999504150E+3	1.176832000E+3
-9.285710000E-5	-1.378360000E-6	2.887800000E+0	1.999504150E+3	1.179643000E+3
-9.279000000E-5	-1.437970000E-6	2.898300000E+0	1.999504150E+3	1.181378000E+3
-9.278250000E-5	-1.385820000E-6	2.910600000E+0	1.999504150E+3	1.183782000E+3
-9.270800000E-5	-1.378360000E-6	2.921100000E+0	1.999504150E+3	1.186315000E+3
-9.276760000E-5	-1.385820000E-6	2.931400000E+0	1.999504150E+3	1.187896000E+3
-9.269310000E-5	-1.408170000E-6	2.942100000E+0	1.999504150E+3	1.190284000E+3
-9.266330000E-5	-1.430520000E-6	2.955000000E+0	1.999504150E+3	1.192702000E+3
-9.258880000E-5	-1.452870000E-6	2.966900000E+0	1.999504150E+3	1.195348000E+3
-9.255900000E-5	-1.423070000E-6	2.978200000E+0	1.999504150E+3	1.197356000E+3
-9.262610000E-5	-1.505020000E-6	2.988800000E+0	1.999504150E+3	1.199779000E+3
-9.251430000E-5	-1.512480000E-6	3.000500000E+0	1.999504150E+3	1.201895000E+3
-9.249200000E-5	-1.557180000E-6	3.010700000E+0	1.999504150E+3	1.204359000E+3
-9.244730000E-5	-1.512480000E-6	3.022400000E+0	1.999504150E+3	1.206294000E+3
-9.239510000E-5	-1.564630000E-6	3.032500000E+0	1.999504150E+3	1.208728000E+3
-9.241750000E-5	-1.497570000E-6	3.043300000E+0	1.999504150E+3	1.210455000E+3
-9.235040000E-5	-1.639140000E-6	3.055900000E+0	1.999504150E+3	1.212852000E+3
-9.230570000E-5	-1.542280000E-6	3.067100000E+0	1.999504150E+3	1.215389000E+3
-9.226850000E-5	-1.639140000E-6	3.079600000E+0	1.999504150E+3	1.217760000E+3
-9.221630000E-5	-1.609330000E-6	3.091400000E+0	1.999504150E+3	1.220319000E+3
-9.215670000E-5	-1.654040000E-6	3.102500000E+0	1.999504150E+3	1.222279000E+3
-9.213430000E-5	-1.654040000E-6	3.114300000E+0	1.999504150E+3	1.224877000E+3
-9.214920000E-5	-1.713640000E-6	3.124700000E+0	1.999504150E+3	1.226837000E+3
-9.207470000E-5	-1.654040000E-6	3.135500000E+0	1.999504150E+3	1.228815000E+3
-9.208220000E-5	-1.698740000E-6	3.146500000E+0	1.999504150E+3	1.231244000E+3
-9.205240000E-5	-1.788150000E-6	3.159000000E+0	1.999504150E+3	1.233630000E+3
-9.190340000E-5	-1.735990000E-6	3.171200000E+0	1.999504150E+3	1.235766000E+3
-9.189590000E-5	-1.743440000E-6	3.182100000E+0	1.999504150E+3	1.238704000E+3
-9.185120000E-5	-1.780700000E-6	3.193500000E+0	1.999504150E+3	1.240289000E+3
-9.179160000E-5	-1.795600000E-6	3.204100000E+0	1.999504150E+3	1.242702000E+3
-9.176180000E-5	-1.728540000E-6	3.216000000E+0	1.999504150E+3	1.245084000E+3
-9.167990000E-5	-1.765790000E-6	3.227500000E+0	1.999504150E+3	1.247384000E+3
-9.165750000E-5	-1.825400000E-6	3.239000000E+0	1.999504150E+3	1.249369000E+3
-9.159050000E-5	-1.855200000E-6	3.249500000E+0	1.999504150E+3	1.251800000E+3
-9.156070000E-5	-1.840300000E-6	3.260500000E+0	1.999504150E+3	1.254171000E+3
-9.146380000E-5	-1.899910000E-6	3.271100000E+0	1.999504150E+3	1.255782000E+3
-9.142650000E-5	-1.907360000E-6	3.282900000E+0	1.999504150E+3	1.258572000E+3
-9.138930000E-5	-1.966970000E-6	3.295000000E+0	1.999504150E+3	1.260608000E+3
-9.136690000E-5	-1.944620000E-6	3.305200000E+0	1.999504150E+3	1.263159000E+3
-9.128500000E-5	-2.004220000E-6	3.315500000E+0	1.999504150E+3	1.264468000E+3
-9.118810000E-5	-2.019120000E-6	3.325600000E+0	1.999504150E+3	1.267300000E+3
-9.112110000E-5	-2.034020000E-6	3.336900000E+0	1.999504150E+3	1.269237000E+3
-9.114340000E-5	-2.078730000E-6	3.347900000E+0	1.999504150E+3	1.271379000E+3
-9.106890000E-5	-2.071280000E-6	3.359400000E+0	1.999504150E+3	1.273362000E+3
-9.095720000E-5	-2.130880000E-6	3.369600000E+0	1.999504150E+3	1.275966000E+3
-9.096460000E-5	-2.108530000E-6	3.380800000E+0	1.999504150E+3	1.277937000E+3
-9.090500000E-5	-2.108530000E-6	3.391100000E+0	1.999504150E+3	1.279948000E+3
-9.082300000E-5	-2.138330000E-6	3.403900000E+0	1.999504150E+3	1.282729000E+3
-9.068890000E-5	-2.227740000E-6	3.414600000E+0	1.999504150E+3	1.284296000E+3
-9.068890000E-5	-2.220290000E-6	3.424900000E+0	1.999504150E+3	1.286842000E+3
-9.063680000E-5	-2.264990000E-6	3.436300000E+0	1.999504150E+3	1.289230000E+3
-9.057720000E-5	-2.279890000E-6	3.447100000E+0	1.999504150E+3	1.291275000E+3
-9.042070000E-5	-2.361850000E-6	3.457200000E+0	1.999504150E+3	1.293957000E+3
-9.045050000E-5	-2.361850000E-6	3.468000000E+0	1.999504150E+3	1.295102000E+3
-9.033880000E-5	-2.399100000E-6	3.479900000E+0	1.999504150E+3	1.297885000E+3
-9.026420000E-5	-2.399100000E-6	3.492800000E+0	1.999504150E+3	1.300305000E+3
-9.017480000E-5	-2.436350000E-6	3.503600000E+0	1.999504150E+3	1.302315000E+3
-9.004820000E-5	-2.540660000E-6	3.514400000E+0	1.999504150E+3	1.305119000E+3
-9.001090000E-5	-2.503410000E-6	3.525500000E+0	1.999504150E+3	1.306841000E+3
-8.994390000E-5	-2.473610000E-6	3.536700000E+0	1.999504150E+3	1.309242000E+3
-8.987680000E-5	-2.563010000E-6	3.549500000E+0	1.999504150E+3	1.311804000E+3
-8.976510000E-5	-2.637520000E-6	3.560400000E+0	1.999504150E+3	1.313793000E+3
-8.959370000E-5	-2.607720000E-6	3.571700000E+0	1.999504150E+3	1.316584000E+3
-8.957130000E-5	-2.689670000E-6	3.582500000E+0	1.999504150E+3	1.318232000E+3
-8.949680000E-5	-2.712030000E-6	3.595100000E+0	1.999504150E+3	1.320987000E+3
-8.940740000E-5	-2.786530000E-6	3.605700000E+0	1.999504150E+3	1.323186000E+3
-8.931060000E-5	-2.823780000E-6	3.615800000E+0	1.999504150E+3	1.324751000E+3
-8.922120000E-5	-2.861040000E-6	3.627400000E+0	1.999504150E+3	1.327313000E+3
-8.906470000E-5	-2.853590000E-6	3.638000000E+0	1.999504150E+3	1.329665000E+3
-8.899020000E-5	-2.935540000E-6	3.649100000E+0	1.999504150E+3	1.331655000E+3
-8.891570000E-5	-2.980250000E-6	3.659700000E+0	1.999504150E+3	1.334111000E+3
-8.881880000E-5	-3.039850000E-6	3.670300000E+0	1.999504150E+3	1.335698000E+3
-8.868470000E-5	-3.047300000E-6	3.680400000E+0	1.999504150E+3	1.338077000E+3
-8.855810000E-5	-3.092010000E-6	3.690500000E+0	1.999504150E+3	1.340326000E+3
-8.847610000E-5	-3.218670000E-6	3.701400000E+0	1.999504150E+3	1.342005000E+3
-8.836440000E-5	-3.233570000E-6	3.711500000E+0	1.999504150E+3	1.343946000E+3
-8.820790000E-5	-3.293170000E-6	3.722900000E+0	1.999504150E+3	1.346751000E+3
-8.814080000E-5	-3.300620000E-6	3.733900000E+0	1.999504150E+3	1.348303000E+3
-8.793970000E-5	-3.390030000E-6	3.744600000E+0	1.999504150E+3	1.350855000E+3
-8.785030000E-5	-3.397480000E-6	3.756800000E+0	1.999504150E+3	1.353264000E+3
-8.766400000E-5	-3.427280000E-6	3.767700000E+0	1.999504150E+3	1.355645000E+3
-8.749260000E-5	-3.539040000E-6	3.779200000E+0	1.999504150E+3	1.357699000E+3
-8.739580000E-5	-3.673150000E-6	3.792400000E+0	1.999504150E+3	1.360251000E+3
-8.722440000E-5	-3.680600000E-6	3.802900000E+0	1.999504150E+3	1.362634000E+3
-8.709030000E-5	-3.807260000E-6	3.814600000E+0	1.999504150E+3	1.364574000E+3
-8.685930000E-5	-3.814730000E-6	3.827000000E+0	1.999504150E+3	1.367411000E+3
-8.672520000E-5	-3.814730000E-6	3.837100000E+0	1.999504150E+3	1.369019000E+3
-8.644960000E-5	-3.978640000E-6	3.847700000E+0	1.999504150E+3	1.371571000E+3
-8.634520000E-5	-4.045690000E-6	3.861400000E+0	1.999504150E+3	1.374154000E+3
-8.618130000E-5	-4.172350000E-6	3.872100000E+0	1.999504150E+3	1.376138000E+3
-8.591310000E-5	-4.187260000E-6	3.883200000E+0	1.999504150E+3	1.378886000E+3
-8.582370000E-5	-4.254310000E-6	3.894200000E+0	1.999504150E+3	1.380511000E+3
-8.556290000E-5	-4.336270000E-6	3.905400000E+0	1.999504150E+3	1.383056000E+3
-8.541390000E-5	-4.418220000E-6	3.918300000E+0	1.999504150E+3	1.385445000E+3
-8.512330000E-5	-4.582140000E-6	3.929400000E+0	1.999504150E+3	1.387803000E+3
-8.495940000E-5	-4.626840000E-6	3.939900000E+0	1.999504150E+3	1.389836000E+3
-8.468380000E-5	-4.753500000E-6	3.951100000E+0	1.999504150E+3	1.392199000E+3
-8.445280000E-5	-4.813100000E-6	3.963800000E+0	1.999504150E+3	1.394202000E+3
-8.409520000E-5	-4.984470000E-6	3.975400000E+0	1.999504150E+3	1.397290000E+3
-8.394620000E-5	-5.029170000E-6	3.986900000E+0	1.999504150E+3	1.399147000E+3
-8.362580000E-5	-5.267590000E-6	3.998200000E+0	1.999504150E+3	1.401283000E+3
-8.329050000E-5	-5.304840000E-6	4.009900000E+0	1.999504150E+3	1.404071000E+3
-8.308190000E-5	-5.431500000E-6	4.020600000E+0	1.999504150E+3	1.405704000E+3
-8.272430000E-5	-5.580510000E-6	4.033100000E+0	1.999504150E+3	1.408474000E+3
-8.233680000E-5	-5.744430000E-6	4.046700000E+0	1.999504150E+3	1.411126000E+3
-8.203140000E-5	-5.848730000E-6	4.056800000E+0	1.999504150E+3	1.413147000E+3
-8.159180000E-5	-6.020100000E-6	4.069000000E+0	1.999504150E+3	1.415976000E+3
-8.138320000E-5	-6.087150000E-6	4.080200000E+0	1.999504150E+3	1.417969000E+3
-8.104040000E-5	-6.303220000E-6	4.091400000E+0	1.999504150E+3	1.419610000E+3
-8.059340000E-5	-6.422430000E-6	4.103000000E+0	1.999504150E+3	1.422410000E+3
-8.018360000E-5	-6.631050000E-6	4.113300000E+0	1.999504150E+3	1.424773000E+3
-7.987070000E-5	-6.780060000E-6	4.123800000E+0	1.999504150E+3	1.426397000E+3
-7.934170000E-5	-6.966320000E-6	4.136000000E+0	1.999504150E+3	1.428771000E+3
-7.887980000E-5	-7.182390000E-6	4.146600000E+0	1.999504150E+3	1.431534000E+3
-7.856680000E-5	-7.301600000E-6	4.157000000E+0	1.999504150E+3	1.433146000E+3
-7.803780000E-5	-7.487860000E-6	4.167200000E+0	1.999504150E+3	1.435051000E+3
-7.750890000E-5	-7.718860000E-6	4.177800000E+0	1.999504150E+3	1.437832000E+3
-7.721080000E-5	-7.823170000E-6	4.188200000E+0	1.999504150E+3	1.439423000E+3
-7.659990000E-5	-8.039230000E-6	4.198400000E+0	1.999504150E+3	1.441490000E+3
-7.603360000E-5	-8.337260000E-6	4.208800000E+0	1.999504150E+3	1.443814000E+3
-7.562390000E-5	-8.463920000E-6	4.220300000E+0	1.999504150E+3	1.445922000E+3
-7.499800000E-5	-8.620380000E-6	4.230500000E+0	1.999504150E+3	1.447737000E+3
-7.431260000E-5	-8.933300000E-6	4.241200000E+0	1.999504150E+3	1.450533000E+3
-7.381340000E-5	-9.156820000E-6	4.252500000E+0	1.999504150E+3	1.452129000E+3
-7.308320000E-5	-9.380340000E-6	4.263600000E+0	1.999504150E+3	1.454506000E+3
-7.222640000E-5	-9.656010000E-6	4.275400000E+0	1.999504150E+3	1.456884000E+3
-7.151110000E-5	-1.003600000E-5	4.285500000E+0	1.999504150E+3	1.459307000E+3
-7.082570000E-5	-1.017760000E-5	4.296700000E+0	1.999504150E+3	1.461318000E+3
-6.999870000E-5	-1.061710000E-5	4.308000000E+0	1.999504150E+3	1.463710000E+3
-6.903750000E-5	-1.090030000E-5	4.318300000E+0	1.999504150E+3	1.465783000E+3
-6.832230000E-5	-1.111630000E-5	4.330100000E+0	1.999504150E+3	1.467748000E+3
-6.735370000E-5	-1.151120000E-5	4.340300000E+0	1.999504150E+3	1.469869000E+3
-6.640750000E-5	-1.178690000E-5	4.351400000E+0	1.999504150E+3	1.472230000E+3
-6.539420000E-5	-1.209980000E-5	4.363700000E+0	1.999504150E+3	1.474786000E+3
-6.441820000E-5	-1.244250000E-5	4.373900000E+0	1.999504150E+3	1.476764000E+3
-6.353160000E-5	-1.277040000E-5	4.384000000E+0	1.999504150E+3	1.478817000E+3
-6.219790000E-5	-1.309820000E-5	4.394700000E+0	1.999504150E+3	1.481166000E+3
-6.116970000E-5	-1.350800000E-5	4.406000000E+0	1.999504150E+3	1.483163000E+3
-6.008920000E-5	-1.387300000E-5	4.416000000E+0	1.999504150E+3	1.484956000E+3
-5.878530000E-5	-1.437220000E-5	4.428900000E+0	1.999504150E+3	1.487692000E+3
-5.748890000E-5	-1.464790000E-5	4.438900000E+0	1.999504150E+3	1.489450000E+3
-5.594660000E-5	-1.513960000E-5	4.449900000E+0	1.999504150E+3	1.491906000E+3
-5.447140000E-5	-1.544520000E-5	4.461400000E+0	1.999504150E+3	1.494652000E+3
-5.336130000E-5	-1.577300000E-5	4.472800000E+0	1.999504150E+3	1.496241000E+3
-5.157320000E-5	-1.624980000E-5	4.483900000E+0	1.999504150E+3	1.498655000E+3
-4.997130000E-5	-1.666710000E-5	4.495800000E+0	1.999504150E+3	1.501094000E+3
-4.839180000E-5	-1.706940000E-5	4.506000000E+0	1.999504150E+3	1.502685000E+3
-4.634280000E-5	-1.742700000E-5	4.517300000E+0	1.999504150E+3	1.505477000E+3
-4.474840000E-5	-1.780700000E-5	4.530000000E+0	1.999504150E+3	1.507621000E+3
-4.249090000E-5	-1.817950000E-5	4.540600000E+0	1.999504150E+3	1.509988000E+3
-4.033020000E-5	-1.849990000E-5	4.551200000E+0	1.999504150E+3	1.512024000E+3
-3.818450000E-5	-1.869360000E-5	4.562200000E+0	1.999504150E+3	1.514379000E+3
-3.612060000E-5	-1.887990000E-5	4.573800000E+0	1.999504150E+3	1.516909000E+3
-3.390040000E-5	-1.890220000E-5	4.584800000E+0	1.999504150E+3	1.518946000E+3
-3.170990000E-5	-1.883520000E-5	4.595700000E+0	1.999504150E+3	1.521323000E+3
-3.021220000E-5	-1.874580000E-5	4.606500000E+0	1.999504150E+3	1.522666000E+3
-2.770140000E-5	-1.859680000E-5	4.617800000E+0	1.999504150E+3	1.525448000E+3
-2.510110000E-5	-1.834340000E-5	4.629300000E+0	1.999504150E+3	1.527946000E+3
-2.344710000E-5	-1.797090000E-5	4.640400000E+0	1.999504150E+3	1.529854000E+3
-2.087660000E-5	-1.736000000E-5	4.651000000E+0	1.999504150E+3	1.532450000E+3
-1.951320000E-5	-1.705450000E-5	4.661600000E+0	1.999504150E+3	1.533979000E+3
-1.748660000E-5	-1.629450000E-5	4.671800000E+0	1.999504150E+3	1.536435000E+3
-1.589970000E-5	-1.570590000E-5	4.684000000E+0	1.999504150E+3	1.538777000E+3
-1.425300000E-5	-1.487140000E-5	4.695500000E+0	1.999504150E+3	1.540837000E+3
-1.269580000E-5	-1.394010000E-5	4.706700000E+0	1.999504150E+3	1.543222000E+3
-1.145160000E-5	-1.302370000E-5	4.719700000E+0	1.999504150E+3	1.546024000E+3
-1.060970000E-5	-1.233080000E-5	4.730000000E+0	1.999504150E+3	1.547704000E+3
-9.656010000E-6	-1.169750000E-5	4.740500000E+0	1.999504150E+3	1.549716000E+3
-9.052510000E-6	-1.106420000E-5	4.751100000E+0	1.999504150E+3	1.552511000E+3
-8.560780000E-6	-1.058730000E-5	4.762200000E+0	1.999504150E+3	1.554096000E+3
-7.920030000E-6	-9.961480000E-6	4.772500000E+0	1.999504150E+3	1.556940000E+3
-7.607070000E-6	-9.693260000E-6	4.784100000E+0	1.999504150E+3	1.558917000E+3
-7.294150000E-6	-9.417590000E-6	4.796000000E+0	1.999504150E+3	1.560910000E+3
-6.787510000E-6	-9.007810000E-6	4.806100000E+0	1.999504150E+3	1.563189000E+3
-6.668300000E-6	-8.694890000E-6	4.817800000E+0	1.999504150E+3	1.565563000E+3
-6.385180000E-6	-8.314910000E-6	4.829300000E+0	1.999504150E+3	1.567981000E+3
-6.109510000E-6	-8.255300000E-6	4.841100000E+0	1.999504150E+3	1.569593000E+3
-5.826380000E-6	-7.860420000E-6	4.852200000E+0	1.999504150E+3	1.572429000E+3
-5.595420000E-6	-7.636900000E-6	4.863500000E+0	1.999504150E+3	1.574788000E+3
-5.453850000E-6	-7.368650000E-6	4.876500000E+0	1.999504150E+3	1.576769000E+3
-5.148380000E-6	-7.078080000E-6	4.889000000E+0	1.999504150E+3	1.579590000E+3
-4.887610000E-6	-6.847110000E-6	4.900700000E+0	1.999504150E+3	1.582162000E+3
-4.746050000E-6	-6.668300000E-6	4.911000000E+0	1.999504150E+3	1.584188000E+3
-4.567240000E-6	-6.429880000E-6	4.923300000E+0	1.999504150E+3	1.586509000E+3
-4.418220000E-6	-6.303220000E-6	4.934200000E+0	1.999504150E+3	1.588583000E+3
-4.217060000E-6	-5.990300000E-6	4.946200000E+0	1.999504150E+3	1.591489000E+3
-4.135100000E-6	-5.885990000E-6	4.956400000E+0	1.999504150E+3	1.593120000E+3
-3.963740000E-6	-5.640120000E-6	4.966600000E+0	1.999504150E+3	1.595040000E+3
-3.822180000E-6	-5.438950000E-6	4.978100000E+0	1.999504150E+3	1.597843000E+3
-3.650800000E-6	-5.297390000E-6	4.989300000E+0	1.999504150E+3	1.599857000E+3
-3.531590000E-6	-5.133480000E-6	4.999500000E+0	1.999504150E+3	1.601470000E+3
-3.345330000E-6	-4.895060000E-6	5.011900000E+0	1.999504150E+3	1.604244000E+3
-3.285720000E-6	-4.760950000E-6	5.022200000E+0	1.999504150E+3	1.606688000E+3
-3.196310000E-6	-4.619390000E-6	5.033500000E+0	1.999504150E+3	1.608425000E+3
-3.010050000E-6	-4.373520000E-6	5.045500000E+0	1.999504150E+3	1.610957000E+3
-2.995150000E-6	-4.187260000E-6	5.057300000E+0	1.999504150E+3	1.613342000E+3
-2.905740000E-6	-4.038240000E-6	5.068600000E+0	1.999504150E+3	1.616174000E+3
-2.793980000E-6	-3.896680000E-6	5.080800000E+0	1.999504150E+3	1.617731000E+3
-2.756730000E-6	-3.658250000E-6	5.093000000E+0	1.999504150E+3	1.620513000E+3
-2.577920000E-6	-3.546490000E-6	5.104100000E+0	1.999504150E+3	1.622931000E+3
-2.540660000E-6	-3.397480000E-6	5.114800000E+0	1.999504150E+3	1.624570000E+3
-2.518310000E-6	-3.218670000E-6	5.127000000E+0	1.999504150E+3	1.627327000E+3
-2.406550000E-6	-3.077100000E-6	5.137800000E+0	1.999504150E+3	1.629333000E+3
-2.272440000E-6	-2.987700000E-6	5.149200000E+0	1.999504150E+3	1.631876000E+3
-2.287340000E-6	-2.898290000E-6	5.160400000E+0	1.999504150E+3	1.633855000E+3
-2.235190000E-6	-2.726930000E-6	5.170700000E+0	1.999504150E+3	1.635857000E+3
-2.212840000E-6	-2.592820000E-6	5.180800000E+0	1.999504150E+3	1.638031000E+3
-2.086180000E-6	-2.466160000E-6	5.191300000E+0	1.999504150E+3	1.640386000E+3
-2.101080000E-6	-2.346950000E-6	5.202200000E+0	1.999504150E+3	1.642367000E+3
-2.101080000E-6	-2.220290000E-6	5.214500000E+0	1.999504150E+3	1.644772000E+3
-2.034020000E-6	-2.115980000E-6	5.224600000E+0	1.999504150E+3	1.646789000E+3
-2.093630000E-6	-1.996770000E-6	5.236500000E+0	1.999504150E+3	1.649174000E+3
-1.922260000E-6	-1.877550000E-6	5.247100000E+0	1.999504150E+3	1.651589000E+3
-1.817950000E-6	-1.728540000E-6	5.258200000E+0	1.999504150E+3	1.653639000E+3
-1.996770000E-6	-1.691290000E-6	5.268300000E+0	1.999504150E+3	1.655721000E+3
-1.892450000E-6	-1.624230000E-6	5.279800000E+0	1.999504150E+3	1.657720000E+3
-1.773250000E-6	-1.527380000E-6	5.289900000E+0	1.999504150E+3	1.660165000E+3
-1.780700000E-6	-1.430520000E-6	5.300300000E+0	1.999504150E+3	1.662146000E+3
-1.735990000E-6	-1.333660000E-6	5.310700000E+0	1.999504150E+3	1.664372000E+3
-1.683840000E-6	-1.259160000E-6	5.322400000E+0	1.999504150E+3	1.666244000E+3
-1.646590000E-6	-1.125040000E-6	5.334800000E+0	1.999504150E+3	1.669026000E+3
-1.676390000E-6	-1.043090000E-6	5.345000000E+0	1.999504150E+3	1.671097000E+3
-1.601880000E-6	-9.760330000E-7	5.356200000E+0	1.999504150E+3	1.673047000E+3
-1.572080000E-6	-9.238760000E-7	5.367700000E+0	1.999504150E+3	1.675439000E+3
-1.624230000E-6	-8.270180000E-7	5.377900000E+0	1.999504150E+3	1.677439000E+3
-1.691290000E-6	-7.972160000E-7	5.390700000E+0	1.999504150E+3	1.680297000E+3
-1.713640000E-6	-7.301610000E-7	5.402100000E+0	1.999504150E+3	1.681871000E+3
-1.676390000E-6	-6.407540000E-7	5.412700000E+0	1.999504150E+3	1.684640000E+3
-1.721090000E-6	-5.438960000E-7	5.423700000E+0	1.999504150E+3	1.686518000E+3
-1.654040000E-6	-4.693880000E-7	5.435400000E+0	1.999504150E+3	1.689319000E+3
-1.616780000E-6	-4.470370000E-7	5.445700000E+0	1.999504150E+3	1.690916000E+3
-1.564630000E-6	-4.246850000E-7	5.455900000E+0	1.999504150E+3	1.693296000E+3
-1.452870000E-6	-3.278270000E-7	5.467200000E+0	1.999504150E+3	1.695345000E+3
-1.505020000E-6	-2.309690000E-7	5.477500000E+0	1.999504150E+3	1.697694000E+3
-1.519930000E-6	-2.607720000E-7	5.489900000E+0	1.999504150E+3	1.699703000E+3
-1.482670000E-6	-1.639140000E-7	5.500500000E+0	1.999504150E+3	1.702127000E+3
-1.527380000E-6	-2.086170000E-7	5.510800000E+0	1.999504150E+3	1.704145000E+3
-1.452870000E-6	-1.117590000E-7	5.522000000E+0	1.999504150E+3	1.706698000E+3
-1.475220000E-6	-1.043090000E-7	5.532200000E+0	1.999504150E+3	1.708269000E+3
-1.505020000E-6	-2.235190000E-8	5.543100000E+0	1.999504150E+3	1.710277000E+3
-1.497570000E-6	-2.980250000E-8	5.553200000E+0	1.999504150E+3	1.712674000E+3
-1.482670000E-6	7.450640000E-9	5.564400000E+0	1.999504150E+3	1.715025000E+3
-1.445420000E-6	6.705570000E-8	5.576000000E+0	1.999504150E+3	1.717030000E+3
-1.437970000E-6	1.192100000E-7	5.587200000E+0	1.999504150E+3	1.719480000E+3
-1.490120000E-6	6.705570000E-8	5.597700000E+0	1.999504150E+3	1.721449000E+3
-1.423070000E-6	1.490130000E-7	5.608100000E+0	1.999504150E+3	1.723631000E+3
-1.393270000E-6	1.862650000E-7	5.619200000E+0	1.999504150E+3	1.726033000E+3
-1.408170000E-6	2.160680000E-7	5.629300000E+0	1.999504150E+3	1.727571000E+3
-1.460320000E-6	2.756730000E-7	5.639900000E+0	1.999504150E+3	1.730026000E+3
-1.400720000E-6	2.533220000E-7	5.651300000E+0	1.999504150E+3	1.732346000E+3
-1.393270000E-6	2.756730000E-7	5.661700000E+0	1.999504150E+3	1.734379000E+3
-1.415620000E-6	3.576300000E-7	5.673000000E+0	1.999504150E+3	1.736404000E+3
-1.445420000E-6	3.427290000E-7	5.684500000E+0	1.999504150E+3	1.738942000E+3
-1.505020000E-6	3.725310000E-7	5.695800000E+0	1.999504150E+3	1.741285000E+3
-1.400720000E-6	3.799810000E-7	5.707700000E+0	1.999504150E+3	1.742912000E+3
-1.460320000E-6	4.321350000E-7	5.721100000E+0	1.999504150E+3	1.746224000E+3
-1.430520000E-6	4.842910000E-7	5.731900000E+0	1.999504150E+3	1.748241000E+3
-1.408170000E-6	4.395860000E-7	5.742600000E+0	1.999504150E+3	1.750642000E+3
-1.408170000E-6	4.246850000E-7	5.754100000E+0	1.999504150E+3	1.752656000E+3
-1.408170000E-6	4.917420000E-7	5.766000000E+0	1.999504150E+3	1.755090000E+3
-1.423070000E-6	4.395860000E-7	5.777100000E+0	1.999504150E+3	1.757482000E+3
-1.393270000E-6	5.513470000E-7	5.790200000E+0	1.999504150E+3	1.760014000E+3
-1.400720000E-6	4.693880000E-7	5.800400000E+0	1.999504150E+3	1.761954000E+3
-1.363460000E-6	5.066430000E-7	5.811100000E+0	1.999504150E+3	1.763965000E+3
-1.400720000E-6	5.364450000E-7	5.822300000E+0	1.999504150E+3	1.766782000E+3
-1.385820000E-6	5.662480000E-7	5.833500000E+0	1.999504150E+3	1.768409000E+3
-1.385820000E-6	4.619380000E-7	5.843700000E+0	1.999504150E+3	1.770769000E+3
-1.385820000E-6	5.066430000E-7	5.853900000E+0	1.999504150E+3	1.772767000E+3
-1.452870000E-6	5.364450000E-7	5.864200000E+0	1.999504150E+3	1.774818000E+3
-1.445420000E-6	5.662480000E-7	5.876600000E+0	1.999504150E+3	1.777181000E+3
-1.408170000E-6	5.736980000E-7	5.889600000E+0	1.999504150E+3	1.779990000E+3
-1.400720000E-6	5.662480000E-7	5.900300000E+0	1.999504150E+3	1.782022000E+3
-1.423070000E-6	5.811490000E-7	5.911400000E+0	1.999504150E+3	1.784567000E+3
-1.423070000E-6	5.960500000E-7	5.923500000E+0	1.999504150E+3	1.786534000E+3
-1.475220000E-6	6.035010000E-7	5.933700000E+0	1.999504150E+3	1.788548000E+3
-1.356010000E-6	5.811490000E-7	5.943900000E+0	1.999504150E+3	1.790501000E+3
-1.430520000E-6	6.035010000E-7	5.955600000E+0	1.999504150E+3	1.793297000E+3
-1.400720000E-6	5.662480000E-7	5.965800000E+0	1.999504150E+3	1.795061000E+3
-1.430520000E-6	5.438960000E-7	5.976600000E+0	1.999504150E+3	1.797034000E+3
-1.400720000E-6	5.886000000E-7	5.987700000E+0	1.999504150E+3	1.799516000E+3
-1.393270000E-6	5.736980000E-7	5.999300000E+0	1.999504150E+3	1.802232000E+3
