20250501_HM451MoTaZr2_chiAC_vs_T_B_01.001.txt Thu, May 1, 2025 2:58:37 PM Juan
Magnet: None
Trigger spacing of 0.010000 on column #3
Offsets:	0.000000000E+0	0.000000000E+0	0.000000000E+0	0.000000000E+0	0.000000000E+0

Scale Factors:	1.000000000E+0	1.000000000E+0	1.000000000E+0	1.000000000E+0	1.000000000E+0

0.1T
Lockin_V_001	Chan2_V_001	Temperature_001	Field_001	Timestamp_001
-4.172340000E-7	6.556550000E-7	6.025500000E+0	9.997069092E+2	2.800000000E-2
-4.395860000E-7	6.482040000E-7	6.015200000E+0	9.997069092E+2	1.353300000E+1
-4.246850000E-7	6.705560000E-7	6.004800000E+0	9.997069092E+2	3.032300000E+1
-4.395860000E-7	6.854570000E-7	5.993200000E+0	9.997069092E+2	4.290700000E+1
-4.470370000E-7	6.780060000E-7	5.981800000E+0	9.997069092E+2	4.457400000E+1
-3.874320000E-7	6.556550000E-7	5.971400000E+0	9.997069092E+2	4.609000000E+1
-3.129260000E-7	6.780060000E-7	5.959900000E+0	9.997069092E+2	4.843100000E+1
-4.246850000E-7	6.929080000E-7	5.947900000E+0	9.997069092E+2	5.046500000E+1
-3.278270000E-7	7.301610000E-7	5.936500000E+0	9.997069092E+2	5.331100000E+1
-4.023330000E-7	6.705560000E-7	5.924000000E+0	9.997069092E+2	5.566300000E+1
-4.246850000E-7	6.929080000E-7	5.913000000E+0	9.997069092E+2	5.744100000E+1
-4.172340000E-7	6.482040000E-7	5.901000000E+0	9.997069092E+2	6.025700000E+1
-3.799810000E-7	6.407540000E-7	5.890700000E+0	9.997069092E+2	6.223600000E+1
-4.172340000E-7	6.333030000E-7	5.880200000E+0	9.997069092E+2	6.419400000E+1
-3.874320000E-7	6.556550000E-7	5.868800000E+0	9.997069092E+2	6.623800000E+1
-4.470370000E-7	6.407540000E-7	5.857500000E+0	9.997069092E+2	6.824800000E+1
-4.097840000E-7	6.333030000E-7	5.846200000E+0	9.997069092E+2	7.104600000E+1
-3.725310000E-7	5.662480000E-7	5.835100000E+0	9.997069092E+2	7.303800000E+1
-3.874320000E-7	5.587970000E-7	5.824800000E+0	9.997069092E+2	7.520300000E+1
-3.874320000E-7	5.736980000E-7	5.813600000E+0	9.997069092E+2	7.714200000E+1
-3.352780000E-7	5.513470000E-7	5.803300000E+0	9.997069092E+2	7.977300000E+1
-4.321350000E-7	5.066430000E-7	5.791200000E+0	9.997069092E+2	8.168200000E+1
-3.874320000E-7	4.544870000E-7	5.779700000E+0	9.997069092E+2	8.384100000E+1
-4.321350000E-7	4.544870000E-7	5.768500000E+0	9.997069092E+2	8.647700000E+1
-4.619380000E-7	3.948830000E-7	5.758300000E+0	9.997069092E+2	8.891800000E+1
-4.991930000E-7	3.799810000E-7	5.747200000E+0	9.997069092E+2	9.023900000E+1
-4.470370000E-7	3.650800000E-7	5.736200000E+0	9.997069092E+2	9.314500000E+1
-4.470370000E-7	3.352780000E-7	5.725000000E+0	9.997069092E+2	9.512700000E+1
-3.874320000E-7	2.905740000E-7	5.713600000E+0	9.997069092E+2	9.743500000E+1
-4.693880000E-7	2.384200000E-7	5.702300000E+0	9.997069092E+2	9.946700000E+1
-4.321350000E-7	2.309690000E-7	5.690100000E+0	9.997069092E+2	1.016880000E+2
-4.842910000E-7	1.713640000E-7	5.679700000E+0	9.997069092E+2	1.036770000E+2
-5.140940000E-7	1.415620000E-7	5.669300000E+0	9.997069092E+2	1.065360000E+2
-5.066430000E-7	8.940740000E-8	5.656600000E+0	9.997069092E+2	1.085430000E+2
-4.917420000E-7	1.043090000E-7	5.645700000E+0	9.997069092E+2	1.103480000E+2
-4.917420000E-7	1.490130000E-8	5.633900000E+0	9.997069092E+2	1.132820000E+2
-5.140940000E-7	-1.043090000E-7	5.622900000E+0	9.997069092E+2	1.156740000E+2
-5.140940000E-7	-1.490130000E-7	5.612300000E+0	9.997069092E+2	1.171370000E+2
-5.438960000E-7	-1.862650000E-7	5.599900000E+0	9.997069092E+2	1.201070000E+2
-5.364450000E-7	-2.533220000E-7	5.589400000E+0	9.997069092E+2	1.219350000E+2
-5.140940000E-7	-2.607720000E-7	5.578800000E+0	9.997069092E+2	1.243930000E+2
-5.289950000E-7	-3.427290000E-7	5.568700000E+0	9.997069092E+2	1.262320000E+2
-5.960500000E-7	-4.246850000E-7	5.556700000E+0	9.997069092E+2	1.282130000E+2
-5.886000000E-7	-5.066430000E-7	5.545800000E+0	9.997069092E+2	1.306350000E+2
-6.333030000E-7	-5.960500000E-7	5.532900000E+0	9.997069092E+2	1.336520000E+2
-6.482040000E-7	-5.811490000E-7	5.521200000E+0	9.997069092E+2	1.355790000E+2
-6.407540000E-7	-7.376110000E-7	5.510600000E+0	9.997069092E+2	1.378030000E+2
-6.780060000E-7	-8.270180000E-7	5.498400000E+0	9.997069092E+2	1.404080000E+2
-7.078090000E-7	-9.387770000E-7	5.485100000E+0	9.997069092E+2	1.426090000E+2
-7.227100000E-7	-9.685830000E-7	5.474500000E+0	9.997069092E+2	1.445920000E+2
-7.823150000E-7	-1.147400000E-6	5.461800000E+0	9.997069092E+2	1.475320000E+2
-8.195680000E-7	-1.221900000E-6	5.451600000E+0	9.997069092E+2	1.498760000E+2
-8.493700000E-7	-1.274060000E-6	5.441000000E+0	9.997069092E+2	1.514070000E+2
-8.642710000E-7	-1.333660000E-6	5.427400000E+0	9.997069092E+2	1.541980000E+2
-8.940730000E-7	-1.490120000E-6	5.415900000E+0	9.997069092E+2	1.566720000E+2
-9.238760000E-7	-1.646590000E-6	5.401700000E+0	9.997069092E+2	1.595110000E+2
-1.020740000E-6	-1.780700000E-6	5.390700000E+0	9.997069092E+2	1.614480000E+2
-1.072890000E-6	-1.952070000E-6	5.378300000E+0	9.997069092E+2	1.643260000E+2
-1.147400000E-6	-2.168130000E-6	5.365400000E+0	9.997069092E+2	1.670420000E+2
-1.244250000E-6	-2.212840000E-6	5.353700000E+0	9.997069092E+2	1.686620000E+2
-1.236800000E-6	-2.391650000E-6	5.340100000E+0	9.997069092E+2	1.720410000E+2
-1.348560000E-6	-2.585370000E-6	5.328000000E+0	9.997069092E+2	1.745910000E+2
-1.356010000E-6	-2.622620000E-6	5.317500000E+0	9.997069092E+2	1.763180000E+2
-1.423070000E-6	-2.793980000E-6	5.306500000E+0	9.997069092E+2	1.789940000E+2
-1.542280000E-6	-3.032400000E-6	5.294500000E+0	9.997069092E+2	1.811250000E+2
-1.654040000E-6	-3.099460000E-6	5.282300000E+0	9.997069092E+2	1.827280000E+2
-1.735990000E-6	-3.345330000E-6	5.270100000E+0	9.997069092E+2	1.859240000E+2
-1.758340000E-6	-3.494340000E-6	5.259200000E+0	9.997069092E+2	1.879340000E+2
-1.959520000E-6	-3.702950000E-6	5.247100000E+0	9.997069092E+2	1.903820000E+2
-2.019120000E-6	-3.807260000E-6	5.236800000E+0	9.997069092E+2	1.927440000E+2
-2.071280000E-6	-4.060600000E-6	5.225400000E+0	9.997069092E+2	1.951190000E+2
-2.145780000E-6	-4.164900000E-6	5.215300000E+0	9.997069092E+2	1.969850000E+2
-2.287340000E-6	-4.448030000E-6	5.201300000E+0	9.997069092E+2	1.989940000E+2
-2.495960000E-6	-4.693890000E-6	5.189700000E+0	9.997069092E+2	2.024420000E+2
-2.533210000E-6	-4.872710000E-6	5.177800000E+0	9.997069092E+2	2.042550000E+2
-2.726930000E-6	-5.014270000E-6	5.166800000E+0	9.997069092E+2	2.067540000E+2
-2.868490000E-6	-5.215440000E-6	5.156000000E+0	9.997069092E+2	2.090380000E+2
-3.010050000E-6	-5.453850000E-6	5.143400000E+0	9.997069092E+2	2.110310000E+2
-3.233570000E-6	-5.714620000E-6	5.131200000E+0	9.997069092E+2	2.140520000E+2
-3.345330000E-6	-5.878540000E-6	5.120300000E+0	9.997069092E+2	2.158690000E+2
-3.561390000E-6	-6.243620000E-6	5.109000000E+0	9.997069092E+2	2.183220000E+2
-3.695500000E-6	-6.400080000E-6	5.096900000E+0	9.997069092E+2	2.206260000E+2
-3.926490000E-6	-6.660850000E-6	5.086100000E+0	9.997069092E+2	2.225720000E+2
-4.120200000E-6	-6.951420000E-6	5.073200000E+0	9.997069092E+2	2.253640000E+2
-4.313920000E-6	-7.078080000E-6	5.062200000E+0	9.997069092E+2	2.270070000E+2
-4.589590000E-6	-7.391010000E-6	5.051600000E+0	9.997069092E+2	2.299970000E+2
-4.760950000E-6	-7.607070000E-6	5.038200000E+0	9.997069092E+2	2.318270000E+2
-5.073870000E-6	-7.927480000E-6	5.025300000E+0	9.997069092E+2	2.347140000E+2
-5.364450000E-6	-8.173350000E-6	5.013800000E+0	9.997069092E+2	2.368450000E+2
-5.565610000E-6	-8.501170000E-6	5.003600000E+0	9.997069092E+2	2.396050000E+2
-5.893440000E-6	-8.642730000E-6	4.992500000E+0	9.997069092E+2	2.416060000E+2
-6.258520000E-6	-9.015260000E-6	4.981900000E+0	9.997069092E+2	2.437960000E+2
-6.444780000E-6	-9.156820000E-6	4.971600000E+0	9.997069092E+2	2.452420000E+2
-6.780060000E-6	-9.439940000E-6	4.958800000E+0	9.997069092E+2	2.481080000E+2
-7.219640000E-6	-9.849730000E-6	4.946700000E+0	9.997069092E+2	2.509850000E+2
-7.510210000E-6	-1.002110000E-5	4.935600000E+0	9.997069092E+2	2.528590000E+2
-7.860420000E-6	-1.034890000E-5	4.925400000E+0	9.997069092E+2	2.547820000E+2
-8.277650000E-6	-1.060220000E-5	4.914500000E+0	9.997069092E+2	2.572710000E+2
-8.478820000E-6	-1.081090000E-5	4.904300000E+0	9.997069092E+2	2.586000000E+2
-8.903500000E-6	-1.107910000E-5	4.894200000E+0	9.997069092E+2	2.611020000E+2
-9.313280000E-6	-1.138450000E-5	4.883800000E+0	9.997069092E+2	2.630200000E+2
-9.909330000E-6	-1.178690000E-5	4.871400000E+0	9.997069092E+2	2.659320000E+2
-1.032660000E-5	-1.212220000E-5	4.858800000E+0	9.997069092E+2	2.679670000E+2
-1.102690000E-5	-1.250210000E-5	4.846200000E+0	9.997069092E+2	2.707070000E+2
-1.166020000E-5	-1.291940000E-5	4.835300000E+0	9.997069092E+2	2.731670000E+2
-1.236060000E-5	-1.330680000E-5	4.823900000E+0	9.997069092E+2	2.752320000E+2
-1.296410000E-5	-1.367930000E-5	4.813600000E+0	9.997069092E+2	2.769640000E+2
-1.374640000E-5	-1.414870000E-5	4.803000000E+0	9.997069092E+2	2.790300000E+2
-1.481180000E-5	-1.470010000E-5	4.792500000E+0	9.997069092E+2	2.817690000E+2
-1.575060000E-5	-1.517690000E-5	4.781900000E+0	9.997069092E+2	2.834220000E+2
-1.725570000E-5	-1.586990000E-5	4.770800000E+0	9.997069092E+2	2.856570000E+2
-1.886500000E-5	-1.660000000E-5	4.760700000E+0	9.997069092E+2	2.880460000E+2
-2.011670000E-5	-1.700230000E-5	4.750600000E+0	9.997069092E+2	2.895570000E+2
-2.247850000E-5	-1.778470000E-5	4.739500000E+0	9.997069092E+2	2.919230000E+2
-2.514580000E-5	-1.835090000E-5	4.727600000E+0	9.997069092E+2	2.944820000E+2
-2.755980000E-5	-1.866380000E-5	4.717200000E+0	9.997069092E+2	2.967270000E+2
-2.964600000E-5	-1.879790000E-5	4.706700000E+0	9.997069092E+2	2.983020000E+2
-3.358000000E-5	-1.889480000E-5	4.694800000E+0	9.997069092E+2	3.013750000E+2
-3.601630000E-5	-1.879050000E-5	4.683600000E+0	9.997069092E+2	3.035550000E+2
-3.826640000E-5	-1.861910000E-5	4.673400000E+0	9.997069092E+2	3.052920000E+2
-4.136590000E-5	-1.842540000E-5	4.662500000E+0	9.997069092E+2	3.077650000E+2
-4.354890000E-5	-1.811990000E-5	4.650900000E+0	9.997069092E+2	3.097800000E+2
-4.725180000E-5	-1.761330000E-5	4.638000000E+0	9.997069092E+2	3.123570000E+2
-4.930820000E-5	-1.717370000E-5	4.625200000E+0	9.997069092E+2	3.145700000E+2
-5.223630000E-5	-1.660000000E-5	4.615000000E+0	9.997069092E+2	3.169670000E+2
-5.434480000E-5	-1.619770000E-5	4.603100000E+0	9.997069092E+2	3.192540000E+2
-5.675880000E-5	-1.549730000E-5	4.591900000E+0	9.997069092E+2	3.212400000E+2
-5.923980000E-5	-1.483420000E-5	4.579700000E+0	9.997069092E+2	3.237720000E+2
-6.168380000E-5	-1.402950000E-5	4.567200000E+0	9.997069092E+2	3.268460000E+2
-6.308450000E-5	-1.362720000E-5	4.554900000E+0	9.997069092E+2	3.289650000E+2
-6.476840000E-5	-1.305350000E-5	4.543600000E+0	9.997069092E+2	3.309970000E+2
-6.654160000E-5	-1.242020000E-5	4.533200000E+0	9.997069092E+2	3.333880000E+2
-6.795720000E-5	-1.195820000E-5	4.521400000E+0	9.997069092E+2	3.353740000E+2
-6.931320000E-5	-1.138450000E-5	4.510900000E+0	9.997069092E+2	3.378990000E+2
-7.049790000E-5	-1.092260000E-5	4.499700000E+0	9.997069092E+2	3.401840000E+2
-7.131740000E-5	-1.064690000E-5	4.488800000E+0	9.997069092E+2	3.421750000E+2
-7.272560000E-5	-1.009560000E-5	4.477500000E+0	9.997069092E+2	3.447500000E+2
-7.351530000E-5	-9.790120000E-6	4.467100000E+0	9.997069092E+2	3.464350000E+2
-7.448390000E-5	-9.343090000E-6	4.454000000E+0	9.997069092E+2	3.490080000E+2
-7.551210000E-5	-8.992910000E-6	4.441600000E+0	9.997069092E+2	3.517650000E+2
-7.639130000E-5	-8.575680000E-6	4.428000000E+0	9.997069092E+2	3.542160000E+2
-7.733750000E-5	-8.225500000E-6	4.417700000E+0	9.997069092E+2	3.567710000E+2
-7.790370000E-5	-7.920030000E-6	4.406800000E+0	9.997069092E+2	3.586360000E+2
-7.866370000E-5	-7.547470000E-6	4.395000000E+0	9.997069092E+2	3.609740000E+2
-7.929700000E-5	-7.346300000E-6	4.381900000E+0	9.997069092E+2	3.633720000E+2
-7.984090000E-5	-7.085530000E-6	4.371000000E+0	9.997069092E+2	3.652460000E+2
-8.049650000E-5	-6.802410000E-6	4.361000000E+0	9.997069092E+2	3.681550000E+2
-8.095100000E-5	-6.586340000E-6	4.350500000E+0	9.997069092E+2	3.699030000E+2
-8.140550000E-5	-6.370280000E-6	4.340000000E+0	9.997069092E+2	3.716100000E+2
-8.195690000E-5	-6.169110000E-6	4.328600000E+0	9.997069092E+2	3.746100000E+2
-8.247840000E-5	-5.960490000E-6	4.316000000E+0	9.997069092E+2	3.766240000E+2
-8.294030000E-5	-5.759330000E-6	4.303300000E+0	9.997069092E+2	3.792320000E+2
-8.341720000E-5	-5.483660000E-6	4.291600000E+0	9.997069092E+2	3.817550000E+2
-8.384180000E-5	-5.342100000E-6	4.279600000E+0	9.997069092E+2	3.839180000E+2
-8.419950000E-5	-5.170730000E-6	4.269600000E+0	9.997069092E+2	3.860270000E+2
-8.457950000E-5	-5.006820000E-6	4.257500000E+0	9.997069092E+2	3.886080000E+2
-8.487750000E-5	-4.835460000E-6	4.246000000E+0	9.997069092E+2	3.907870000E+2
-8.527980000E-5	-4.671540000E-6	4.233400000E+0	9.997069092E+2	3.934110000E+2
-8.561510000E-5	-4.492730000E-6	4.220400000E+0	9.997069092E+2	3.957660000E+2
-8.593550000E-5	-4.448030000E-6	4.207800000E+0	9.997069092E+2	3.983110000E+2
-8.625580000E-5	-4.284110000E-6	4.197600000E+0	9.997069092E+2	4.005850000E+2
-8.658370000E-5	-4.090400000E-6	4.183300000E+0	9.997069092E+2	4.031100000E+2
-8.676990000E-5	-3.978640000E-6	4.172800000E+0	9.997069092E+2	4.055010000E+2
-8.697850000E-5	-3.874330000E-6	4.162200000E+0	9.997069092E+2	4.073780000E+2
-8.725420000E-5	-3.807260000E-6	4.151700000E+0	9.997069092E+2	4.099290000E+2
-8.744050000E-5	-3.658250000E-6	4.139500000E+0	9.997069092E+2	4.120700000E+2
-8.767140000E-5	-3.509240000E-6	4.129100000E+0	9.997069092E+2	4.137820000E+2
-8.785770000E-5	-3.471990000E-6	4.115100000E+0	9.997069092E+2	4.167710000E+2
-8.811850000E-5	-3.375130000E-6	4.103300000E+0	9.997069092E+2	4.196410000E+2
-8.829730000E-5	-3.278270000E-6	4.091000000E+0	9.997069092E+2	4.219110000E+2
-8.848360000E-5	-3.241020000E-6	4.079800000E+0	9.997069092E+2	4.236210000E+2
-8.867730000E-5	-3.106910000E-6	4.068000000E+0	9.997069092E+2	4.263220000E+2
-8.880390000E-5	-3.084550000E-6	4.056500000E+0	9.997069092E+2	4.290210000E+2
-8.897530000E-5	-2.987700000E-6	4.046200000E+0	9.997069092E+2	4.307230000E+2
-8.915410000E-5	-2.928090000E-6	4.034100000E+0	9.997069092E+2	4.327190000E+2
-8.924350000E-5	-2.890840000E-6	4.022900000E+0	9.997069092E+2	4.355110000E+2
-8.931800000E-5	-2.779080000E-6	4.011100000E+0	9.997069092E+2	4.375500000E+2
-8.951170000E-5	-2.771630000E-6	4.000900000E+0	9.997069092E+2	4.395620000E+2
-8.971290000E-5	-2.667320000E-6	3.988200000E+0	9.997069092E+2	4.423350000E+2
-8.978000000E-5	-2.600270000E-6	3.975200000E+0	9.997069092E+2	4.447200000E+2
-8.994390000E-5	-2.540660000E-6	3.962400000E+0	9.997069092E+2	4.477160000E+2
-9.007800000E-5	-2.488510000E-6	3.951200000E+0	9.997069092E+2	4.495550000E+2
-9.026420000E-5	-2.428900000E-6	3.940700000E+0	9.997069092E+2	4.515840000E+2
-9.030150000E-5	-2.369300000E-6	3.929200000E+0	9.997069092E+2	4.540730000E+2
-9.051010000E-5	-2.287340000E-6	3.913700000E+0	9.997069092E+2	4.570300000E+2
-9.065170000E-5	-2.294790000E-6	3.901800000E+0	9.997069092E+2	4.597680000E+2
-9.068150000E-5	-2.250090000E-6	3.889600000E+0	9.997069092E+2	4.618010000E+2
-9.079320000E-5	-2.197940000E-6	3.877900000E+0	9.997069092E+2	4.641920000E+2
-9.085280000E-5	-2.063830000E-6	3.864400000E+0	9.997069092E+2	4.667570000E+2
-9.101680000E-5	-2.063830000E-6	3.853800000E+0	9.997069092E+2	4.695780000E+2
-9.107640000E-5	-1.966970000E-6	3.841700000E+0	9.997069092E+2	4.715010000E+2
-9.115090000E-5	-1.944620000E-6	3.831600000E+0	9.997069092E+2	4.736440000E+2
-9.115090000E-5	-1.855200000E-6	3.821300000E+0	9.997069092E+2	4.757840000E+2
-9.134460000E-5	-1.877550000E-6	3.810100000E+0	9.997069092E+2	4.773850000E+2
-9.138930000E-5	-1.877550000E-6	3.799200000E+0	9.997069092E+2	4.804680000E+2
-9.146380000E-5	-1.862650000E-6	3.786700000E+0	9.997069092E+2	4.821720000E+2
-9.154570000E-5	-1.885000000E-6	3.774700000E+0	9.997069092E+2	4.851370000E+2
-9.165010000E-5	-1.780700000E-6	3.763700000E+0	9.997069092E+2	4.875460000E+2
-9.168730000E-5	-1.750890000E-6	3.752900000E+0	9.997069092E+2	4.890400000E+2
-9.177670000E-5	-1.668940000E-6	3.742500000E+0	9.997069092E+2	4.913820000E+2
-9.181400000E-5	-1.765790000E-6	3.732000000E+0	9.997069092E+2	4.940390000E+2
-9.189590000E-5	-1.661490000E-6	3.721700000E+0	9.997069092E+2	4.952750000E+2
-9.191830000E-5	-1.639140000E-6	3.711300000E+0	9.997069092E+2	4.977990000E+2
-9.200020000E-5	-1.624230000E-6	3.699200000E+0	9.997069092E+2	5.000700000E+2
-9.210450000E-5	-1.549730000E-6	3.688600000E+0	9.997069092E+2	5.016470000E+2
-9.215670000E-5	-1.564630000E-6	3.678200000E+0	9.997069092E+2	5.045890000E+2
-9.215670000E-5	-1.586980000E-6	3.667800000E+0	9.997069092E+2	5.059470000E+2
-9.222380000E-5	-1.527380000E-6	3.653600000E+0	9.997069092E+2	5.094100000E+2
-9.228340000E-5	-1.497570000E-6	3.639600000E+0	9.997069092E+2	5.113950000E+2
-9.232810000E-5	-1.460320000E-6	3.628500000E+0	9.997069092E+2	5.143710000E+2
-9.244730000E-5	-1.393270000E-6	3.616700000E+0	9.997069092E+2	5.168740000E+2
-9.247710000E-5	-1.460320000E-6	3.601100000E+0	9.997069092E+2	5.193870000E+2
-9.260370000E-5	-1.356010000E-6	3.590000000E+0	9.997069092E+2	5.225880000E+2
-9.258880000E-5	-1.385820000E-6	3.575800000E+0	9.997069092E+2	5.247340000E+2
-9.264840000E-5	-1.341110000E-6	3.556000000E+0	9.997069092E+2	5.289890000E+2
-9.273780000E-5	-1.333660000E-6	3.544200000E+0	9.997069092E+2	5.322000000E+2
-9.281230000E-5	-1.311310000E-6	3.530600000E+0	9.997069092E+2	5.343750000E+2
-9.283470000E-5	-1.281510000E-6	3.517700000E+0	9.997069092E+2	5.375110000E+2
-9.289430000E-5	-1.229350000E-6	3.502300000E+0	9.997069092E+2	5.407380000E+2
-9.298370000E-5	-1.132500000E-6	3.488800000E+0	9.997069092E+2	5.428620000E+2
-9.301350000E-5	-1.199550000E-6	3.472100000E+0	9.997069092E+2	5.471130000E+2
-9.303590000E-5	-1.199550000E-6	3.460800000E+0	9.997069092E+2	5.492350000E+2
-9.314760000E-5	-1.177200000E-6	3.448700000E+0	9.997069092E+2	5.524570000E+2
-9.311040000E-5	-1.154850000E-6	3.433700000E+0	9.997069092E+2	5.546400000E+2
-9.320720000E-5	-1.139950000E-6	3.422300000E+0	9.997069092E+2	5.581910000E+2
-9.325190000E-5	-1.080340000E-6	3.406900000E+0	9.997069092E+2	5.603120000E+2
-9.329660000E-5	-1.080340000E-6	3.391500000E+0	9.997069092E+2	5.645880000E+2
-9.334880000E-5	-1.057990000E-6	3.378500000E+0	9.997069092E+2	5.667300000E+2
-9.336370000E-5	-1.080340000E-6	3.365300000E+0	9.997069092E+2	5.693750000E+2
-9.346050000E-5	-1.020740000E-6	3.352700000E+0	9.997069092E+2	5.725860000E+2
-9.343820000E-5	-1.005840000E-6	3.339800000E+0	9.997069092E+2	5.747120000E+2
-9.347540000E-5	-9.909340000E-7	3.326800000E+0	9.997069092E+2	5.779170000E+2
-9.358720000E-5	-9.760330000E-7	3.310300000E+0	9.997069092E+2	5.811420000E+2
-9.357230000E-5	-9.462270000E-7	3.300000000E+0	9.997069092E+2	5.832460000E+2
-9.360960000E-5	-9.611320000E-7	3.287200000E+0	9.997069092E+2	5.864350000E+2
-9.357230000E-5	-9.238760000E-7	3.274900000E+0	9.997069092E+2	5.886390000E+2
-9.366170000E-5	-9.164250000E-7	3.259700000E+0	9.997069092E+2	5.918210000E+2
-9.366170000E-5	-8.866230000E-7	3.249100000E+0	9.997069092E+2	5.939210000E+2
-9.378090000E-5	-9.164250000E-7	3.238700000E+0	9.997069092E+2	5.964330000E+2
-9.367660000E-5	-9.536820000E-7	3.226800000E+0	9.997069092E+2	5.986490000E+2
-9.367660000E-5	-9.760330000E-7	3.216700000E+0	9.997069092E+2	6.012990000E+2
-9.377350000E-5	-9.462270000E-7	3.206600000E+0	9.997069092E+2	6.034400000E+2
-9.381070000E-5	-9.462270000E-7	3.195500000E+0	9.997069092E+2	6.055610000E+2
-9.386290000E-5	-8.791720000E-7	3.184200000E+0	9.997069092E+2	6.076720000E+2
-9.389270000E-5	-8.344690000E-7	3.172900000E+0	9.997069092E+2	6.108460000E+2
-9.385540000E-5	-8.568200000E-7	3.158000000E+0	9.997069092E+2	6.130350000E+2
-9.391500000E-5	-8.195680000E-7	3.144000000E+0	9.997069092E+2	6.165640000E+2
-9.392250000E-5	-8.046660000E-7	3.131400000E+0	9.997069092E+2	6.187070000E+2
-9.398210000E-5	-8.344690000E-7	3.117800000E+0	9.997069092E+2	6.219080000E+2
-9.399700000E-5	-8.195680000E-7	3.105600000E+0	9.997069092E+2	6.240400000E+2
-9.402680000E-5	-8.121170000E-7	3.095200000E+0	9.997069092E+2	6.267180000E+2
-9.402680000E-5	-8.046660000E-7	3.083600000E+0	9.997069092E+2	6.289010000E+2
-9.405660000E-5	-7.748640000E-7	3.070400000E+0	9.997069092E+2	6.320390000E+2
-9.404170000E-5	-7.525120000E-7	3.058800000E+0	9.997069092E+2	6.341850000E+2
-9.412370000E-5	-7.897650000E-7	3.044700000E+0	9.997069092E+2	6.373800000E+2
-9.416090000E-5	-7.599630000E-7	3.033000000E+0	9.997069092E+2	6.395430000E+2
-9.412370000E-5	-7.450620000E-7	3.020100000E+0	9.997069092E+2	6.427200000E+2
-9.416840000E-5	-7.376110000E-7	3.007800000E+0	9.997069092E+2	6.448470000E+2
-9.418330000E-5	-7.599630000E-7	2.995500000E+0	9.997069092E+2	6.480410000E+2
-9.423540000E-5	-7.003580000E-7	2.981000000E+0	9.997069092E+2	6.501960000E+2
-9.422800000E-5	-7.003580000E-7	2.968200000E+0	9.997069092E+2	6.534250000E+2
-9.425780000E-5	-7.227100000E-7	2.958100000E+0	9.997069092E+2	6.555350000E+2
-9.422800000E-5	-7.674130000E-7	2.946100000E+0	9.997069092E+2	6.580650000E+2
-9.425030000E-5	-7.376110000E-7	2.934900000E+0	9.997069092E+2	6.601760000E+2
-9.437700000E-5	-6.482040000E-7	2.921100000E+0	9.997069092E+2	6.634050000E+2
-9.434720000E-5	-6.407540000E-7	2.909700000E+0	9.997069092E+2	6.655500000E+2
-9.433230000E-5	-6.482040000E-7	2.898900000E+0	9.997069092E+2	6.682160000E+2
-9.432480000E-5	-6.780060000E-7	2.887400000E+0	9.997069092E+2	6.703310000E+2
-9.439190000E-5	-6.184020000E-7	2.876300000E+0	9.997069092E+2	6.728560000E+2
-9.442910000E-5	-6.556550000E-7	2.864900000E+0	9.997069092E+2	6.750050000E+2
-9.445890000E-5	-6.631050000E-7	2.850500000E+0	9.997069092E+2	6.782070000E+2
-9.445150000E-5	-6.407540000E-7	2.839500000E+0	9.997069092E+2	6.808450000E+2
-9.444400000E-5	-6.407540000E-7	2.829100000E+0	9.997069092E+2	6.830100000E+2
-9.448870000E-5	-6.184020000E-7	2.816100000E+0	9.997069092E+2	6.851520000E+2
-9.454090000E-5	-6.407540000E-7	2.800700000E+0	9.997069092E+2	6.883450000E+2
-9.455580000E-5	-5.960500000E-7	2.787200000E+0	9.997069092E+2	6.915640000E+2
-9.454090000E-5	-6.184020000E-7	2.774600000E+0	9.997069092E+2	6.936680000E+2
-9.453340000E-5	-5.886000000E-7	2.758200000E+0	9.997069092E+2	6.972700000E+2
-9.460790000E-5	-6.184020000E-7	2.745500000E+0	9.997069092E+2	7.005490000E+2
-9.457070000E-5	-6.035010000E-7	2.732100000E+0	9.997069092E+2	7.025940000E+2
-9.463770000E-5	-5.587970000E-7	2.720600000E+0	9.997069092E+2	7.058120000E+2
-9.457810000E-5	-5.960500000E-7	2.706500000E+0	9.997069092E+2	7.079600000E+2
-9.462280000E-5	-5.811490000E-7	2.692100000E+0	9.997069092E+2	7.111930000E+2
-9.466010000E-5	-5.587970000E-7	2.676500000E+0	9.997069092E+2	7.148690000E+2
-9.466750000E-5	-5.587970000E-7	2.663700000E+0	9.997069092E+2	7.170120000E+2
-9.463030000E-5	-6.109510000E-7	2.648100000E+0	9.997069092E+2	7.202190000E+2
-9.463030000E-5	-5.513470000E-7	2.634400000E+0	9.997069092E+2	7.234120000E+2
-9.468240000E-5	-5.438960000E-7	2.623500000E+0	9.997069092E+2	7.259580000E+2
-9.468990000E-5	-5.513470000E-7	2.612300000E+0	9.997069092E+2	7.281400000E+2
-9.474200000E-5	-5.364450000E-7	2.600900000E+0	9.997069092E+2	7.302760000E+2
-9.477930000E-5	-5.438960000E-7	2.585500000E+0	9.997069092E+2	7.334020000E+2
-9.474950000E-5	-5.513470000E-7	2.569600000E+0	9.997069092E+2	7.371370000E+2
-9.477930000E-5	-4.768410000E-7	2.557500000E+0	9.997069092E+2	7.393170000E+2
-9.483890000E-5	-5.438960000E-7	2.546500000E+0	9.997069092E+2	7.418030000E+2
-9.475690000E-5	-5.140940000E-7	2.535200000E+0	9.997069092E+2	7.439470000E+2
-9.477930000E-5	-5.140940000E-7	2.524300000E+0	9.997069092E+2	7.465960000E+2
-9.483150000E-5	-4.991930000E-7	2.513800000E+0	9.997069092E+2	7.487710000E+2
-9.482400000E-5	-4.321350000E-7	2.503700000E+0	9.997069092E+2	7.508720000E+2
-9.486870000E-5	-4.544870000E-7	2.490300000E+0	9.997069092E+2	7.540820000E+2
-9.488360000E-5	-4.470370000E-7	2.478700000E+0	9.997069092E+2	7.562010000E+2
-9.488360000E-5	-4.991930000E-7	2.466600000E+0	9.997069092E+2	7.594570000E+2
-9.492090000E-5	-5.140940000E-7	2.451800000E+0	9.997069092E+2	7.615830000E+2
-9.495810000E-5	-4.768410000E-7	2.437400000E+0	9.997069092E+2	7.651180000E+2
-9.489850000E-5	-4.470370000E-7	2.425200000E+0	9.997069092E+2	7.672730000E+2
-9.488360000E-5	-4.619380000E-7	2.412300000E+0	9.997069092E+2	7.704640000E+2
-9.492090000E-5	-4.619380000E-7	2.398800000E+0	9.997069092E+2	7.726630000E+2
-9.497300000E-5	-4.768410000E-7	2.388100000E+0	9.997069092E+2	7.751370000E+2
-9.501030000E-5	-4.172340000E-7	2.376300000E+0	9.997069092E+2	7.783130000E+2
-9.498790000E-5	-4.693880000E-7	2.362100000E+0	9.997069092E+2	7.805680000E+2
-9.498790000E-5	-4.470370000E-7	2.351500000E+0	9.997069092E+2	7.836370000E+2
-9.491340000E-5	-4.768410000E-7	2.337900000E+0	9.997069092E+2	7.857880000E+2
-9.498050000E-5	-4.470370000E-7	2.327800000E+0	9.997069092E+2	7.886520000E+2
-9.505500000E-5	-4.991930000E-7	2.311900000E+0	9.997069092E+2	7.911790000E+2
-9.501030000E-5	-4.917420000E-7	2.298100000E+0	9.997069092E+2	7.943100000E+2
-9.506990000E-5	-4.619380000E-7	2.287300000E+0	9.997069092E+2	7.964680000E+2
-9.505500000E-5	-4.619380000E-7	2.274400000E+0	9.997069092E+2	7.996890000E+2
-9.504750000E-5	-4.842910000E-7	2.261600000E+0	9.997069092E+2	8.017850000E+2
-9.506240000E-5	-4.991930000E-7	2.244700000E+0	9.997069092E+2	8.053860000E+2
-9.512950000E-5	-4.246850000E-7	2.232400000E+0	9.997069092E+2	8.085720000E+2
-9.506990000E-5	-4.917420000E-7	2.220800000E+0	9.997069092E+2	8.106990000E+2
-9.509970000E-5	-3.948830000E-7	2.206700000E+0	9.997069092E+2	8.139100000E+2
-9.512950000E-5	-4.321350000E-7	2.196300000E+0	9.997069092E+2	8.160820000E+2
-9.515930000E-5	-4.023330000E-7	2.186200000E+0	9.997069092E+2	8.181660000E+2
-9.514440000E-5	-4.097840000E-7	2.172300000E+0	9.997069092E+2	8.208240000E+2
-9.517420000E-5	-4.842910000E-7	2.160300000E+0	9.997069092E+2	8.240370000E+2
-9.518910000E-5	-4.097840000E-7	2.147400000E+0	9.997069092E+2	8.261800000E+2
-9.519650000E-5	-3.874320000E-7	2.135400000E+0	9.997069092E+2	8.294150000E+2
-9.515930000E-5	-4.097840000E-7	2.121200000E+0	9.997069092E+2	8.315030000E+2
-9.521890000E-5	-4.619380000E-7	2.105800000E+0	9.997069092E+2	8.351150000E+2
-9.526360000E-5	-3.874320000E-7	2.093300000E+0	9.997069092E+2	8.383050000E+2
-9.515930000E-5	-3.948830000E-7	2.080000000E+0	9.997069092E+2	8.404860000E+2
-9.523380000E-5	-4.023330000E-7	2.068300000E+0	9.997069092E+2	8.436860000E+2
-9.526360000E-5	-3.725310000E-7	2.055500000E+0	9.997069092E+2	8.458060000E+2
-9.524120000E-5	-4.470370000E-7	2.043900000E+0	9.997069092E+2	8.490170000E+2
-9.527850000E-5	-3.948830000E-7	2.032600000E+0	9.997069092E+2	8.506250000E+2
-9.524870000E-5	-3.799810000E-7	2.020700000E+0	9.997069092E+2	8.537640000E+2
-9.524120000E-5	-4.544870000E-7	2.006600000E+0	9.997069092E+2	8.559190000E+2
-9.525610000E-5	-3.799810000E-7	2.019200000E+0	9.997069092E+2	9.872250000E+2
-9.520400000E-5	-3.874320000E-7	2.030300000E+0	9.997069092E+2	9.899910000E+2
-9.526360000E-5	-3.427290000E-7	2.040500000E+0	9.997069092E+2	9.920240000E+2
-9.522630000E-5	-3.501790000E-7	2.051200000E+0	9.997069092E+2	9.939910000E+2
-9.520400000E-5	-4.023330000E-7	2.062500000E+0	9.997069092E+2	9.965170000E+2
-9.510710000E-5	-3.948830000E-7	2.073700000E+0	9.997069092E+2	9.984580000E+2
-9.520400000E-5	-3.799810000E-7	2.084600000E+0	9.997069092E+2	1.001039000E+3
-9.517420000E-5	-4.246850000E-7	2.094900000E+0	9.997069092E+2	1.002607000E+3
-9.524870000E-5	-3.948830000E-7	2.105200000E+0	9.997069092E+2	1.005056000E+3
-9.519650000E-5	-3.874320000E-7	2.116900000E+0	9.997069092E+2	1.007211000E+3
-9.522630000E-5	-4.172340000E-7	2.128000000E+0	9.997069092E+2	1.009301000E+3
-9.513690000E-5	-3.874320000E-7	2.140800000E+0	9.997069092E+2	1.012105000E+3
-9.520400000E-5	-4.470370000E-7	2.152200000E+0	9.997069092E+2	1.014109000E+3
-9.511460000E-5	-4.321350000E-7	2.164400000E+0	9.997069092E+2	1.016801000E+3
-9.512950000E-5	-4.470370000E-7	2.175700000E+0	9.997069092E+2	1.019220000E+3
-9.512950000E-5	-4.321350000E-7	2.187500000E+0	9.997069092E+2	1.021441000E+3
-9.518910000E-5	-4.395860000E-7	2.198800000E+0	9.997069092E+2	1.023447000E+3
-9.514440000E-5	-4.321350000E-7	2.210300000E+0	9.997069092E+2	1.025831000E+3
-9.513690000E-5	-4.321350000E-7	2.220800000E+0	9.997069092E+2	1.028308000E+3
-9.506990000E-5	-3.874320000E-7	2.230900000E+0	9.997069092E+2	1.029965000E+3
-9.509970000E-5	-4.172340000E-7	2.241500000E+0	9.997069092E+2	1.032136000E+3
-9.508480000E-5	-4.470370000E-7	2.252500000E+0	9.997069092E+2	1.034699000E+3
-9.506240000E-5	-4.991930000E-7	2.265800000E+0	9.997069092E+2	1.037219000E+3
-9.509970000E-5	-4.172340000E-7	2.276600000E+0	9.997069092E+2	1.039190000E+3
-9.503260000E-5	-4.470370000E-7	2.286800000E+0	9.997069092E+2	1.041171000E+3
-9.506240000E-5	-4.619380000E-7	2.298800000E+0	9.997069092E+2	1.043747000E+3
-9.503260000E-5	-4.172340000E-7	2.310100000E+0	9.997069092E+2	1.046096000E+3
-9.504010000E-5	-4.544870000E-7	2.320500000E+0	9.997069092E+2	1.047980000E+3
-9.505500000E-5	-4.470370000E-7	2.333000000E+0	9.997069092E+2	1.050374000E+3
-9.504750000E-5	-4.619380000E-7	2.345200000E+0	9.997069092E+2	1.053195000E+3
-9.504010000E-5	-4.395860000E-7	2.356400000E+0	9.997069092E+2	1.054925000E+3
-9.501030000E-5	-4.842910000E-7	2.367000000E+0	9.997069092E+2	1.057444000E+3
-9.498790000E-5	-5.066430000E-7	2.378000000E+0	9.997069092E+2	1.059458000E+3
-9.497300000E-5	-4.693880000E-7	2.389400000E+0	9.997069092E+2	1.061667000E+3
-9.492830000E-5	-4.768410000E-7	2.402500000E+0	9.997069092E+2	1.064413000E+3
-9.487620000E-5	-5.364450000E-7	2.413700000E+0	9.997069092E+2	1.066925000E+3
-9.491340000E-5	-4.544870000E-7	2.423800000E+0	9.997069092E+2	1.068523000E+3
-9.501030000E-5	-4.917420000E-7	2.433900000E+0	9.997069092E+2	1.071053000E+3
-9.491340000E-5	-4.768410000E-7	2.445100000E+0	9.997069092E+2	1.072778000E+3
-9.490600000E-5	-4.693880000E-7	2.456400000E+0	9.997069092E+2	1.075254000E+3
-9.487620000E-5	-4.768410000E-7	2.469100000E+0	9.997069092E+2	1.077713000E+3
-9.490600000E-5	-5.140940000E-7	2.479600000E+0	9.997069092E+2	1.079729000E+3
-9.487620000E-5	-4.842910000E-7	2.490400000E+0	9.997069092E+2	1.082155000E+3
-9.486870000E-5	-5.364450000E-7	2.501300000E+0	9.997069092E+2	1.084332000E+3
-9.483150000E-5	-4.619380000E-7	2.511400000E+0	9.997069092E+2	1.085837000E+3
-9.483150000E-5	-5.215440000E-7	2.521700000E+0	9.997069092E+2	1.088392000E+3
-9.477930000E-5	-4.619380000E-7	2.532000000E+0	9.997069092E+2	1.090511000E+3
-9.484640000E-5	-5.066430000E-7	2.545000000E+0	9.997069092E+2	1.092645000E+3
-9.483890000E-5	-5.364450000E-7	2.555500000E+0	9.997069092E+2	1.095051000E+3
-9.481660000E-5	-4.693880000E-7	2.568600000E+0	9.997069092E+2	1.097462000E+3
-9.471970000E-5	-4.991930000E-7	2.580400000E+0	9.997069092E+2	1.100301000E+3
-9.480910000E-5	-5.215440000E-7	2.591500000E+0	9.997069092E+2	1.101882000E+3
-9.471220000E-5	-6.035010000E-7	2.601800000E+0	9.997069092E+2	1.104602000E+3
-9.475690000E-5	-5.438960000E-7	2.612600000E+0	9.997069092E+2	1.106115000E+3
-9.477930000E-5	-6.035010000E-7	2.623400000E+0	9.997069092E+2	1.108642000E+3
-9.471220000E-5	-5.662480000E-7	2.636800000E+0	9.997069092E+2	1.110775000E+3
-9.466750000E-5	-5.215440000E-7	2.648400000E+0	9.997069092E+2	1.113586000E+3
-9.466010000E-5	-5.513470000E-7	2.659300000E+0	9.997069092E+2	1.115577000E+3
-9.462280000E-5	-5.438960000E-7	2.671100000E+0	9.997069092E+2	1.118388000E+3
-9.466750000E-5	-6.184020000E-7	2.682100000E+0	9.997069092E+2	1.120129000E+3
-9.466750000E-5	-5.289950000E-7	2.693600000E+0	9.997069092E+2	1.122955000E+3
-9.460790000E-5	-5.886000000E-7	2.704000000E+0	9.997069092E+2	1.124697000E+3
-9.457810000E-5	-5.513470000E-7	2.714300000E+0	9.997069092E+2	1.127168000E+3
-9.459300000E-5	-6.109510000E-7	2.724800000E+0	9.997069092E+2	1.128757000E+3
-9.463770000E-5	-6.035010000E-7	2.736000000E+0	9.997069092E+2	1.131155000E+3
-9.458560000E-5	-5.811490000E-7	2.747700000E+0	9.997069092E+2	1.133300000E+3
-9.456320000E-5	-6.109510000E-7	2.758100000E+0	9.997069092E+2	1.135693000E+3
-9.456320000E-5	-6.184020000E-7	2.769600000E+0	9.997069092E+2	1.137820000E+3
-9.460050000E-5	-5.140940000E-7	2.779700000E+0	9.997069092E+2	1.139809000E+3
-9.456320000E-5	-6.184020000E-7	2.792300000E+0	9.997069092E+2	1.142626000E+3
-9.449620000E-5	-6.333030000E-7	2.803400000E+0	9.997069092E+2	1.144377000E+3
-9.449620000E-5	-5.886000000E-7	2.815200000E+0	9.997069092E+2	1.146946000E+3
-9.446640000E-5	-6.780060000E-7	2.828200000E+0	9.997069092E+2	1.149295000E+3
-9.443660000E-5	-6.258520000E-7	2.839000000E+0	9.997069092E+2	1.151731000E+3
-9.442910000E-5	-6.482040000E-7	2.851500000E+0	9.997069092E+2	1.154095000E+3
-9.440680000E-5	-6.333030000E-7	2.862900000E+0	9.997069092E+2	1.156362000E+3
-9.441420000E-5	-6.407540000E-7	2.872900000E+0	9.997069092E+2	1.158761000E+3
-9.439930000E-5	-6.482040000E-7	2.883800000E+0	9.997069092E+2	1.160337000E+3
-9.437700000E-5	-6.482040000E-7	2.896600000E+0	9.997069092E+2	1.163322000E+3
-9.439190000E-5	-5.736980000E-7	2.907700000E+0	9.997069092E+2	1.165284000E+3
-9.434720000E-5	-6.705560000E-7	2.917900000E+0	9.997069092E+2	1.167683000E+3
-9.433230000E-5	-7.227100000E-7	2.929300000E+0	9.997069092E+2	1.169949000E+3
-9.430990000E-5	-7.227100000E-7	2.940000000E+0	9.997069092E+2	1.172251000E+3
-9.428010000E-5	-6.929080000E-7	2.951100000E+0	9.997069092E+2	1.173856000E+3
-9.425030000E-5	-7.078090000E-7	2.961600000E+0	9.997069092E+2	1.176343000E+3
-9.418330000E-5	-6.780060000E-7	2.976700000E+0	9.997069092E+2	1.178901000E+3
-9.422050000E-5	-7.748640000E-7	2.987300000E+0	9.997069092E+2	1.181744000E+3
-9.422800000E-5	-7.152590000E-7	2.999300000E+0	9.997069092E+2	1.183491000E+3
-9.419070000E-5	-7.376110000E-7	3.010900000E+0	9.997069092E+2	1.186199000E+3
-9.422800000E-5	-7.674130000E-7	3.021600000E+0	9.997069092E+2	1.187834000E+3
-9.415350000E-5	-7.450620000E-7	3.032000000E+0	9.997069092E+2	1.190198000E+3
-9.419820000E-5	-7.674130000E-7	3.042900000E+0	9.997069092E+2	1.192594000E+3
-9.412370000E-5	-7.748640000E-7	3.054700000E+0	9.997069092E+2	1.194753000E+3
-9.411620000E-5	-7.674130000E-7	3.066500000E+0	9.997069092E+2	1.197281000E+3
-9.413860000E-5	-7.972160000E-7	3.078000000E+0	9.997069092E+2	1.199331000E+3
-9.401930000E-5	-8.270180000E-7	3.089300000E+0	9.997069092E+2	1.202080000E+3
-9.401190000E-5	-8.270180000E-7	3.103000000E+0	9.997069092E+2	1.204186000E+3
-9.398210000E-5	-8.195680000E-7	3.113100000E+0	9.997069092E+2	1.206731000E+3
-9.399700000E-5	-7.972160000E-7	3.123800000E+0	9.997069092E+2	1.208737000E+3
-9.399700000E-5	-8.493700000E-7	3.134100000E+0	9.997069092E+2	1.210764000E+3
-9.392250000E-5	-7.674130000E-7	3.147600000E+0	9.997069092E+2	1.213535000E+3
-9.390010000E-5	-8.642710000E-7	3.159500000E+0	9.997069092E+2	1.215536000E+3
-9.390010000E-5	-8.866230000E-7	3.171200000E+0	9.997069092E+2	1.218365000E+3
-9.384800000E-5	-8.791720000E-7	3.181500000E+0	9.997069092E+2	1.220085000E+3
-9.379580000E-5	-8.493700000E-7	3.191800000E+0	9.997069092E+2	1.222190000E+3
-9.382560000E-5	-9.089740000E-7	3.204700000E+0	9.997069092E+2	1.225020000E+3
-9.379580000E-5	-8.642710000E-7	3.215800000E+0	9.997069092E+2	1.227066000E+3
-9.374370000E-5	-9.089740000E-7	3.227100000E+0	9.997069092E+2	1.229567000E+3
-9.369900000E-5	-9.164250000E-7	3.237200000E+0	9.997069092E+2	1.231265000E+3
-9.375860000E-5	-9.611320000E-7	3.248200000E+0	9.997069092E+2	1.233652000E+3
-9.369900000E-5	-9.909340000E-7	3.258900000E+0	9.997069092E+2	1.235644000E+3
-9.360960000E-5	-9.909340000E-7	3.269900000E+0	9.997069092E+2	1.237687000E+3
-9.361700000E-5	-9.164250000E-7	3.281400000E+0	9.997069092E+2	1.240461000E+3
-9.356490000E-5	-9.238760000E-7	3.293900000E+0	9.997069092E+2	1.242590000E+3
-9.352760000E-5	-9.611320000E-7	3.305900000E+0	9.997069092E+2	1.245385000E+3
-9.349780000E-5	-9.834840000E-7	3.317000000E+0	9.997069092E+2	1.246974000E+3
-9.352020000E-5	-9.834840000E-7	3.330000000E+0	9.997069092E+2	1.249890000E+3
-9.350530000E-5	-1.072890000E-6	3.341700000E+0	9.997069092E+2	1.252453000E+3
-9.343820000E-5	-1.102690000E-6	3.352600000E+0	9.997069092E+2	1.254490000E+3
-9.342330000E-5	-1.013290000E-6	3.362800000E+0	9.997069092E+2	1.256468000E+3
-9.337860000E-5	-1.057990000E-6	3.373300000E+0	9.997069092E+2	1.258838000E+3
-9.334880000E-5	-1.020740000E-6	3.384400000E+0	9.997069092E+2	1.260968000E+3
-9.331150000E-5	-1.072890000E-6	3.396600000E+0	9.997069092E+2	1.262973000E+3
-9.329660000E-5	-1.102690000E-6	3.407800000E+0	9.997069092E+2	1.265802000E+3
-9.317000000E-5	-1.147400000E-6	3.420100000E+0	9.997069092E+2	1.267620000E+3
-9.319230000E-5	-1.087790000E-6	3.431700000E+0	9.997069092E+2	1.270345000E+3
-9.317000000E-5	-1.154850000E-6	3.443000000E+0	9.997069092E+2	1.272684000E+3
-9.312530000E-5	-1.147400000E-6	3.454700000E+0	9.997069092E+2	1.274683000E+3
-9.309550000E-5	-1.199550000E-6	3.464800000E+0	9.997069092E+2	1.276861000E+3
-9.305080000E-5	-1.147400000E-6	3.475800000E+0	9.997069092E+2	1.279372000E+3
-9.295390000E-5	-1.207000000E-6	3.487500000E+0	9.997069092E+2	1.281496000E+3
-9.291670000E-5	-1.229350000E-6	3.497600000E+0	9.997069092E+2	1.283389000E+3
-9.296140000E-5	-1.207000000E-6	3.507700000E+0	9.997069092E+2	1.285780000E+3
-9.290920000E-5	-1.169750000E-6	3.518900000E+0	9.997069092E+2	1.287398000E+3
-9.283470000E-5	-1.244250000E-6	3.529100000E+0	9.997069092E+2	1.289758000E+3
-9.279740000E-5	-1.229350000E-6	3.541100000E+0	9.997069092E+2	1.292278000E+3
-9.275270000E-5	-1.296410000E-6	3.552900000E+0	9.997069092E+2	1.294445000E+3
-9.275270000E-5	-1.274060000E-6	3.563200000E+0	9.997069092E+2	1.296831000E+3
-9.271550000E-5	-1.356010000E-6	3.573800000E+0	9.997069092E+2	1.298431000E+3
-9.261120000E-5	-1.393270000E-6	3.586300000E+0	9.997069092E+2	1.301228000E+3
-9.253670000E-5	-1.415620000E-6	3.597200000E+0	9.997069092E+2	1.303352000E+3
-9.251430000E-5	-1.430520000E-6	3.607600000E+0	9.997069092E+2	1.305392000E+3
-9.250690000E-5	-1.378360000E-6	3.618100000E+0	9.997069092E+2	1.307731000E+3
-9.239510000E-5	-1.430520000E-6	3.630100000E+0	9.997069092E+2	1.310207000E+3
-9.238020000E-5	-1.460320000E-6	3.641600000E+0	9.997069092E+2	1.312339000E+3
-9.230570000E-5	-1.490120000E-6	3.654400000E+0	9.997069092E+2	1.314704000E+3
-9.226100000E-5	-1.534830000E-6	3.666600000E+0	9.997069092E+2	1.317465000E+3
-9.224610000E-5	-1.609330000E-6	3.678700000E+0	9.997069092E+2	1.319462000E+3
-9.210450000E-5	-1.586980000E-6	3.690700000E+0	9.997069092E+2	1.322037000E+3
-9.209710000E-5	-1.601880000E-6	3.701600000E+0	9.997069092E+2	1.324167000E+3
-9.200770000E-5	-1.646590000E-6	3.715100000E+0	9.997069092E+2	1.326976000E+3
-9.185120000E-5	-1.639140000E-6	3.726000000E+0	9.997069092E+2	1.328949000E+3
-9.188100000E-5	-1.639140000E-6	3.736300000E+0	9.997069092E+2	1.331334000E+3
-9.173950000E-5	-1.713640000E-6	3.748600000E+0	9.997069092E+2	1.333473000E+3
-9.167990000E-5	-1.750890000E-6	3.760200000E+0	9.997069092E+2	1.335868000E+3
-9.170970000E-5	-1.810500000E-6	3.770900000E+0	9.997069092E+2	1.338287000E+3
-9.158300000E-5	-1.743440000E-6	3.781200000E+0	9.997069092E+2	1.340274000E+3
-9.152340000E-5	-1.892450000E-6	3.791700000E+0	9.997069092E+2	1.342243000E+3
-9.139670000E-5	-1.840300000E-6	3.802600000E+0	9.997069092E+2	1.344975000E+3
-9.134460000E-5	-1.952070000E-6	3.813700000E+0	9.997069092E+2	1.346396000E+3
-9.127750000E-5	-1.907360000E-6	3.823800000E+0	9.997069092E+2	1.348780000E+3
-9.115830000E-5	-1.959520000E-6	3.838500000E+0	9.997069092E+2	1.351360000E+3
-9.109130000E-5	-1.959520000E-6	3.849800000E+0	9.997069092E+2	1.353711000E+3
-9.101680000E-5	-2.063830000E-6	3.860000000E+0	9.997069092E+2	1.356160000E+3
-9.091990000E-5	-2.063830000E-6	3.870100000E+0	9.997069092E+2	1.358142000E+3
-9.088260000E-5	-2.063830000E-6	3.880500000E+0	9.997069092E+2	1.359890000E+3
-9.086030000E-5	-2.160680000E-6	3.892800000E+0	9.997069092E+2	1.362298000E+3
-9.060700000E-5	-2.212840000E-6	3.904200000E+0	9.997069092E+2	1.365191000E+3
-9.060700000E-5	-2.279890000E-6	3.916800000E+0	9.997069092E+2	1.367171000E+3
-9.045050000E-5	-2.294790000E-6	3.928000000E+0	9.997069092E+2	1.369587000E+3
-9.037600000E-5	-2.361850000E-6	3.939600000E+0	9.997069092E+2	1.371563000E+3
-9.026420000E-5	-2.414000000E-6	3.951100000E+0	9.997069092E+2	1.374000000E+3
-9.005560000E-5	-2.473610000E-6	3.962700000E+0	9.997069092E+2	1.376767000E+3
-9.003330000E-5	-2.495960000E-6	3.973400000E+0	9.997069092E+2	1.378447000E+3
-8.990660000E-5	-2.585370000E-6	3.983900000E+0	9.997069092E+2	1.381247000E+3
-8.972780000E-5	-2.585370000E-6	3.995500000E+0	9.997069092E+2	1.383210000E+3
-8.972780000E-5	-2.674770000E-6	4.005900000E+0	9.997069092E+2	1.384644000E+3
-8.951170000E-5	-2.667320000E-6	4.017500000E+0	9.997069092E+2	1.387491000E+3
-8.934780000E-5	-2.853590000E-6	4.027700000E+0	9.997069092E+2	1.389431000E+3
-8.921370000E-5	-2.838690000E-6	4.039000000E+0	9.997069092E+2	1.391894000E+3
-8.911690000E-5	-2.935540000E-6	4.050000000E+0	9.997069092E+2	1.393877000E+3
-8.894550000E-5	-2.965350000E-6	4.061000000E+0	9.997069092E+2	1.396112000E+3
-8.873690000E-5	-3.039850000E-6	4.073200000E+0	9.997069092E+2	1.398481000E+3
-8.861770000E-5	-3.121810000E-6	4.085500000E+0	9.997069092E+2	1.400892000E+3
-8.842400000E-5	-3.241020000E-6	4.096000000E+0	9.997069092E+2	1.403285000E+3
-8.831960000E-5	-3.300620000E-6	4.106100000E+0	9.997069092E+2	1.404904000E+3
-8.797690000E-5	-3.382580000E-6	4.116600000E+0	9.997069092E+2	1.407753000E+3
-8.785770000E-5	-3.516690000E-6	4.127700000E+0	9.997069092E+2	1.409705000E+3
-8.770870000E-5	-3.553940000E-6	4.138100000E+0	9.997069092E+2	1.411282000E+3
-8.748520000E-5	-3.673150000E-6	4.148600000E+0	9.997069092E+2	1.413698000E+3
-8.726910000E-5	-3.732760000E-6	4.161700000E+0	9.997069092E+2	1.416086000E+3
-8.697110000E-5	-3.881780000E-6	4.172700000E+0	9.997069092E+2	1.418689000E+3
-8.682210000E-5	-3.971190000E-6	4.182900000E+0	9.997069092E+2	1.420444000E+3
-8.656130000E-5	-4.068050000E-6	4.193400000E+0	9.997069092E+2	1.422836000E+3
-8.636010000E-5	-4.150000000E-6	4.203900000E+0	9.997069092E+2	1.424782000E+3
-8.610680000E-5	-4.373520000E-6	4.215200000E+0	9.997069092E+2	1.426760000E+3
-8.578650000E-5	-4.440580000E-6	4.226600000E+0	9.997069092E+2	1.429288000E+3
-8.546610000E-5	-4.567240000E-6	4.237700000E+0	9.997069092E+2	1.431707000E+3
-8.519040000E-5	-4.708800000E-6	4.248000000E+0	9.997069092E+2	1.433490000E+3
-8.484020000E-5	-4.909960000E-6	4.258500000E+0	9.997069092E+2	1.435461000E+3
-8.448260000E-5	-5.058970000E-6	4.269600000E+0	9.997069092E+2	1.438254000E+3
-8.422180000E-5	-5.073870000E-6	4.280300000E+0	9.997069092E+2	1.439825000E+3
-8.380460000E-5	-5.349550000E-6	4.292300000E+0	9.997069092E+2	1.442216000E+3
-8.334270000E-5	-5.543260000E-6	4.303400000E+0	9.997069092E+2	1.445031000E+3
-8.304460000E-5	-5.632670000E-6	4.314100000E+0	9.997069092E+2	1.446610000E+3
-8.258270000E-5	-5.863640000E-6	4.324900000E+0	9.997069092E+2	1.449079000E+3
-8.212080000E-5	-6.102050000E-6	4.338400000E+0	9.997069092E+2	1.451559000E+3
-8.149490000E-5	-6.407530000E-6	4.348500000E+0	9.997069092E+2	1.453943000E+3
-8.107770000E-5	-6.549090000E-6	4.359600000E+0	9.997069092E+2	1.455973000E+3
-8.068280000E-5	-6.720450000E-6	4.370800000E+0	9.997069092E+2	1.457958000E+3
-7.993030000E-5	-7.055730000E-6	4.381200000E+0	9.997069092E+2	1.460135000E+3
-7.949070000E-5	-7.264350000E-6	4.392400000E+0	9.997069092E+2	1.462544000E+3
-7.879040000E-5	-7.540020000E-6	4.404900000E+0	9.997069092E+2	1.464874000E+3
-7.796330000E-5	-7.912570000E-6	4.417600000E+0	9.997069092E+2	1.467408000E+3
-7.745670000E-5	-8.158440000E-6	4.428200000E+0	9.997069092E+2	1.469417000E+3
-7.662220000E-5	-8.493720000E-6	4.438400000E+0	9.997069092E+2	1.471801000E+3
-7.588460000E-5	-8.739590000E-6	4.449000000E+0	9.997069092E+2	1.473815000E+3
-7.493100000E-5	-9.164270000E-6	4.461600000E+0	9.997069092E+2	1.475973000E+3
-7.403690000E-5	-9.603860000E-6	4.471900000E+0	9.997069092E+2	1.478429000E+3
-7.315770000E-5	-9.864630000E-6	4.484300000E+0	9.997069092E+2	1.480736000E+3
-7.181660000E-5	-1.040850000E-5	4.495400000E+0	9.997069092E+2	1.483156000E+3
-7.084800000E-5	-1.076610000E-5	4.507300000E+0	9.997069092E+2	1.485539000E+3
-6.987200000E-5	-1.119080000E-5	4.519200000E+0	9.997069092E+2	1.487541000E+3
-6.832230000E-5	-1.175710000E-5	4.530000000E+0	9.997069092E+2	1.490120000E+3
-6.687690000E-5	-1.233080000E-5	4.541500000E+0	9.997069092E+2	1.492479000E+3
-6.573690000E-5	-1.273310000E-5	4.552500000E+0	9.997069092E+2	1.494077000E+3
-6.409040000E-5	-1.333660000E-5	4.562600000E+0	9.997069092E+2	1.496503000E+3
-6.242140000E-5	-1.387300000E-5	4.572600000E+0	9.997069092E+2	1.498536000E+3
-6.093110000E-5	-1.432750000E-5	4.582900000E+0	9.997069092E+2	1.500477000E+3
-5.915040000E-5	-1.478950000E-5	4.595100000E+0	9.997069092E+2	1.502638000E+3
-5.613290000E-5	-1.564630000E-5	4.607200000E+0	9.997069092E+2	1.505581000E+3
-5.385300000E-5	-1.624240000E-5	4.618900000E+0	9.997069092E+2	1.507945000E+3
-5.211700000E-5	-1.660000000E-5	4.629800000E+0	9.997069092E+2	1.509611000E+3
-4.936780000E-5	-1.716630000E-5	4.640100000E+0	9.997069092E+2	1.511950000E+3
-4.655150000E-5	-1.767290000E-5	4.651000000E+0	9.997069092E+2	1.514421000E+3
-4.423430000E-5	-1.803800000E-5	4.661100000E+0	9.997069092E+2	1.516354000E+3
-4.126900000E-5	-1.844780000E-5	4.673500000E+0	9.997069092E+2	1.518529000E+3
-3.860910000E-5	-1.873090000E-5	4.684900000E+0	9.997069092E+2	1.520852000E+3
-3.550220000E-5	-1.888730000E-5	4.696600000E+0	9.997069092E+2	1.523276000E+3
-3.337140000E-5	-1.893950000E-5	4.706700000E+0	9.997069092E+2	1.525268000E+3
-3.045810000E-5	-1.885750000E-5	4.717700000E+0	9.997069092E+2	1.527267000E+3
-2.750770000E-5	-1.868620000E-5	4.728200000E+0	9.997069092E+2	1.529809000E+3
-2.554070000E-5	-1.839560000E-5	4.739800000E+0	9.997069092E+2	1.531843000E+3
-2.294790000E-5	-1.783680000E-5	4.750700000E+0	9.997069092E+2	1.533793000E+3
-2.075740000E-5	-1.721840000E-5	4.761400000E+0	9.997069092E+2	1.536197000E+3
-1.874580000E-5	-1.656280000E-5	4.772000000E+0	9.997069092E+2	1.538594000E+3
-1.737490000E-5	-1.592200000E-5	4.783500000E+0	9.997069092E+2	1.540658000E+3
-1.599650000E-5	-1.534090000E-5	4.793800000E+0	9.997069092E+2	1.542602000E+3
-1.482670000E-5	-1.473730000E-5	4.804000000E+0	9.997069092E+2	1.544610000E+3
-1.376130000E-5	-1.408170000E-5	4.814700000E+0	9.997069092E+2	1.547152000E+3
-1.319500000E-5	-1.374640000E-5	4.825600000E+0	9.997069092E+2	1.548849000E+3
-1.222650000E-5	-1.321740000E-5	4.835900000E+0	9.997069092E+2	1.551311000E+3
-1.174220000E-5	-1.294920000E-5	4.846700000E+0	9.997069092E+2	1.553294000E+3
-1.110140000E-5	-1.255430000E-5	4.858700000E+0	9.997069092E+2	1.555654000E+3
-1.050540000E-5	-1.222650000E-5	4.869700000E+0	9.997069092E+2	1.557705000E+3
-9.946580000E-6	-1.177200000E-5	4.881000000E+0	9.997069092E+2	1.560095000E+3
-9.439940000E-6	-1.151870000E-5	4.892700000E+0	9.997069092E+2	1.562894000E+3
-9.141920000E-6	-1.125040000E-5	4.903200000E+0	9.997069092E+2	1.564458000E+3
-8.620380000E-6	-1.095990000E-5	4.914700000E+0	9.997069092E+2	1.566591000E+3
-8.262750000E-6	-1.064690000E-5	4.925600000E+0	9.997069092E+2	1.568985000E+3
-7.860420000E-6	-1.034890000E-5	4.937100000E+0	9.997069092E+2	1.571776000E+3
-7.502760000E-6	-1.009560000E-5	4.949900000E+0	9.997069092E+2	1.573915000E+3
-7.130230000E-6	-9.760320000E-6	4.962600000E+0	9.997069092E+2	1.576372000E+3
-6.720450000E-6	-9.477200000E-6	4.973400000E+0	9.997069092E+2	1.578717000E+3
-6.429880000E-6	-9.149370000E-6	4.985500000E+0	9.997069092E+2	1.580735000E+3
-6.087150000E-6	-8.903500000E-6	4.996500000E+0	9.997069092E+2	1.583567000E+3
-5.856190000E-6	-8.694890000E-6	5.008300000E+0	9.997069092E+2	1.585588000E+3
-5.625220000E-6	-8.426660000E-6	5.018800000E+0	9.997069092E+2	1.587158000E+3
-5.297390000E-6	-8.150990000E-6	5.030300000E+0	9.997069092E+2	1.590039000E+3
-5.006820000E-6	-7.860420000E-6	5.041800000E+0	9.997069092E+2	1.592455000E+3
-4.760950000E-6	-7.644350000E-6	5.053900000E+0	9.997069092E+2	1.594536000E+3
-4.574690000E-6	-7.331400000E-6	5.065400000E+0	9.997069092E+2	1.596984000E+3
-4.351170000E-6	-7.122780000E-6	5.075600000E+0	9.997069092E+2	1.599016000E+3
-4.135100000E-6	-6.936520000E-6	5.085800000E+0	9.997069092E+2	1.601371000E+3
-3.986090000E-6	-6.683200000E-6	5.096100000E+0	9.997069092E+2	1.602960000E+3
-3.747660000E-6	-6.467130000E-6	5.108500000E+0	9.997069092E+2	1.605377000E+3
-3.576290000E-6	-6.206360000E-6	5.119100000E+0	9.997069092E+2	1.607775000E+3
-3.360230000E-6	-5.953040000E-6	5.131600000E+0	9.997069092E+2	1.610587000E+3
-3.226120000E-6	-5.811480000E-6	5.142300000E+0	9.997069092E+2	1.612168000E+3
-3.054750000E-6	-5.513460000E-6	5.154400000E+0	9.997069092E+2	1.614599000E+3
-2.920640000E-6	-5.304840000E-6	5.165700000E+0	9.997069092E+2	1.617156000E+3
-2.771630000E-6	-5.096230000E-6	5.178900000E+0	9.997069092E+2	1.619614000E+3
-2.592820000E-6	-4.887610000E-6	5.189300000E+0	9.997069092E+2	1.621634000E+3
-2.473610000E-6	-4.760950000E-6	5.199600000E+0	9.997069092E+2	1.624014000E+3
-2.391650000E-6	-4.537430000E-6	5.209800000E+0	9.997069092E+2	1.626048000E+3
-2.287340000E-6	-4.351170000E-6	5.220300000E+0	9.997069092E+2	1.627645000E+3
-2.160680000E-6	-4.135100000E-6	5.231000000E+0	9.997069092E+2	1.630451000E+3
-2.078730000E-6	-3.971190000E-6	5.244000000E+0	9.997069092E+2	1.632448000E+3
-1.952070000E-6	-3.755110000E-6	5.256500000E+0	9.997069092E+2	1.634817000E+3
-1.825400000E-6	-3.568840000E-6	5.266900000E+0	9.997069092E+2	1.637351000E+3
-1.803050000E-6	-3.367680000E-6	5.278500000E+0	9.997069092E+2	1.639345000E+3
-1.668940000E-6	-3.226120000E-6	5.290000000E+0	9.997069092E+2	1.642161000E+3
-1.586980000E-6	-3.069650000E-6	5.301700000E+0	9.997069092E+2	1.644140000E+3
-1.497570000E-6	-2.950440000E-6	5.312700000E+0	9.997069092E+2	1.646142000E+3
-1.370910000E-6	-2.779080000E-6	5.324600000E+0	9.997069092E+2	1.648543000E+3
-1.348560000E-6	-2.533210000E-6	5.334900000E+0	9.997069092E+2	1.651119000E+3
-1.251700000E-6	-2.473610000E-6	5.345400000E+0	9.997069092E+2	1.653158000E+3
-1.251700000E-6	-2.376750000E-6	5.356700000E+0	9.997069092E+2	1.655165000E+3
-1.132500000E-6	-2.242640000E-6	5.367500000E+0	9.997069092E+2	1.657508000E+3
-1.110140000E-6	-2.063830000E-6	5.378300000E+0	9.997069092E+2	1.659898000E+3
-1.080340000E-6	-1.989320000E-6	5.389100000E+0	9.997069092E+2	1.661525000E+3
-1.020740000E-6	-1.840300000E-6	5.399200000E+0	9.997069092E+2	1.663533000E+3
-9.685830000E-7	-1.795600000E-6	5.409500000E+0	9.997069092E+2	1.665867000E+3
-9.983850000E-7	-1.609330000E-6	5.420900000E+0	9.997069092E+2	1.668463000E+3
-9.089740000E-7	-1.557180000E-6	5.431100000E+0	9.997069092E+2	1.670024000E+3
-8.717220000E-7	-1.378360000E-6	5.441200000E+0	9.997069092E+2	1.672145000E+3
-8.270180000E-7	-1.318760000E-6	5.451300000E+0	9.997069092E+2	1.674144000E+3
-8.195680000E-7	-1.214450000E-6	5.462900000E+0	9.997069092E+2	1.676944000E+3
-7.674130000E-7	-1.125040000E-6	5.473500000E+0	9.997069092E+2	1.678524000E+3
-7.152590000E-7	-1.057990000E-6	5.484400000E+0	9.997069092E+2	1.680537000E+3
-6.929080000E-7	-9.238760000E-7	5.496100000E+0	9.997069092E+2	1.683338000E+3
-7.003580000E-7	-8.419190000E-7	5.509200000E+0	9.997069092E+2	1.685729000E+3
-6.407540000E-7	-7.003580000E-7	5.520700000E+0	9.997069092E+2	1.687712000E+3
-6.184020000E-7	-6.631050000E-7	5.531000000E+0	9.997069092E+2	1.689866000E+3
-6.035010000E-7	-6.407540000E-7	5.542000000E+0	9.997069092E+2	1.692251000E+3
-6.109510000E-7	-5.140940000E-7	5.553900000E+0	9.997069092E+2	1.695056000E+3
-5.811490000E-7	-4.321350000E-7	5.565700000E+0	9.997069092E+2	1.697120000E+3
-5.587970000E-7	-4.023330000E-7	5.576300000E+0	9.997069092E+2	1.699444000E+3
-5.513470000E-7	-3.501790000E-7	5.587300000E+0	9.997069092E+2	1.701059000E+3
-5.140940000E-7	-2.533220000E-7	5.598900000E+0	9.997069092E+2	1.703904000E+3
-4.842910000E-7	-1.862650000E-7	5.610600000E+0	9.997069092E+2	1.705843000E+3
-5.215440000E-7	-1.415620000E-7	5.622000000E+0	9.997069092E+2	1.708242000E+3
-5.289950000E-7	-1.043090000E-7	5.632100000E+0	9.997069092E+2	1.710393000E+3
-4.470370000E-7	-5.960510000E-8	5.642400000E+0	9.997069092E+2	1.712471000E+3
-4.991930000E-7	2.235190000E-8	5.653400000E+0	9.997069092E+2	1.714371000E+3
-4.768410000E-7	4.470370000E-8	5.665500000E+0	9.997069092E+2	1.717175000E+3
-4.693880000E-7	1.043090000E-7	5.676500000E+0	9.997069092E+2	1.719177000E+3
-5.140940000E-7	1.117590000E-7	5.687300000E+0	9.997069092E+2	1.721298000E+3
-4.246850000E-7	2.011670000E-7	5.698200000E+0	9.997069092E+2	1.723758000E+3
-4.395860000E-7	2.533220000E-7	5.708400000E+0	9.997069092E+2	1.725717000E+3
-4.693880000E-7	2.533220000E-7	5.719700000E+0	9.997069092E+2	1.728130000E+3
-3.948830000E-7	3.278270000E-7	5.732100000E+0	9.997069092E+2	1.730124000E+3
-4.395860000E-7	3.352780000E-7	5.742600000E+0	9.997069092E+2	1.732641000E+3
-4.395860000E-7	3.650800000E-7	5.753900000E+0	9.997069092E+2	1.735056000E+3
-4.097840000E-7	4.097840000E-7	5.766800000E+0	9.997069092E+2	1.737029000E+3
-3.874320000E-7	4.097840000E-7	5.777800000E+0	9.997069092E+2	1.739844000E+3
-3.725310000E-7	4.395860000E-7	5.789700000E+0	9.997069092E+2	1.742002000E+3
-3.874320000E-7	4.395860000E-7	5.801500000E+0	9.997069092E+2	1.744361000E+3
-4.246850000E-7	5.140940000E-7	5.812900000E+0	9.997069092E+2	1.746388000E+3
-3.874320000E-7	5.364450000E-7	5.824700000E+0	9.997069092E+2	1.748775000E+3
-3.501790000E-7	5.662480000E-7	5.834800000E+0	9.997069092E+2	1.750751000E+3
-4.023330000E-7	5.662480000E-7	5.845000000E+0	9.997069092E+2	1.753169000E+3
-3.725310000E-7	5.662480000E-7	5.856600000E+0	9.997069092E+2	1.755207000E+3
-3.874320000E-7	6.184020000E-7	5.866700000E+0	9.997069092E+2	1.757149000E+3
-3.576300000E-7	5.960500000E-7	5.877400000E+0	9.997069092E+2	1.759160000E+3
-3.948830000E-7	6.184020000E-7	5.888600000E+0	9.997069092E+2	1.761945000E+3
-3.948830000E-7	6.109510000E-7	5.900900000E+0	9.997069092E+2	1.763957000E+3
-4.172340000E-7	6.407540000E-7	5.912500000E+0	9.997069092E+2	1.765946000E+3
-4.097840000E-7	6.482040000E-7	5.924900000E+0	9.997069092E+2	1.769046000E+3
-3.427290000E-7	6.631050000E-7	5.935800000E+0	9.997069092E+2	1.771290000E+3
-4.395860000E-7	6.333030000E-7	5.947900000E+0	9.997069092E+2	1.773315000E+3
-4.172340000E-7	6.035010000E-7	5.958200000E+0	9.997069092E+2	1.775668000E+3
-3.874320000E-7	6.631050000E-7	5.969500000E+0	9.997069092E+2	1.777825000E+3
-4.321350000E-7	7.152590000E-7	5.981000000E+0	9.997069092E+2	1.780244000E+3
-4.395860000E-7	7.152590000E-7	5.991700000E+0	9.997069092E+2	1.781812000E+3
-3.576300000E-7	7.003580000E-7	6.002700000E+0	9.997069092E+2	1.784657000E+3
