20250501_HM451MoTaZr2_chiAC_vs_T_B_04.001.txt Thu, May 1, 2025 4:43:55 PM Juan
Magnet: None
Trigger spacing of 0.010000 on column #3
Offsets:	0.000000000E+0	0.000000000E+0	0.000000000E+0	0.000000000E+0	0.000000000E+0

Scale Factors:	1.000000000E+0	1.000000000E+0	1.000000000E+0	1.000000000E+0	1.000000000E+0

0.4T
Lockin_V_001	Chan2_V_001	Temperature_001	Field_001	Timestamp_001
-5.669920000E-6	4.991930000E-7	5.998800000E+0	3.999459961E+3	2.800000000E-2
-5.714620000E-6	5.215440000E-7	5.987000000E+0	3.999459961E+3	7.405200000E+1
-5.736980000E-6	5.289950000E-7	5.976900000E+0	3.999459961E+3	7.564100000E+1
-5.751880000E-6	5.886000000E-7	5.964600000E+0	3.999459961E+3	7.766000000E+1
-5.729530000E-6	5.811490000E-7	5.953800000E+0	3.999459961E+3	7.966700000E+1
-5.766780000E-6	5.513470000E-7	5.942100000E+0	3.999459961E+3	8.244400000E+1
-5.736980000E-6	5.140940000E-7	5.929500000E+0	3.999459961E+3	8.496500000E+1
-5.766780000E-6	5.587970000E-7	5.917800000E+0	3.999459961E+3	8.723900000E+1
-5.744430000E-6	5.215440000E-7	5.906300000E+0	3.999459961E+3	8.911700000E+1
-5.699720000E-6	5.140940000E-7	5.896200000E+0	3.999459961E+3	9.167400000E+1
-5.736980000E-6	5.215440000E-7	5.884100000E+0	3.999459961E+3	9.406900000E+1
-5.707170000E-6	5.140940000E-7	5.872300000E+0	3.999459961E+3	9.602700000E+1
-5.744430000E-6	5.215440000E-7	5.861100000E+0	3.999459961E+3	9.848500000E+1
-5.736980000E-6	5.289950000E-7	5.849800000E+0	3.999459961E+3	1.008320000E+2
-5.729530000E-6	4.470370000E-7	5.839500000E+0	3.999459961E+3	1.029360000E+2
-5.729530000E-6	4.172340000E-7	5.829100000E+0	3.999459961E+3	1.048570000E+2
-5.684820000E-6	4.917420000E-7	5.817800000E+0	3.999459961E+3	1.068510000E+2
-5.677370000E-6	4.544870000E-7	5.807700000E+0	3.999459961E+3	1.096510000E+2
-5.684820000E-6	4.991930000E-7	5.796000000E+0	3.999459961E+3	1.112420000E+2
-5.736980000E-6	4.991930000E-7	5.785900000E+0	3.999459961E+3	1.128490000E+2
-5.774230000E-6	4.395860000E-7	5.774300000E+0	3.999459961E+3	1.156760000E+2
-5.707170000E-6	4.395860000E-7	5.762400000E+0	3.999459961E+3	1.184680000E+2
-5.774230000E-6	4.246850000E-7	5.751700000E+0	3.999459961E+3	1.200520000E+2
-5.714620000E-6	3.799810000E-7	5.740000000E+0	3.999459961E+3	1.228410000E+2
-5.655020000E-6	4.395860000E-7	5.728800000E+0	3.999459961E+3	1.248540000E+2
-5.699720000E-6	4.395860000E-7	5.717100000E+0	3.999459961E+3	1.272320000E+2
-5.744430000E-6	4.246850000E-7	5.706200000E+0	3.999459961E+3	1.292770000E+2
-5.729530000E-6	4.023330000E-7	5.694900000E+0	3.999459961E+3	1.316510000E+2
-5.707170000E-6	4.246850000E-7	5.684700000E+0	3.999459961E+3	1.336610000E+2
-5.766780000E-6	4.246850000E-7	5.673300000E+0	3.999459961E+3	1.360300000E+2
-5.729530000E-6	3.874320000E-7	5.662700000E+0	3.999459961E+3	1.380380000E+2
-5.729530000E-6	3.650800000E-7	5.651400000E+0	3.999459961E+3	1.400390000E+2
-5.759330000E-6	4.097840000E-7	5.639600000E+0	3.999459961E+3	1.424530000E+2
-5.744430000E-6	3.948830000E-7	5.629300000E+0	3.999459961E+3	1.452850000E+2
-5.707170000E-6	3.576300000E-7	5.616700000E+0	3.999459961E+3	1.472350000E+2
-5.722080000E-6	3.203770000E-7	5.605900000E+0	3.999459961E+3	1.494060000E+2
-5.692270000E-6	3.725310000E-7	5.595000000E+0	3.999459961E+3	1.513520000E+2
-5.766780000E-6	3.129260000E-7	5.584900000E+0	3.999459961E+3	1.535160000E+2
-5.736980000E-6	3.129260000E-7	5.573800000E+0	3.999459961E+3	1.563160000E+2
-5.751880000E-6	2.607720000E-7	5.561700000E+0	3.999459961E+3	1.581820000E+2
-5.714620000E-6	2.980250000E-7	5.551300000E+0	3.999459961E+3	1.600520000E+2
-5.804030000E-6	3.129260000E-7	5.539900000E+0	3.999459961E+3	1.625530000E+2
-5.729530000E-6	2.011670000E-7	5.528200000E+0	3.999459961E+3	1.653580000E+2
-5.796580000E-6	2.458710000E-7	5.516000000E+0	3.999459961E+3	1.673780000E+2
-5.751880000E-6	2.160680000E-7	5.504000000E+0	3.999459961E+3	1.698060000E+2
-5.826380000E-6	2.235180000E-7	5.491800000E+0	3.999459961E+3	1.725450000E+2
-5.736980000E-6	1.937160000E-7	5.478600000E+0	3.999459961E+3	1.745770000E+2
-5.766780000E-6	1.266610000E-7	5.466100000E+0	3.999459961E+3	1.776490000E+2
-5.766780000E-6	1.192100000E-7	5.455800000E+0	3.999459961E+3	1.797630000E+2
-5.781680000E-6	1.266610000E-7	5.443400000E+0	3.999459961E+3	1.818980000E+2
-5.774230000E-6	1.192100000E-7	5.431600000E+0	3.999459961E+3	1.845610000E+2
-5.811480000E-6	1.117590000E-7	5.420400000E+0	3.999459961E+3	1.866050000E+2
-5.759330000E-6	8.195680000E-8	5.409600000E+0	3.999459961E+3	1.888830000E+2
-5.841280000E-6	6.705570000E-8	5.398400000E+0	3.999459961E+3	1.909150000E+2
-5.818930000E-6	6.705570000E-8	5.385600000E+0	3.999459961E+3	1.933740000E+2
-5.804030000E-6	-2.235190000E-8	5.375500000E+0	3.999459961E+3	1.955660000E+2
-5.856190000E-6	-1.266610000E-7	5.365000000E+0	3.999459961E+3	1.980470000E+2
-5.818930000E-6	-1.192100000E-7	5.351400000E+0	3.999459961E+3	1.998880000E+2
-5.863640000E-6	-4.470370000E-8	5.337900000E+0	3.999459961E+3	2.028910000E+2
-5.878540000E-6	-2.309690000E-7	5.325000000E+0	3.999459961E+3	2.057670000E+2
-5.833830000E-6	-2.607720000E-7	5.313400000E+0	3.999459961E+3	2.080900000E+2
-5.878540000E-6	-3.203770000E-7	5.301900000E+0	3.999459961E+3	2.101090000E+2
-5.871090000E-6	-3.054760000E-7	5.289200000E+0	3.999459961E+3	2.128260000E+2
-5.856190000E-6	-3.948830000E-7	5.277000000E+0	3.999459961E+3	2.152550000E+2
-5.908340000E-6	-4.395860000E-7	5.264100000E+0	3.999459961E+3	2.176430000E+2
-5.900890000E-6	-5.140940000E-7	5.252000000E+0	3.999459961E+3	2.204740000E+2
-5.960490000E-6	-5.215440000E-7	5.237700000E+0	3.999459961E+3	2.229570000E+2
-5.960490000E-6	-5.289950000E-7	5.227000000E+0	3.999459961E+3	2.249680000E+2
-5.945590000E-6	-6.556550000E-7	5.216000000E+0	3.999459961E+3	2.277630000E+2
-5.953040000E-6	-6.258520000E-7	5.204800000E+0	3.999459961E+3	2.297610000E+2
-5.953040000E-6	-7.674130000E-7	5.193100000E+0	3.999459961E+3	2.320510000E+2
-6.035000000E-6	-7.897650000E-7	5.182200000E+0	3.999459961E+3	2.340150000E+2
-6.057350000E-6	-8.344690000E-7	5.169700000E+0	3.999459961E+3	2.365450000E+2
-6.027550000E-6	-8.344690000E-7	5.159600000E+0	3.999459961E+3	2.388170000E+2
-6.042450000E-6	-9.462270000E-7	5.147600000E+0	3.999459961E+3	2.412650000E+2
-6.109510000E-6	-1.057990000E-6	5.134900000E+0	3.999459961E+3	2.435010000E+2
-6.109510000E-6	-1.095240000E-6	5.124700000E+0	3.999459961E+3	2.455050000E+2
-6.079700000E-6	-1.207000000E-6	5.112400000E+0	3.999459961E+3	2.478490000E+2
-6.131860000E-6	-1.251700000E-6	5.101600000E+0	3.999459961E+3	2.507580000E+2
-6.154210000E-6	-1.370910000E-6	5.088700000E+0	3.999459961E+3	2.527220000E+2
-6.146760000E-6	-1.460320000E-6	5.076300000E+0	3.999459961E+3	2.554880000E+2
-6.146760000E-6	-1.512480000E-6	5.065000000E+0	3.999459961E+3	2.578890000E+2
-6.258520000E-6	-1.534830000E-6	5.054100000E+0	3.999459961E+3	2.593420000E+2
-6.265970000E-6	-1.654040000E-6	5.040500000E+0	3.999459961E+3	2.622740000E+2
-6.213810000E-6	-1.780700000E-6	5.030200000E+0	3.999459961E+3	2.646840000E+2
-6.273420000E-6	-1.847750000E-6	5.019200000E+0	3.999459961E+3	2.665390000E+2
-6.310670000E-6	-1.952070000E-6	5.008200000E+0	3.999459961E+3	2.690750000E+2
-6.377730000E-6	-2.019120000E-6	4.996000000E+0	3.999459961E+3	2.713920000E+2
-6.400080000E-6	-2.145780000E-6	4.985200000E+0	3.999459961E+3	2.737810000E+2
-6.295770000E-6	-2.250090000E-6	4.973900000E+0	3.999459961E+3	2.754880000E+2
-6.310670000E-6	-2.324600000E-6	4.963900000E+0	3.999459961E+3	2.777390000E+2
-6.392630000E-6	-2.391650000E-6	4.953500000E+0	3.999459961E+3	2.796390000E+2
-6.489480000E-6	-2.577920000E-6	4.943200000E+0	3.999459961E+3	2.820150000E+2
-6.414980000E-6	-2.652420000E-6	4.931900000E+0	3.999459961E+3	2.844070000E+2
-6.563990000E-6	-2.786530000E-6	4.920600000E+0	3.999459961E+3	2.865210000E+2
-6.586340000E-6	-2.890840000E-6	4.909500000E+0	3.999459961E+3	2.886780000E+2
-6.645950000E-6	-2.995150000E-6	4.898500000E+0	3.999459961E+3	2.911940000E+2
-6.690650000E-6	-3.092010000E-6	4.886600000E+0	3.999459961E+3	2.930990000E+2
-6.780060000E-6	-3.263370000E-6	4.874000000E+0	3.999459961E+3	2.960430000E+2
-6.862010000E-6	-3.397480000E-6	4.863300000E+0	3.999459961E+3	2.985510000E+2
-6.847110000E-6	-3.464530000E-6	4.850100000E+0	3.999459961E+3	3.002750000E+2
-6.981220000E-6	-3.702950000E-6	4.837700000E+0	3.999459961E+3	3.032200000E+2
-7.025930000E-6	-3.837080000E-6	4.825900000E+0	3.999459961E+3	3.055150000E+2
-7.055730000E-6	-3.956290000E-6	4.814100000E+0	3.999459961E+3	3.075340000E+2
-7.219640000E-6	-4.105300000E-6	4.801500000E+0	3.999459961E+3	3.100110000E+2
-7.219640000E-6	-4.284110000E-6	4.790000000E+0	3.999459961E+3	3.128680000E+2
-7.405910000E-6	-4.433120000E-6	4.779600000E+0	3.999459961E+3	3.148430000E+2
-7.472960000E-6	-4.559780000E-6	4.767700000E+0	3.999459961E+3	3.169430000E+2
-7.577270000E-6	-4.686440000E-6	4.757600000E+0	3.999459961E+3	3.191350000E+2
-7.726310000E-6	-4.872710000E-6	4.747200000E+0	3.999459961E+3	3.210700000E+2
-7.867870000E-6	-4.999370000E-6	4.737100000E+0	3.999459961E+3	3.233980000E+2
-7.905120000E-6	-5.140930000E-6	4.726600000E+0	3.999459961E+3	3.249830000E+2
-8.054140000E-6	-5.282490000E-6	4.715000000E+0	3.999459961E+3	3.278300000E+2
-8.143540000E-6	-5.513460000E-6	4.703500000E+0	3.999459961E+3	3.297380000E+2
-8.352160000E-6	-5.781680000E-6	4.689400000E+0	3.999459961E+3	3.326950000E+2
-8.553320000E-6	-6.012650000E-6	4.678500000E+0	3.999459961E+3	3.349580000E+2
-8.702340000E-6	-6.295770000E-6	4.667200000E+0	3.999459961E+3	3.374970000E+2
-8.910950000E-6	-6.549090000E-6	4.656900000E+0	3.999459961E+3	3.390800000E+2
-9.022710000E-6	-6.876910000E-6	4.645900000E+0	3.999459961E+3	3.413430000E+2
-9.298380000E-6	-7.279250000E-6	4.635700000E+0	3.999459961E+3	3.433840000E+2
-9.633660000E-6	-7.711410000E-6	4.625300000E+0	3.999459961E+3	3.456310000E+2
-1.007320000E-5	-8.292550000E-6	4.612200000E+0	3.999459961E+3	3.482060000E+2
-1.070650000E-5	-9.000360000E-6	4.600800000E+0	3.999459961E+3	3.505480000E+2
-1.124300000E-5	-9.626210000E-6	4.588000000E+0	3.999459961E+3	3.529510000E+2
-1.219670000E-5	-1.052770000E-5	4.577900000E+0	3.999459961E+3	3.554060000E+2
-1.286720000E-5	-1.112380000E-5	4.566900000E+0	3.999459961E+3	3.574980000E+2
-1.364950000E-5	-1.173470000E-5	4.556700000E+0	3.999459961E+3	3.592310000E+2
-1.472990000E-5	-1.244250000E-5	4.546400000E+0	3.999459961E+3	3.617700000E+2
-1.537810000E-5	-1.300130000E-5	4.534700000E+0	3.999459961E+3	3.636240000E+2
-1.671920000E-5	-1.378360000E-5	4.524100000E+0	3.999459961E+3	3.660840000E+2
-1.730780000E-5	-1.419340000E-5	4.513400000E+0	3.999459961E+3	3.675240000E+2
-1.900650000E-5	-1.493850000E-5	4.500800000E+0	3.999459961E+3	3.704330000E+2
-2.031040000E-5	-1.546750000E-5	4.489100000E+0	3.999459961E+3	3.724320000E+2
-2.186010000E-5	-1.598910000E-5	4.477400000E+0	3.999459961E+3	3.755340000E+2
-2.284360000E-5	-1.619020000E-5	4.465900000E+0	3.999459961E+3	3.772910000E+2
-2.431880000E-5	-1.654790000E-5	4.455500000E+0	3.999459961E+3	3.792470000E+2
-2.594300000E-5	-1.705450000E-5	4.442600000E+0	3.999459961E+3	3.824390000E+2
-2.698610000E-5	-1.750900000E-5	4.428800000E+0	3.999459961E+3	3.844620000E+2
-2.883390000E-5	-1.766540000E-5	4.416700000E+0	3.999459961E+3	3.873670000E+2
-3.040590000E-5	-1.782940000E-5	4.403300000E+0	3.999459961E+3	3.900440000E+2
-3.220910000E-5	-1.794860000E-5	4.390700000E+0	3.999459961E+3	3.927320000E+2
-3.335650000E-5	-1.795600000E-5	4.379400000E+0	3.999459961E+3	3.947950000E+2
-3.486900000E-5	-1.785920000E-5	4.368300000E+0	3.999459961E+3	3.971000000E+2
-3.629950000E-5	-1.792620000E-5	4.355200000E+0	3.999459961E+3	3.995000000E+2
-3.758840000E-5	-1.771010000E-5	4.344900000E+0	3.999459961E+3	4.015350000E+2
-3.929460000E-5	-1.758350000E-5	4.332400000E+0	3.999459961E+3	4.044520000E+2
-4.027060000E-5	-1.758350000E-5	4.321600000E+0	3.999459961E+3	4.063170000E+2
-4.172350000E-5	-1.735250000E-5	4.311000000E+0	3.999459961E+3	4.083570000E+2
-4.338500000E-5	-1.709170000E-5	4.297600000E+0	3.999459961E+3	4.112260000E+2
-4.465160000E-5	-1.690550000E-5	4.285300000E+0	3.999459961E+3	4.131070000E+2
-4.612680000E-5	-1.671920000E-5	4.272600000E+0	3.999459961E+3	4.160660000E+2
-4.795960000E-5	-1.623490000E-5	4.258000000E+0	3.999459961E+3	4.189760000E+2
-4.933800000E-5	-1.602630000E-5	4.247200000E+0	3.999459961E+3	4.211010000E+2
-5.035130000E-5	-1.589970000E-5	4.237000000E+0	3.999459961E+3	4.232470000E+2
-5.162530000E-5	-1.558670000E-5	4.225000000E+0	3.999459961E+3	4.257780000E+2
-5.289940000E-5	-1.528870000E-5	4.213500000E+0	3.999459961E+3	4.277420000E+2
-5.412870000E-5	-1.493850000E-5	4.201100000E+0	3.999459961E+3	4.305960000E+2
-5.519410000E-5	-1.464040000E-5	4.188100000E+0	3.999459961E+3	4.326420000E+2
-5.656500000E-5	-1.430520000E-5	4.176600000E+0	3.999459961E+3	4.354340000E+2
-5.769010000E-5	-1.403700000E-5	4.165200000E+0	3.999459961E+3	4.377720000E+2
-5.856920000E-5	-1.385810000E-5	4.154800000E+0	3.999459961E+3	4.394140000E+2
-5.970920000E-5	-1.349310000E-5	4.143200000E+0	3.999459961E+3	4.419270000E+2
-6.052870000E-5	-1.326950000E-5	4.131500000E+0	3.999459961E+3	4.441710000E+2
-6.151990000E-5	-1.301620000E-5	4.121400000E+0	3.999459961E+3	4.465860000E+2
-6.227990000E-5	-1.285980000E-5	4.109500000E+0	3.999459961E+3	4.484620000E+2
-6.339750000E-5	-1.242760000E-5	4.097800000E+0	3.999459961E+3	4.510090000E+2
-6.431390000E-5	-1.216690000E-5	4.086100000E+0	3.999459961E+3	4.539700000E+2
-6.518560000E-5	-1.201040000E-5	4.073300000E+0	3.999459961E+3	4.560960000E+2
-6.594560000E-5	-1.166020000E-5	4.062000000E+0	3.999459961E+3	4.582010000E+2
-6.675770000E-5	-1.147400000E-5	4.049600000E+0	3.999459961E+3	4.607770000E+2
-6.756980000E-5	-1.124300000E-5	4.039300000E+0	3.999459961E+3	4.628590000E+2
-6.824780000E-5	-1.096730000E-5	4.026700000E+0	3.999459961E+3	4.655220000E+2
-6.881400000E-5	-1.079590000E-5	4.015200000E+0	3.999459961E+3	4.670480000E+2
-6.958890000E-5	-1.057990000E-5	4.004000000E+0	3.999459961E+3	4.700600000E+2
-7.028920000E-5	-1.030420000E-5	3.992700000E+0	3.999459961E+3	4.723410000E+2
-7.088530000E-5	-1.019250000E-5	3.978900000E+0	3.999459961E+3	4.743130000E+2
-7.161540000E-5	-9.946580000E-6	3.968000000E+0	3.999459961E+3	4.773880000E+2
-7.209230000E-5	-9.767770000E-6	3.954900000E+0	3.999459961E+3	4.791480000E+2
-7.288200000E-5	-9.439940000E-6	3.944500000E+0	3.999459961E+3	4.820720000E+2
-7.340360000E-5	-9.246230000E-6	3.932700000E+0	3.999459961E+3	4.840510000E+2
-7.385060000E-5	-9.179170000E-6	3.922300000E+0	3.999459961E+3	4.863420000E+2
-7.429770000E-5	-9.007810000E-6	3.911600000E+0	3.999459961E+3	4.879280000E+2
-7.494590000E-5	-8.799190000E-6	3.900200000E+0	3.999459961E+3	4.910120000E+2
-7.535560000E-5	-8.590580000E-6	3.887700000E+0	3.999459961E+3	4.927810000E+2
-7.586230000E-5	-8.478820000E-6	3.876200000E+0	3.999459961E+3	4.956930000E+2
-7.638380000E-5	-8.262750000E-6	3.864500000E+0	3.999459961E+3	4.978140000E+2
-7.674890000E-5	-8.180800000E-6	3.851600000E+0	3.999459961E+3	4.999960000E+2
-7.721830000E-5	-8.016880000E-6	3.840500000E+0	3.999459961E+3	5.024920000E+2
-7.770260000E-5	-7.793370000E-6	3.829600000E+0	3.999459961E+3	5.048560000E+2
-7.800800000E-5	-7.666710000E-6	3.817800000E+0	3.999459961E+3	5.067280000E+2
-7.851470000E-5	-7.554920000E-6	3.804800000E+0	3.999459961E+3	5.092670000E+2
-7.889470000E-5	-7.405910000E-6	3.793900000E+0	3.999459961E+3	5.121740000E+2
-7.931190000E-5	-7.234540000E-6	3.781600000E+0	3.999459961E+3	5.143350000E+2
-7.961740000E-5	-7.078080000E-6	3.771400000E+0	3.999459961E+3	5.160590000E+2
-7.998240000E-5	-7.033380000E-6	3.760400000E+0	3.999459961E+3	5.184740000E+2
-8.036240000E-5	-6.862010000E-6	3.747700000E+0	3.999459961E+3	5.216010000E+2
-8.060080000E-5	-6.832210000E-6	3.737600000E+0	3.999459961E+3	5.232990000E+2
-8.100320000E-5	-6.571440000E-6	3.725700000E+0	3.999459961E+3	5.258190000E+2
-8.121920000E-5	-6.541640000E-6	3.715400000E+0	3.999459961E+3	5.271800000E+2
-8.151730000E-5	-6.422430000E-6	3.705100000E+0	3.999459961E+3	5.297330000E+2
-8.182270000E-5	-6.340470000E-6	3.692000000E+0	3.999459961E+3	5.320670000E+2
-8.215060000E-5	-6.184010000E-6	3.679500000E+0	3.999459961E+3	5.347480000E+2
-8.244860000E-5	-6.079700000E-6	3.669000000E+0	3.999459961E+3	5.368410000E+2
-8.266470000E-5	-6.027550000E-6	3.656800000E+0	3.999459961E+3	5.394400000E+2
-8.305210000E-5	-5.945590000E-6	3.644400000E+0	3.999459961E+3	5.418280000E+2
-8.316380000E-5	-5.863640000E-6	3.632600000E+0	3.999459961E+3	5.436770000E+2
-8.354380000E-5	-5.766780000E-6	3.619800000E+0	3.999459961E+3	5.466050000E+2
-8.380460000E-5	-5.587960000E-6	3.608400000E+0	3.999459961E+3	5.492660000E+2
-8.399830000E-5	-5.520910000E-6	3.595400000E+0	3.999459961E+3	5.514330000E+2
-8.428140000E-5	-5.424050000E-6	3.582400000E+0	3.999459961E+3	5.545730000E+2
-8.446770000E-5	-5.357000000E-6	3.571300000E+0	3.999459961E+3	5.567430000E+2
-8.463910000E-5	-5.424050000E-6	3.558500000E+0	3.999459961E+3	5.592280000E+2
-8.496690000E-5	-5.088780000E-6	3.544700000E+0	3.999459961E+3	5.624260000E+2
-8.524260000E-5	-5.096230000E-6	3.529700000E+0	3.999459961E+3	5.657240000E+2
-8.542140000E-5	-5.029170000E-6	3.519700000E+0	3.999459961E+3	5.677830000E+2
-8.562250000E-5	-4.969570000E-6	3.508300000E+0	3.999459961E+3	5.699050000E+2
-8.589820000E-5	-4.820550000E-6	3.492300000E+0	3.999459961E+3	5.736490000E+2
-8.610680000E-5	-4.723700000E-6	3.480800000E+0	3.999459961E+3	5.757770000E+2
-8.627820000E-5	-4.626840000E-6	3.467300000E+0	3.999459961E+3	5.788290000E+2
-8.651660000E-5	-4.619390000E-6	3.451300000E+0	3.999459961E+3	5.820300000E+2
-8.661350000E-5	-4.522530000E-6	3.438000000E+0	3.999459961E+3	5.852280000E+2
-8.685190000E-5	-4.440580000E-6	3.425500000E+0	3.999459961E+3	5.874090000E+2
-8.709030000E-5	-4.373520000E-6	3.410500000E+0	3.999459961E+3	5.906150000E+2
-8.721700000E-5	-4.336270000E-6	3.397300000E+0	3.999459961E+3	5.937570000E+2
-8.742560000E-5	-4.291560000E-6	3.385900000E+0	3.999459961E+3	5.959000000E+2
-8.747770000E-5	-4.209610000E-6	3.374600000E+0	3.999459961E+3	5.987150000E+2
-8.766400000E-5	-4.150000000E-6	3.360200000E+0	3.999459961E+3	6.012150000E+2
-8.788010000E-5	-4.112750000E-6	3.345200000E+0	3.999459961E+3	6.044190000E+2
-8.808120000E-5	-3.993540000E-6	3.330400000E+0	3.999459961E+3	6.076380000E+2
-8.820790000E-5	-3.993540000E-6	3.319700000E+0	3.999459961E+3	6.097950000E+2
-8.829730000E-5	-3.896680000E-6	3.307000000E+0	3.999459961E+3	6.129570000E+2
-8.843140000E-5	-3.859430000E-6	3.290900000E+0	3.999459961E+3	6.150890000E+2
-8.862510000E-5	-3.807260000E-6	3.276600000E+0	3.999459961E+3	6.187150000E+2
-8.874430000E-5	-3.673150000E-6	3.266200000E+0	3.999459961E+3	6.208290000E+2
-8.886350000E-5	-3.680600000E-6	3.256100000E+0	3.999459961E+3	6.234130000E+2
-8.900510000E-5	-3.613550000E-6	3.243400000E+0	3.999459961E+3	6.255270000E+2
-8.912430000E-5	-3.583740000E-6	3.233100000E+0	3.999459961E+3	6.286400000E+2
-8.921370000E-5	-3.583740000E-6	3.217300000E+0	3.999459961E+3	6.307010000E+2
-8.931060000E-5	-3.486890000E-6	3.203800000E+0	3.999459961E+3	6.343290000E+2
-8.948190000E-5	-3.434730000E-6	3.191200000E+0	3.999459961E+3	6.364270000E+2
-8.966080000E-5	-3.367680000E-6	3.175900000E+0	3.999459961E+3	6.401660000E+2
-8.977250000E-5	-3.337870000E-6	3.164700000E+0	3.999459961E+3	6.423220000E+2
-8.982470000E-5	-3.233570000E-6	3.149000000E+0	3.999459961E+3	6.455380000E+2
-9.002580000E-5	-3.278270000E-6	3.134100000E+0	3.999459961E+3	6.491140000E+2
-9.007050000E-5	-3.159060000E-6	3.121700000E+0	3.999459961E+3	6.512630000E+2
-9.024930000E-5	-3.173960000E-6	3.108000000E+0	3.999459961E+3	6.543350000E+2
-9.029410000E-5	-3.181410000E-6	3.091800000E+0	3.999459961E+3	6.575470000E+2
-9.037600000E-5	-3.092010000E-6	3.077600000E+0	3.999459961E+3	6.605720000E+2
-9.052500000E-5	-3.032400000E-6	3.067300000E+0	3.999459961E+3	6.633050000E+2
-9.054740000E-5	-3.106910000E-6	3.056500000E+0	3.999459961E+3	6.653980000E+2
-9.065910000E-5	-3.017500000E-6	3.046500000E+0	3.999459961E+3	6.675170000E+2
-9.060700000E-5	-3.024950000E-6	3.036200000E+0	3.999459961E+3	6.696510000E+2
-9.077830000E-5	-2.972800000E-6	3.023100000E+0	3.999459961E+3	6.718550000E+2
-9.083050000E-5	-2.913190000E-6	3.010200000E+0	3.999459961E+3	6.749350000E+2
-9.091990000E-5	-2.853590000E-6	2.999600000E+0	3.999459961E+3	6.769890000E+2
-9.108380000E-5	-2.890840000E-6	2.985900000E+0	3.999459961E+3	6.800730000E+2
-9.114340000E-5	-2.764180000E-6	2.975600000E+0	3.999459961E+3	6.822090000E+2
-9.117320000E-5	-2.808880000E-6	2.962800000E+0	3.999459961E+3	6.852640000E+2
-9.117320000E-5	-2.779080000E-6	2.950900000E+0	3.999459961E+3	6.874290000E+2
-9.133710000E-5	-2.801430000E-6	2.936700000E+0	3.999459961E+3	6.905890000E+2
-9.134460000E-5	-2.719480000E-6	2.925600000E+0	3.999459961E+3	6.931210000E+2
-9.142650000E-5	-2.659870000E-6	2.913600000E+0	3.999459961E+3	6.953130000E+2
-9.152340000E-5	-2.600270000E-6	2.901300000E+0	3.999459961E+3	6.984290000E+2
-9.163520000E-5	-2.667320000E-6	2.888300000E+0	3.999459961E+3	7.006110000E+2
-9.163520000E-5	-2.622620000E-6	2.875700000E+0	3.999459961E+3	7.037930000E+2
-9.173950000E-5	-2.600270000E-6	2.864000000E+0	3.999459961E+3	7.059880000E+2
-9.175440000E-5	-2.607720000E-6	2.848300000E+0	3.999459961E+3	7.091380000E+2
-9.185120000E-5	-2.570460000E-6	2.838200000E+0	3.999459961E+3	7.123620000E+2
-9.190340000E-5	-2.548110000E-6	2.824600000E+0	3.999459961E+3	7.139180000E+2
-9.197040000E-5	-2.540660000E-6	2.814400000E+0	3.999459961E+3	7.169760000E+2
-9.206730000E-5	-2.510860000E-6	2.800800000E+0	3.999459961E+3	7.191790000E+2
-9.205240000E-5	-2.481060000E-6	2.790300000E+0	3.999459961E+3	7.213040000E+2
-9.215670000E-5	-2.443800000E-6	2.774400000E+0	3.999459961E+3	7.244520000E+2
-9.221630000E-5	-2.473610000E-6	2.762800000E+0	3.999459961E+3	7.276710000E+2
-9.224610000E-5	-2.421450000E-6	2.751200000E+0	3.999459961E+3	7.298180000E+2
-9.233550000E-5	-2.466160000E-6	2.740100000E+0	3.999459961E+3	7.319220000E+2
-9.237280000E-5	-2.354400000E-6	2.724600000E+0	3.999459961E+3	7.351660000E+2
-9.246960000E-5	-2.346950000E-6	2.712200000E+0	3.999459961E+3	7.383540000E+2
-9.254410000E-5	-2.279890000E-6	2.697300000E+0	3.999459961E+3	7.404690000E+2
-9.254410000E-5	-2.361850000E-6	2.683500000E+0	3.999459961E+3	7.440480000E+2
-9.263350000E-5	-2.302240000E-6	2.671700000E+0	3.999459961E+3	7.462420000E+2
-9.262610000E-5	-2.250090000E-6	2.660600000E+0	3.999459961E+3	7.489190000E+2
-9.269310000E-5	-2.264990000E-6	2.648400000E+0	3.999459961E+3	7.510340000E+2
-9.275270000E-5	-2.250090000E-6	2.633300000E+0	3.999459961E+3	7.542440000E+2
-9.287940000E-5	-2.212840000E-6	2.621200000E+0	3.999459961E+3	7.573870000E+2
-9.285710000E-5	-2.212840000E-6	2.607300000E+0	3.999459961E+3	7.595500000E+2
-9.285710000E-5	-2.197940000E-6	2.594600000E+0	3.999459961E+3	7.625950000E+2
-9.298370000E-5	-2.205390000E-6	2.578900000E+0	3.999459961E+3	7.662580000E+2
-9.297630000E-5	-2.145780000E-6	2.565200000E+0	3.999459961E+3	7.683860000E+2
-9.299860000E-5	-2.190490000E-6	2.554200000E+0	3.999459961E+3	7.709920000E+2
-9.305080000E-5	-2.078730000E-6	2.542300000E+0	3.999459961E+3	7.731450000E+2
-9.313270000E-5	-2.138330000E-6	2.527400000E+0	3.999459961E+3	7.763340000E+2
-9.318490000E-5	-2.108530000E-6	2.512100000E+0	3.999459961E+3	7.800410000E+2
-9.325940000E-5	-2.123430000E-6	2.500500000E+0	3.999459961E+3	7.820730000E+2
-9.325940000E-5	-2.056370000E-6	2.486700000E+0	3.999459961E+3	7.852860000E+2
-9.327430000E-5	-2.093630000E-6	2.476500000E+0	3.999459961E+3	7.874290000E+2
-9.335620000E-5	-2.056370000E-6	2.464000000E+0	3.999459961E+3	7.904630000E+2
-9.337860000E-5	-2.071280000E-6	2.450300000E+0	3.999459961E+3	7.926050000E+2
-9.336370000E-5	-2.048920000E-6	2.434400000E+0	3.999459961E+3	7.962310000E+2
-9.345310000E-5	-2.034020000E-6	2.420400000E+0	3.999459961E+3	7.994140000E+2
-9.349040000E-5	-1.944620000E-6	2.408200000E+0	3.999459961E+3	8.015190000E+2
-9.347540000E-5	-1.981870000E-6	2.395500000E+0	3.999459961E+3	8.042200000E+2
-9.360210000E-5	-1.974420000E-6	2.383100000E+0	3.999459961E+3	8.074240000E+2
-9.360210000E-5	-1.981870000E-6	2.371600000E+0	3.999459961E+3	8.095370000E+2
-9.363940000E-5	-1.989320000E-6	2.361100000E+0	3.999459961E+3	8.117210000E+2
-9.363940000E-5	-1.862650000E-6	2.347900000E+0	3.999459961E+3	8.148910000E+2
-9.372130000E-5	-1.929710000E-6	2.336700000E+0	3.999459961E+3	8.170000000E+2
-9.375110000E-5	-1.959520000E-6	2.325600000E+0	3.999459961E+3	8.191360000E+2
-9.374370000E-5	-1.899910000E-6	2.310400000E+0	3.999459961E+3	8.227920000E+2
-9.384050000E-5	-1.892450000E-6	2.299400000E+0	3.999459961E+3	8.248560000E+2
-9.383310000E-5	-1.952070000E-6	2.287000000E+0	3.999459961E+3	8.275310000E+2
-9.386290000E-5	-1.870100000E-6	2.276800000E+0	3.999459961E+3	8.297240000E+2
-9.387030000E-5	-1.907360000E-6	2.263800000E+0	3.999459961E+3	8.328600000E+2
-9.389270000E-5	-1.892450000E-6	2.249800000E+0	3.999459961E+3	8.349890000E+2
-9.392990000E-5	-1.832850000E-6	2.238100000E+0	3.999459961E+3	8.382390000E+2
-9.401190000E-5	-1.899910000E-6	2.225800000E+0	3.999459961E+3	8.403560000E+2
-9.405660000E-5	-1.832850000E-6	2.213100000E+0	3.999459961E+3	8.435270000E+2
-9.407890000E-5	-1.825400000E-6	2.200500000E+0	3.999459961E+3	8.457080000E+2
-9.405660000E-5	-1.780700000E-6	2.189800000E+0	3.999459961E+3	8.481790000E+2
-9.410870000E-5	-1.788150000E-6	2.174800000E+0	3.999459961E+3	8.513960000E+2
-9.409380000E-5	-1.840300000E-6	2.161100000E+0	3.999459961E+3	8.546190000E+2
-9.407150000E-5	-1.840300000E-6	2.149900000E+0	3.999459961E+3	8.567320000E+2
-9.419070000E-5	-1.758340000E-6	2.139300000E+0	3.999459961E+3	8.589120000E+2
-9.413860000E-5	-1.780700000E-6	2.125400000E+0	3.999459961E+3	8.620470000E+2
-9.420560000E-5	-1.907360000E-6	2.114200000E+0	3.999459961E+3	8.641860000E+2
-9.425780000E-5	-1.803050000E-6	2.100900000E+0	3.999459961E+3	8.673820000E+2
-9.425030000E-5	-1.765790000E-6	2.088900000E+0	3.999459961E+3	8.695030000E+2
-9.432480000E-5	-1.728540000E-6	2.075100000E+0	3.999459961E+3	8.727250000E+2
-9.435460000E-5	-1.773250000E-6	2.063600000E+0	3.999459961E+3	8.748710000E+2
-9.436950000E-5	-1.713640000E-6	2.050600000E+0	3.999459961E+3	8.775600000E+2
-9.436210000E-5	-1.721090000E-6	2.040300000E+0	3.999459961E+3	8.805940000E+2
-9.441420000E-5	-1.773250000E-6	2.025000000E+0	3.999459961E+3	8.827390000E+2
-9.440680000E-5	-1.676390000E-6	2.008700000E+0	3.999459961E+3	8.863370000E+2
-9.446640000E-5	-1.713640000E-6	1.998600000E+0	3.999459961E+3	9.454790000E+2
-9.438440000E-5	-1.683840000E-6	2.010100000E+0	3.999459961E+3	1.018296000E+3
-9.438440000E-5	-1.676390000E-6	2.020300000E+0	3.999459961E+3	1.019889000E+3
-9.439930000E-5	-1.668940000E-6	2.031100000E+0	3.999459961E+3	1.022300000E+3
-9.437700000E-5	-1.654040000E-6	2.042200000E+0	3.999459961E+3	1.024739000E+3
-9.437700000E-5	-1.691290000E-6	2.055400000E+0	3.999459961E+3	1.027080000E+3
-9.426520000E-5	-1.698740000E-6	2.066500000E+0	3.999459961E+3	1.029482000E+3
-9.428010000E-5	-1.706190000E-6	2.079600000E+0	3.999459961E+3	1.031934000E+3
-9.428760000E-5	-1.706190000E-6	2.090400000E+0	3.999459961E+3	1.034437000E+3
-9.426520000E-5	-1.743440000E-6	2.102500000E+0	3.999459961E+3	1.036547000E+3
-9.422050000E-5	-1.743440000E-6	2.114000000E+0	3.999459961E+3	1.039096000E+3
-9.421310000E-5	-1.765790000E-6	2.124600000E+0	3.999459961E+3	1.040943000E+3
-9.418330000E-5	-1.780700000E-6	2.137400000E+0	3.999459961E+3	1.043633000E+3
-9.419820000E-5	-1.713640000E-6	2.147500000E+0	3.999459961E+3	1.045676000E+3
-9.418330000E-5	-1.728540000E-6	2.159500000E+0	3.999459961E+3	1.048208000E+3
-9.416090000E-5	-1.788150000E-6	2.171200000E+0	3.999459961E+3	1.050760000E+3
-9.417580000E-5	-1.832850000E-6	2.182300000E+0	3.999459961E+3	1.052483000E+3
-9.401930000E-5	-1.788150000E-6	2.194200000E+0	3.999459961E+3	1.054959000E+3
-9.401190000E-5	-1.817950000E-6	2.206000000E+0	3.999459961E+3	1.057766000E+3
-9.302100000E-5	-1.609330000E-6	2.217100000E+0	3.999459961E+3	1.059755000E+3
-9.404170000E-5	-1.840300000E-6	2.227600000E+0	3.999459961E+3	1.061915000E+3
-9.396720000E-5	-1.825400000E-6	2.240100000E+0	3.999459961E+3	1.064037000E+3
-9.397460000E-5	-1.795600000E-6	2.251100000E+0	3.999459961E+3	1.066604000E+3
-9.396720000E-5	-1.840300000E-6	2.265100000E+0	3.999459961E+3	1.069094000E+3
-9.398950000E-5	-1.855200000E-6	2.275100000E+0	3.999459961E+3	1.071501000E+3
-9.384800000E-5	-1.885000000E-6	2.287500000E+0	3.999459961E+3	1.073524000E+3
-9.382560000E-5	-1.832850000E-6	2.298600000E+0	3.999459961E+3	1.076025000E+3
-9.384050000E-5	-1.855200000E-6	2.309900000E+0	3.999459961E+3	1.078040000E+3
-9.376600000E-5	-1.885000000E-6	2.320600000E+0	3.999459961E+3	1.080691000E+3
-9.374370000E-5	-1.907360000E-6	2.332300000E+0	3.999459961E+3	1.082701000E+3
-9.369900000E-5	-1.929710000E-6	2.342600000E+0	3.999459961E+3	1.085090000E+3
-9.367660000E-5	-1.914810000E-6	2.354800000E+0	3.999459961E+3	1.086828000E+3
-9.367660000E-5	-1.981870000E-6	2.366100000E+0	3.999459961E+3	1.089813000E+3
-9.359470000E-5	-1.981870000E-6	2.377600000E+0	3.999459961E+3	1.091414000E+3
-9.357230000E-5	-1.974420000E-6	2.390500000E+0	3.999459961E+3	1.094291000E+3
-9.355740000E-5	-2.034020000E-6	2.401700000E+0	3.999459961E+3	1.096405000E+3
-9.352760000E-5	-1.989320000E-6	2.412300000E+0	3.999459961E+3	1.098861000E+3
-9.352760000E-5	-1.922260000E-6	2.423500000E+0	3.999459961E+3	1.101205000E+3
-9.341580000E-5	-2.004220000E-6	2.437200000E+0	3.999459961E+3	1.103481000E+3
-9.339350000E-5	-1.966970000E-6	2.449200000E+0	3.999459961E+3	1.106347000E+3
-9.337860000E-5	-1.981870000E-6	2.459600000E+0	3.999459961E+3	1.108040000E+3
-9.338600000E-5	-2.056370000E-6	2.472000000E+0	3.999459961E+3	1.110813000E+3
-9.336370000E-5	-1.981870000E-6	2.483300000E+0	3.999459961E+3	1.112822000E+3
-9.328920000E-5	-2.034020000E-6	2.494100000E+0	3.999459961E+3	1.115362000E+3
-9.324450000E-5	-2.071280000E-6	2.504700000E+0	3.999459961E+3	1.117343000E+3
-9.328170000E-5	-2.130880000E-6	2.515600000E+0	3.999459961E+3	1.119087000E+3
-9.317000000E-5	-2.115980000E-6	2.531900000E+0	3.999459961E+3	1.122443000E+3
-9.307310000E-5	-2.130880000E-6	2.542600000E+0	3.999459961E+3	1.124980000E+3
-9.311040000E-5	-2.101080000E-6	2.554300000E+0	3.999459961E+3	1.126964000E+3
-9.302100000E-5	-2.115980000E-6	2.566000000E+0	3.999459961E+3	1.129783000E+3
-9.306570000E-5	-2.175580000E-6	2.577600000E+0	3.999459961E+3	1.131386000E+3
-9.297630000E-5	-2.145780000E-6	2.588700000E+0	3.999459961E+3	1.134138000E+3
-9.291670000E-5	-2.160680000E-6	2.598700000E+0	3.999459961E+3	1.135589000E+3
-9.289430000E-5	-2.257540000E-6	2.610100000E+0	3.999459961E+3	1.138394000E+3
-9.284220000E-5	-2.168130000E-6	2.622500000E+0	3.999459961E+3	1.140994000E+3
-9.278250000E-5	-2.205390000E-6	2.634100000E+0	3.999459961E+3	1.143051000E+3
-9.276760000E-5	-2.264990000E-6	2.645700000E+0	3.999459961E+3	1.145867000E+3
-9.276020000E-5	-2.287340000E-6	2.657900000E+0	3.999459961E+3	1.147467000E+3
-9.267080000E-5	-2.369300000E-6	2.669100000E+0	3.999459961E+3	1.150279000E+3
-9.260370000E-5	-2.272440000E-6	2.680700000E+0	3.999459961E+3	1.152004000E+3
-9.261120000E-5	-2.391650000E-6	2.690800000E+0	3.999459961E+3	1.154756000E+3
-9.255160000E-5	-2.287340000E-6	2.701200000E+0	3.999459961E+3	1.156563000E+3
-9.246960000E-5	-2.354400000E-6	2.712200000E+0	3.999459961E+3	1.158752000E+3
-9.244730000E-5	-2.369300000E-6	2.725000000E+0	3.999459961E+3	1.161548000E+3
-9.240260000E-5	-2.421450000E-6	2.736400000E+0	3.999459961E+3	1.163651000E+3
-9.235040000E-5	-2.384200000E-6	2.748200000E+0	3.999459961E+3	1.165599000E+3
-9.232060000E-5	-2.428900000E-6	2.759800000E+0	3.999459961E+3	1.168402000E+3
-9.228340000E-5	-2.466160000E-6	2.771600000E+0	3.999459961E+3	1.170161000E+3
-9.231320000E-5	-2.466160000E-6	2.782400000E+0	3.999459961E+3	1.172954000E+3
-9.212690000E-5	-2.436350000E-6	2.795100000E+0	3.999459961E+3	1.175390000E+3
-9.210450000E-5	-2.458710000E-6	2.806800000E+0	3.999459961E+3	1.177605000E+3
-9.197040000E-5	-2.481060000E-6	2.816900000E+0	3.999459961E+3	1.179666000E+3
-9.199280000E-5	-2.503410000E-6	2.828200000E+0	3.999459961E+3	1.181994000E+3
-9.192570000E-5	-2.510860000E-6	2.839600000E+0	3.999459961E+3	1.184019000E+3
-9.186610000E-5	-2.540660000E-6	2.850200000E+0	3.999459961E+3	1.186592000E+3
-9.188100000E-5	-2.577920000E-6	2.860800000E+0	3.999459961E+3	1.188128000E+3
-9.180650000E-5	-2.652420000E-6	2.871400000E+0	3.999459961E+3	1.190670000E+3
-9.174690000E-5	-2.637520000E-6	2.883100000E+0	3.999459961E+3	1.192646000E+3
-9.165010000E-5	-2.659870000E-6	2.893700000E+0	3.999459961E+3	1.195066000E+3
-9.164260000E-5	-2.667320000E-6	2.906400000E+0	3.999459961E+3	1.197251000E+3
-9.159050000E-5	-2.689670000E-6	2.918000000E+0	3.999459961E+3	1.199850000E+3
-9.150850000E-5	-2.682220000E-6	2.931500000E+0	3.999459961E+3	1.202612000E+3
-9.145630000E-5	-2.726930000E-6	2.942200000E+0	3.999459961E+3	1.204526000E+3
-9.131480000E-5	-2.793980000E-6	2.953000000E+0	3.999459961E+3	1.206914000E+3
-9.127750000E-5	-2.853590000E-6	2.970300000E+0	3.999459961E+3	1.210045000E+3
-9.118810000E-5	-2.868490000E-6	2.980600000E+0	3.999459961E+3	1.212796000E+3
-9.110620000E-5	-2.838690000E-6	2.990600000E+0	3.999459961E+3	1.214397000E+3
-9.103910000E-5	-2.920640000E-6	3.001800000E+0	3.999459961E+3	1.216980000E+3
-9.092740000E-5	-2.905740000E-6	3.013300000E+0	3.999459961E+3	1.218512000E+3
-9.089010000E-5	-2.987700000E-6	3.023400000E+0	3.999459961E+3	1.221337000E+3
-9.083050000E-5	-2.942990000E-6	3.034600000E+0	3.999459961E+3	1.222936000E+3
-9.069640000E-5	-3.069650000E-6	3.045900000E+0	3.999459961E+3	1.225941000E+3
-9.070380000E-5	-3.032400000E-6	3.057800000E+0	3.999459961E+3	1.227448000E+3
-9.053250000E-5	-3.069650000E-6	3.069300000E+0	3.999459961E+3	1.230387000E+3
-9.051760000E-5	-3.136710000E-6	3.080900000E+0	3.999459961E+3	1.232031000E+3
-9.037600000E-5	-3.151610000E-6	3.095600000E+0	3.999459961E+3	1.235339000E+3
-9.033130000E-5	-3.196310000E-6	3.108300000E+0	3.999459961E+3	1.237861000E+3
-9.021950000E-5	-3.211210000E-6	3.118300000E+0	3.999459961E+3	1.240244000E+3
-9.019720000E-5	-3.255920000E-6	3.128900000E+0	3.999459961E+3	1.242253000E+3
-9.011520000E-5	-3.330420000E-6	3.139900000E+0	3.999459961E+3	1.243849000E+3
-8.999600000E-5	-3.308070000E-6	3.151300000E+0	3.999459961E+3	1.246654000E+3
-8.995880000E-5	-3.352780000E-6	3.163200000E+0	3.999459961E+3	1.248657000E+3
-8.981720000E-5	-3.390030000E-6	3.173200000E+0	3.999459961E+3	1.251062000E+3
-8.974270000E-5	-3.404930000E-6	3.186100000E+0	3.999459961E+3	1.253305000E+3
-8.963100000E-5	-3.516690000E-6	3.196500000E+0	3.999459961E+3	1.255721000E+3
-8.950430000E-5	-3.531590000E-6	3.207600000E+0	3.999459961E+3	1.257741000E+3
-8.935530000E-5	-3.494340000E-6	3.218200000E+0	3.999459961E+3	1.260268000E+3
-8.927330000E-5	-3.539040000E-6	3.229200000E+0	3.999459961E+3	1.262367000E+3
-8.923610000E-5	-3.673150000E-6	3.241300000E+0	3.999459961E+3	1.263967000E+3
-8.910200000E-5	-3.680600000E-6	3.252500000E+0	3.999459961E+3	1.266785000E+3
-8.899770000E-5	-3.695500000E-6	3.265800000E+0	3.999459961E+3	1.269177000E+3
-8.881880000E-5	-3.740210000E-6	3.277000000E+0	3.999459961E+3	1.272049000E+3
-8.872200000E-5	-3.859430000E-6	3.289100000E+0	3.999459961E+3	1.273641000E+3
-8.865490000E-5	-3.904130000E-6	3.299300000E+0	3.999459961E+3	1.276152000E+3
-8.848360000E-5	-3.896680000E-6	3.309500000E+0	3.999459961E+3	1.278117000E+3
-8.834200000E-5	-3.993540000E-6	3.319700000E+0	3.999459961E+3	1.280231000E+3
-8.819300000E-5	-3.993540000E-6	3.333000000E+0	3.999459961E+3	1.283076000E+3
-8.802910000E-5	-4.030790000E-6	3.345200000E+0	3.999459961E+3	1.285166000E+3
-8.791730000E-5	-4.157450000E-6	3.356300000E+0	3.999459961E+3	1.287614000E+3
-8.781300000E-5	-4.179800000E-6	3.367400000E+0	3.999459961E+3	1.289987000E+3
-8.772360000E-5	-4.135100000E-6	3.378400000E+0	3.999459961E+3	1.291700000E+3
-8.758200000E-5	-4.209610000E-6	3.389000000E+0	3.999459961E+3	1.294099000E+3
-8.732870000E-5	-4.306460000E-6	3.399400000E+0	3.999459961E+3	1.296548000E+3
-8.727660000E-5	-4.373520000E-6	3.409600000E+0	3.999459961E+3	1.298106000E+3
-8.720210000E-5	-4.373520000E-6	3.420700000E+0	3.999459961E+3	1.300270000E+3
-8.698600000E-5	-4.537430000E-6	3.433900000E+0	3.999459961E+3	1.303028000E+3
-8.688170000E-5	-4.529980000E-6	3.445500000E+0	3.999459961E+3	1.305060000E+3
-8.665070000E-5	-4.567240000E-6	3.455900000E+0	3.999459961E+3	1.307847000E+3
-8.653900000E-5	-4.649190000E-6	3.469000000E+0	3.999459961E+3	1.309755000E+3
-8.635270000E-5	-4.656640000E-6	3.480000000E+0	3.999459961E+3	1.312559000E+3
-8.612920000E-5	-4.708800000E-6	3.491000000E+0	3.999459961E+3	1.314080000E+3
-8.600250000E-5	-4.902510000E-6	3.501100000E+0	3.999459961E+3	1.316505000E+3
-8.577900000E-5	-4.939760000E-6	3.513600000E+0	3.999459961E+3	1.318896000E+3
-8.558530000E-5	-4.999370000E-6	3.525500000E+0	3.999459961E+3	1.321299000E+3
-8.537670000E-5	-5.111130000E-6	3.536700000E+0	3.999459961E+3	1.323419000E+3
-8.519040000E-5	-5.140930000E-6	3.548700000E+0	3.999459961E+3	1.326388000E+3
-8.499670000E-5	-5.207980000E-6	3.559600000E+0	3.999459961E+3	1.327973000E+3
-8.477320000E-5	-5.252690000E-6	3.570600000E+0	3.999459961E+3	1.330380000E+3
-8.459440000E-5	-5.312290000E-6	3.581200000E+0	3.999459961E+3	1.332830000E+3
-8.441550000E-5	-5.438950000E-6	3.592800000E+0	3.999459961E+3	1.334815000E+3
-8.415480000E-5	-5.528360000E-6	3.602900000E+0	3.999459961E+3	1.336957000E+3
-8.390150000E-5	-5.595420000E-6	3.615500000E+0	3.999459961E+3	1.339318000E+3
-8.364070000E-5	-5.707170000E-6	3.627100000E+0	3.999459961E+3	1.341942000E+3
-8.349910000E-5	-5.826380000E-6	3.639800000E+0	3.999459961E+3	1.344239000E+3
-8.316380000E-5	-5.893440000E-6	3.650800000E+0	3.999459961E+3	1.346232000E+3
-8.285090000E-5	-5.975390000E-6	3.663400000E+0	3.999459961E+3	1.349154000E+3
-8.263490000E-5	-6.131860000E-6	3.673500000E+0	3.999459961E+3	1.350653000E+3
-8.234430000E-5	-6.198910000E-6	3.685500000E+0	3.999459961E+3	1.353431000E+3
-8.201650000E-5	-6.280870000E-6	3.697800000E+0	3.999459961E+3	1.355335000E+3
-8.183020000E-5	-6.347920000E-6	3.709800000E+0	3.999459961E+3	1.358087000E+3
-8.139060000E-5	-6.556540000E-6	3.721500000E+0	3.999459961E+3	1.360880000E+3
-8.118200000E-5	-6.608690000E-6	3.732600000E+0	3.999459961E+3	1.362511000E+3
-8.086910000E-5	-6.787510000E-6	3.743600000E+0	3.999459961E+3	1.365054000E+3
-8.052630000E-5	-6.876910000E-6	3.754000000E+0	3.999459961E+3	1.367039000E+3
-8.013150000E-5	-6.996120000E-6	3.764400000E+0	3.999459961E+3	1.369440000E+3
-7.987810000E-5	-7.070630000E-6	3.776100000E+0	3.999459961E+3	1.371475000E+3
-7.954290000E-5	-7.227090000E-6	3.789200000E+0	3.999459961E+3	1.374233000E+3
-7.914800000E-5	-7.368650000E-6	3.800500000E+0	3.999459961E+3	1.375983000E+3
-7.873080000E-5	-7.480410000E-6	3.811600000E+0	3.999459961E+3	1.378780000E+3
-7.849230000E-5	-7.607070000E-6	3.821600000E+0	3.999459961E+3	1.380418000E+3
-7.805270000E-5	-7.733760000E-6	3.832800000E+0	3.999459961E+3	1.382759000E+3
-7.766530000E-5	-7.875320000E-6	3.843000000E+0	3.999459961E+3	1.384921000E+3
-7.724810000E-5	-8.024330000E-6	3.854300000E+0	3.999459961E+3	1.387336000E+3
-7.686810000E-5	-8.150990000E-6	3.864300000E+0	3.999459961E+3	1.388928000E+3
-7.630930000E-5	-8.300000000E-6	3.876000000E+0	3.999459961E+3	1.391844000E+3
-7.601870000E-5	-8.441570000E-6	3.888500000E+0	3.999459961E+3	1.393905000E+3
-7.541520000E-5	-8.583130000E-6	3.899100000E+0	3.999459961E+3	1.396076000E+3
-7.496080000E-5	-8.739590000E-6	3.910200000E+0	3.999459961E+3	1.398370000E+3
-7.458820000E-5	-8.873700000E-6	3.921200000E+0	3.999459961E+3	1.400383000E+3
-7.386550000E-5	-9.149370000E-6	3.932100000E+0	3.999459961E+3	1.403172000E+3
-7.350040000E-5	-9.261130000E-6	3.945900000E+0	3.999459961E+3	1.405156000E+3
-7.277770000E-5	-9.566600000E-6	3.958000000E+0	3.999459961E+3	1.407995000E+3
-7.219660000E-5	-9.663460000E-6	3.969300000E+0	3.999459961E+3	1.409963000E+3
-7.145900000E-5	-9.968940000E-6	3.980400000E+0	3.999459961E+3	1.412790000E+3
-7.109390000E-5	-1.006580000E-5	3.991100000E+0	3.999459961E+3	1.414380000E+3
-7.029670000E-5	-1.037870000E-5	4.001500000E+0	3.999459961E+3	1.417077000E+3
-6.982730000E-5	-1.047560000E-5	4.012400000E+0	3.999459961E+3	1.419042000E+3
-6.914930000E-5	-1.070650000E-5	4.024700000E+0	3.999459961E+3	1.421045000E+3
-6.839680000E-5	-1.095990000E-5	4.036500000E+0	3.999459961E+3	1.423421000E+3
-6.765170000E-5	-1.120570000E-5	4.047200000E+0	3.999459961E+3	1.425829000E+3
-6.676510000E-5	-1.144420000E-5	4.062800000E+0	3.999459961E+3	1.428881000E+3
-6.602750000E-5	-1.170490000E-5	4.072900000E+0	3.999459961E+3	1.430894000E+3
-6.520790000E-5	-1.193590000E-5	4.083800000E+0	3.999459961E+3	1.432919000E+3
-6.454480000E-5	-1.211470000E-5	4.094900000E+0	3.999459961E+3	1.435336000E+3
-6.360610000E-5	-1.239040000E-5	4.108100000E+0	3.999459961E+3	1.437752000E+3
-6.242140000E-5	-1.274800000E-5	4.120100000E+0	3.999459961E+3	1.440524000E+3
-6.157210000E-5	-1.299390000E-5	4.131900000E+0	3.999459961E+3	1.442526000E+3
-6.043930000E-5	-1.330680000E-5	4.142800000E+0	3.999459961E+3	1.445366000E+3
-5.982840000E-5	-1.344090000E-5	4.154700000E+0	3.999459961E+3	1.446984000E+3
-5.853200000E-5	-1.384320000E-5	4.166300000E+0	3.999459961E+3	1.449489000E+3
-5.757830000E-5	-1.411150000E-5	4.177200000E+0	3.999459961E+3	1.451961000E+3
-5.678860000E-5	-1.423810000E-5	4.187400000E+0	3.999459961E+3	1.453566000E+3
-5.534310000E-5	-1.470010000E-5	4.199500000E+0	3.999459961E+3	1.456381000E+3
-5.426280000E-5	-1.490870000E-5	4.209500000E+0	3.999459961E+3	1.458390000E+3
-5.339850000E-5	-1.517690000E-5	4.221600000E+0	3.999459961E+3	1.460406000E+3
-5.199780000E-5	-1.550480000E-5	4.231800000E+0	3.999459961E+3	1.462905000E+3
-5.090260000E-5	-1.570590000E-5	4.244300000E+0	3.999459961E+3	1.465275000E+3
-4.963600000E-5	-1.599650000E-5	4.256400000E+0	3.999459961E+3	1.467029000E+3
-4.829490000E-5	-1.625730000E-5	4.268500000E+0	3.999459961E+3	1.469831000E+3
-4.670050000E-5	-1.653300000E-5	4.279700000E+0	3.999459961E+3	1.472658000E+3
-4.573930000E-5	-1.671920000E-5	4.290600000E+0	3.999459961E+3	1.474272000E+3
-4.424920000E-5	-1.695020000E-5	4.301100000E+0	3.999459961E+3	1.476629000E+3
-4.275170000E-5	-1.723330000E-5	4.312700000E+0	3.999459961E+3	1.479025000E+3
-4.179050000E-5	-1.731530000E-5	4.323000000E+0	3.999459961E+3	1.481066000E+3
-4.030040000E-5	-1.756860000E-5	4.334800000E+0	3.999459961E+3	1.483103000E+3
-3.881030000E-5	-1.760580000E-5	4.347300000E+0	3.999459961E+3	1.485621000E+3
-3.732760000E-5	-1.774740000E-5	4.359900000E+0	3.999459961E+3	1.488408000E+3
-3.575560000E-5	-1.785170000E-5	4.371100000E+0	3.999459961E+3	1.490402000E+3
-3.438470000E-5	-1.788150000E-5	4.381400000E+0	3.999459961E+3	1.492882000E+3
-3.349060000E-5	-1.794110000E-5	4.392500000E+0	3.999459961E+3	1.494535000E+3
-3.194090000E-5	-1.790390000E-5	4.403100000E+0	3.999459961E+3	1.496935000E+3
-3.059230000E-5	-1.791880000E-5	4.414000000E+0	3.999459961E+3	1.499008000E+3
-2.919890000E-5	-1.775480000E-5	4.424400000E+0	3.999459961E+3	1.501404000E+3
-2.799940000E-5	-1.771010000E-5	4.436000000E+0	3.999459961E+3	1.503049000E+3
-2.651670000E-5	-1.747170000E-5	4.446800000E+0	3.999459961E+3	1.505826000E+3
-2.521290000E-5	-1.707680000E-5	4.460800000E+0	3.999459961E+3	1.507963000E+3
-2.348430000E-5	-1.662240000E-5	4.472200000E+0	3.999459961E+3	1.511138000E+3
-2.222520000E-5	-1.632430000E-5	4.483500000E+0	3.999459961E+3	1.513200000E+3
-2.086170000E-5	-1.578040000E-5	4.494600000E+0	3.999459961E+3	1.515169000E+3
-1.980380000E-5	-1.542280000E-5	4.505900000E+0	3.999459961E+3	1.517555000E+3
-1.849990000E-5	-1.477460000E-5	4.518000000E+0	3.999459961E+3	1.519959000E+3
-1.750900000E-5	-1.430520000E-5	4.529600000E+0	3.999459961E+3	1.521695000E+3
-1.620510000E-5	-1.358990000E-5	4.540400000E+0	3.999459961E+3	1.524502000E+3
-1.508000000E-5	-1.289700000E-5	4.550600000E+0	3.999459961E+3	1.526516000E+3
-1.422320000E-5	-1.234570000E-5	4.561100000E+0	3.999459961E+3	1.528479000E+3
-1.329930000E-5	-1.171240000E-5	4.571900000E+0	3.999459961E+3	1.530907000E+3
-1.236060000E-5	-1.095990000E-5	4.582500000E+0	3.999459961E+3	1.532866000E+3
-1.156340000E-5	-1.013280000E-5	4.593800000E+0	3.999459961E+3	1.535435000E+3
-1.109400000E-5	-9.618760000E-6	4.605900000E+0	3.999459961E+3	1.536797000E+3
-1.034150000E-5	-8.739590000E-6	4.618000000E+0	3.999459961E+3	1.539997000E+3
-9.886980000E-6	-8.158440000E-6	4.628100000E+0	3.999459961E+3	1.541978000E+3
-9.566600000E-6	-7.733760000E-6	4.638300000E+0	3.999459961E+3	1.543941000E+3
-9.156820000E-6	-7.413360000E-6	4.649400000E+0	3.999459961E+3	1.545942000E+3
-8.836450000E-6	-6.891820000E-6	4.661900000E+0	3.999459961E+3	1.548757000E+3
-8.657630000E-6	-6.496940000E-6	4.673100000E+0	3.999459961E+3	1.551267000E+3
-8.404310000E-6	-6.340470000E-6	4.683400000E+0	3.999459961E+3	1.552872000E+3
-8.277650000E-6	-5.967940000E-6	4.694100000E+0	3.999459961E+3	1.555261000E+3
-8.173350000E-6	-5.856190000E-6	4.704300000E+0	3.999459961E+3	1.557265000E+3
-8.106290000E-6	-5.662470000E-6	4.714700000E+0	3.999459961E+3	1.559280000E+3
-7.957280000E-6	-5.498560000E-6	4.726100000E+0	3.999459961E+3	1.560882000E+3
-7.785910000E-6	-5.371900000E-6	4.736200000E+0	3.999459961E+3	1.563406000E+3
-7.726310000E-6	-5.081330000E-6	4.746400000E+0	3.999459961E+3	1.565810000E+3
-7.636900000E-6	-4.880160000E-6	4.758800000E+0	3.999459961E+3	1.567859000E+3
-7.502760000E-6	-4.731150000E-6	4.769100000E+0	3.999459961E+3	1.570234000E+3
-7.420810000E-6	-4.552330000E-6	4.781500000E+0	3.999459961E+3	1.572744000E+3
-7.323950000E-6	-4.433120000E-6	4.792900000E+0	3.999459961E+3	1.575005000E+3
-7.249440000E-6	-4.313920000E-6	4.803200000E+0	3.999459961E+3	1.576606000E+3
-7.130230000E-6	-4.164900000E-6	4.813600000E+0	3.999459961E+3	1.579195000E+3
-7.130230000E-6	-4.000990000E-6	4.824100000E+0	3.999459961E+3	1.581280000E+3
-7.040830000E-6	-3.896680000E-6	4.836400000E+0	3.999459961E+3	1.583349000E+3
-6.973770000E-6	-3.695500000E-6	4.847300000E+0	3.999459961E+3	1.585713000E+3
-6.802410000E-6	-3.643350000E-6	4.857400000E+0	3.999459961E+3	1.587668000E+3
-6.862010000E-6	-3.457080000E-6	4.868500000E+0	3.999459961E+3	1.590080000E+3
-6.705550000E-6	-3.397480000E-6	4.880100000E+0	3.999459961E+3	1.592488000E+3
-6.780060000E-6	-3.226120000E-6	4.891200000E+0	3.999459961E+3	1.594523000E+3
-6.690650000E-6	-3.047300000E-6	4.901800000E+0	3.999459961E+3	1.596955000E+3
-6.690650000E-6	-2.980250000E-6	4.913100000E+0	3.999459961E+3	1.598650000E+3
-6.563990000E-6	-2.861040000E-6	4.924300000E+0	3.999459961E+3	1.601031000E+3
-6.519290000E-6	-2.756730000E-6	4.935700000E+0	3.999459961E+3	1.603055000E+3
-6.563990000E-6	-2.622620000E-6	4.946700000E+0	3.999459961E+3	1.605946000E+3
-6.400080000E-6	-2.600270000E-6	4.957300000E+0	3.999459961E+3	1.607959000E+3
-6.355370000E-6	-2.503410000E-6	4.969600000E+0	3.999459961E+3	1.609950000E+3
-6.340470000E-6	-2.302240000E-6	4.980100000E+0	3.999459961E+3	1.612366000E+3
-6.333020000E-6	-2.227740000E-6	4.991600000E+0	3.999459961E+3	1.614756000E+3
-6.273420000E-6	-2.168130000E-6	5.003100000E+0	3.999459961E+3	1.616367000E+3
-6.228710000E-6	-2.034020000E-6	5.013600000E+0	3.999459961E+3	1.619149000E+3
-6.213810000E-6	-1.922260000E-6	5.026800000E+0	3.999459961E+3	1.621539000E+3
-6.176560000E-6	-1.825400000E-6	5.037500000E+0	3.999459961E+3	1.624141000E+3
-6.176560000E-6	-1.765790000E-6	5.049600000E+0	3.999459961E+3	1.626110000E+3
-6.131860000E-6	-1.594430000E-6	5.060800000E+0	3.999459961E+3	1.628516000E+3
-6.072250000E-6	-1.616780000E-6	5.071900000E+0	3.999459961E+3	1.631003000E+3
-6.042450000E-6	-1.490120000E-6	5.083700000E+0	3.999459961E+3	1.633018000E+3
-6.087150000E-6	-1.460320000E-6	5.095600000E+0	3.999459961E+3	1.635027000E+3
-5.997750000E-6	-1.363460000E-6	5.106700000E+0	3.999459961E+3	1.637835000E+3
-5.967940000E-6	-1.318760000E-6	5.118100000E+0	3.999459961E+3	1.639815000E+3
-5.960490000E-6	-1.251700000E-6	5.129900000E+0	3.999459961E+3	1.642211000E+3
-5.960490000E-6	-1.139950000E-6	5.140500000E+0	3.999459961E+3	1.644275000E+3
-5.878540000E-6	-1.102690000E-6	5.152300000E+0	3.999459961E+3	1.647103000E+3
-5.953040000E-6	-1.043090000E-6	5.162900000E+0	3.999459961E+3	1.648764000E+3
-5.960490000E-6	-9.909340000E-7	5.173300000E+0	3.999459961E+3	1.650752000E+3
-5.893440000E-6	-8.940730000E-7	5.183600000E+0	3.999459961E+3	1.652909000E+3
-5.893440000E-6	-9.015240000E-7	5.194600000E+0	3.999459961E+3	1.655316000E+3
-5.945590000E-6	-8.344690000E-7	5.207000000E+0	3.999459961E+3	1.657689000E+3
-5.885990000E-6	-7.599630000E-7	5.219200000E+0	3.999459961E+3	1.660068000E+3
-5.878540000E-6	-6.854570000E-7	5.232000000E+0	3.999459961E+3	1.662929000E+3
-5.833830000E-6	-6.556550000E-7	5.244200000E+0	3.999459961E+3	1.664479000E+3
-5.826380000E-6	-5.886000000E-7	5.256500000E+0	3.999459961E+3	1.667799000E+3
-5.856190000E-6	-5.587970000E-7	5.266800000E+0	3.999459961E+3	1.669743000E+3
-5.833830000E-6	-4.619380000E-7	5.277300000E+0	3.999459961E+3	1.671849000E+3
-5.833830000E-6	-4.842910000E-7	5.288200000E+0	3.999459961E+3	1.673812000E+3
-5.826380000E-6	-3.874320000E-7	5.300000000E+0	3.999459961E+3	1.676259000E+3
-5.818930000E-6	-3.874320000E-7	5.311100000E+0	3.999459961E+3	1.678637000E+3
-5.751880000E-6	-3.501790000E-7	5.322400000E+0	3.999459961E+3	1.681001000E+3
-5.759330000E-6	-3.129260000E-7	5.332900000E+0	3.999459961E+3	1.682860000E+3
-5.774230000E-6	-2.831240000E-7	5.343800000E+0	3.999459961E+3	1.685227000E+3
-5.751880000E-6	-2.756730000E-7	5.357200000E+0	3.999459961E+3	1.687530000E+3
-5.766780000E-6	-1.788150000E-7	5.369400000E+0	3.999459961E+3	1.690394000E+3
-5.714620000E-6	-1.415620000E-7	5.379900000E+0	3.999459961E+3	1.692353000E+3
-5.744430000E-6	-1.490130000E-7	5.393200000E+0	3.999459961E+3	1.694823000E+3
-5.744430000E-6	-1.341110000E-7	5.403900000E+0	3.999459961E+3	1.697143000E+3
-5.759330000E-6	-4.470370000E-8	5.415100000E+0	3.999459961E+3	1.699531000E+3
-5.714620000E-6	-2.980250000E-8	5.426200000E+0	3.999459961E+3	1.701757000E+3
-5.692270000E-6	2.980250000E-8	5.442500000E+0	3.999459961E+3	1.704656000E+3
-5.699720000E-6	-2.235190000E-8	5.453200000E+0	3.999459961E+3	1.706608000E+3
-5.736980000E-6	2.980250000E-8	5.464400000E+0	3.999459961E+3	1.709414000E+3
-5.729530000E-6	4.470370000E-8	5.476700000E+0	3.999459961E+3	1.711468000E+3
-5.759330000E-6	8.940740000E-8	5.490100000E+0	3.999459961E+3	1.714195000E+3
-5.662470000E-6	9.685800000E-8	5.501300000E+0	3.999459961E+3	1.716206000E+3
-5.707170000E-6	1.117590000E-7	5.512500000E+0	3.999459961E+3	1.719093000E+3
-5.714620000E-6	1.341110000E-7	5.523900000E+0	3.999459961E+3	1.721179000E+3
-5.736980000E-6	1.266610000E-7	5.535900000E+0	3.999459961E+3	1.723153000E+3
-5.707170000E-6	2.309690000E-7	5.546200000E+0	3.999459961E+3	1.725521000E+3
-5.736980000E-6	2.235180000E-7	5.557300000E+0	3.999459961E+3	1.727983000E+3
-5.707170000E-6	2.458710000E-7	5.568500000E+0	3.999459961E+3	1.729931000E+3
-5.677370000E-6	2.384200000E-7	5.581300000E+0	3.999459961E+3	1.732781000E+3
-5.692270000E-6	2.831240000E-7	5.592700000E+0	3.999459961E+3	1.734722000E+3
-5.669920000E-6	2.831240000E-7	5.604800000E+0	3.999459961E+3	1.737581000E+3
-5.707170000E-6	2.682230000E-7	5.615900000E+0	3.999459961E+3	1.739182000E+3
-5.707170000E-6	3.352780000E-7	5.628700000E+0	3.999459961E+3	1.742075000E+3
-5.655020000E-6	3.203770000E-7	5.639000000E+0	3.999459961E+3	1.744106000E+3
-5.722080000E-6	2.607720000E-7	5.650200000E+0	3.999459961E+3	1.746486000E+3
-5.632670000E-6	3.352780000E-7	5.660500000E+0	3.999459961E+3	1.748065000E+3
-5.625220000E-6	3.427290000E-7	5.671700000E+0	3.999459961E+3	1.750530000E+3
-5.707170000E-6	3.725310000E-7	5.682600000E+0	3.999459961E+3	1.752885000E+3
-5.707170000E-6	4.023330000E-7	5.692800000E+0	3.999459961E+3	1.755037000E+3
-5.729530000E-6	3.874320000E-7	5.704200000E+0	3.999459961E+3	1.757417000E+3
-5.699720000E-6	3.650800000E-7	5.714400000E+0	3.999459961E+3	1.759396000E+3
-5.655020000E-6	3.352780000E-7	5.727200000E+0	3.999459961E+3	1.761000000E+3
-5.677370000E-6	3.650800000E-7	5.737600000E+0	3.999459961E+3	1.763807000E+3
-5.722080000E-6	4.023330000E-7	5.749700000E+0	3.999459961E+3	1.766341000E+3
-5.684820000E-6	3.501790000E-7	5.761300000E+0	3.999459961E+3	1.768407000E+3
-5.707170000E-6	4.246850000E-7	5.772600000E+0	3.999459961E+3	1.770752000E+3
-5.677370000E-6	3.799810000E-7	5.784700000E+0	3.999459961E+3	1.773121000E+3
-5.744430000E-6	4.097840000E-7	5.796000000E+0	3.999459961E+3	1.775274000E+3
-5.684820000E-6	3.725310000E-7	5.807100000E+0	3.999459961E+3	1.777722000E+3
-5.617770000E-6	3.054760000E-7	5.817800000E+0	3.999459961E+3	1.780058000E+3
-5.677370000E-6	3.129260000E-7	5.829300000E+0	3.999459961E+3	1.782066000E+3
-5.707170000E-6	3.725310000E-7	5.840100000E+0	3.999459961E+3	1.784079000E+3
-5.640120000E-6	4.395860000E-7	5.851000000E+0	3.999459961E+3	1.786471000E+3
-5.692270000E-6	3.352780000E-7	5.862400000E+0	3.999459961E+3	1.788919000E+3
-5.714620000E-6	4.246850000E-7	5.873900000E+0	3.999459961E+3	1.790873000E+3
-5.684820000E-6	3.650800000E-7	5.885300000E+0	3.999459961E+3	1.793289000E+3
-5.669920000E-6	4.023330000E-7	5.897200000E+0	3.999459961E+3	1.795663000E+3
-5.677370000E-6	4.395860000E-7	5.908000000E+0	3.999459961E+3	1.798142000E+3
-5.707170000E-6	4.246850000E-7	5.919200000E+0	3.999459961E+3	1.800075000E+3
-5.714620000E-6	4.321350000E-7	5.929400000E+0	3.999459961E+3	1.802208000E+3
-5.669920000E-6	3.948830000E-7	5.940400000E+0	3.999459961E+3	1.804202000E+3
-5.655020000E-6	3.948830000E-7	5.951600000E+0	3.999459961E+3	1.807008000E+3
-5.729530000E-6	3.576300000E-7	5.963500000E+0	3.999459961E+3	1.809000000E+3
-5.662470000E-6	3.650800000E-7	5.974100000E+0	3.999459961E+3	1.810805000E+3
-5.640120000E-6	3.948830000E-7	5.985700000E+0	3.999459961E+3	1.813540000E+3
-5.684820000E-6	4.097840000E-7	5.996200000E+0	3.999459961E+3	1.815524000E+3
