20250501_HM451MoTaZr2_chiAC_vs_T_B_2T.001.txt Thu, May 1, 2025 5:52:27 PM Juan
Magnet: None
Trigger spacing of 0.010000 on column #3
Offsets:	0.000000000E+0	0.000000000E+0	0.000000000E+0	0.000000000E+0	0.000000000E+0

Scale Factors:	1.000000000E+0	1.000000000E+0	1.000000000E+0	1.000000000E+0	1.000000000E+0

2T
Lockin_V_001	Chan2_V_001	Temperature_001	Field_001	Timestamp_001
-5.289950000E-7	8.642730000E-6	6.001300000E+0	1.999948047E+4	2.900000000E-2
1.899910000E-6	7.934930000E-6	5.990300000E+0	1.999948047E+4	8.935900000E+1
2.190490000E-6	7.592170000E-6	5.980300000E+0	1.999948047E+4	9.094300000E+1
2.421450000E-6	7.636900000E-6	5.968800000E+0	1.999948047E+4	9.250400000E+1
2.808880000E-6	6.914170000E-6	5.958400000E+0	1.999948047E+4	9.497600000E+1
2.905740000E-6	6.869460000E-6	5.947700000E+0	1.999948047E+4	9.697000000E+1
3.248470000E-6	6.109510000E-6	5.937300000E+0	1.999948047E+4	9.907900000E+1
3.032400000E-6	6.258520000E-6	5.926500000E+0	1.999948047E+4	1.013660000E+2
3.166510000E-6	6.154210000E-6	5.914400000E+0	1.999948047E+4	1.037180000E+2
3.159060000E-6	6.340470000E-6	5.902700000E+0	1.999948047E+4	1.058520000E+2
3.062200000E-6	6.392630000E-6	5.890800000E+0	1.999948047E+4	1.080160000E+2
3.308070000E-6	6.303220000E-6	5.880600000E+0	1.999948047E+4	1.107850000E+2
3.352780000E-6	6.005200000E-6	5.869200000E+0	1.999948047E+4	1.124080000E+2
3.226120000E-6	6.340470000E-6	5.858200000E+0	1.999948047E+4	1.151820000E+2
3.479440000E-6	5.550710000E-6	5.847900000E+0	1.999948047E+4	1.168040000E+2
3.255920000E-6	5.930690000E-6	5.837100000E+0	1.999948047E+4	1.191840000E+2
3.300620000E-6	5.818930000E-6	5.827100000E+0	1.999948047E+4	1.207990000E+2
3.099460000E-6	6.161660000E-6	5.816000000E+0	1.999948047E+4	1.232460000E+2
2.995150000E-6	6.116960000E-6	5.803200000E+0	1.999948047E+4	1.255840000E+2
3.129260000E-6	6.228710000E-6	5.791800000E+0	1.999948047E+4	1.279960000E+2
3.248470000E-6	6.333020000E-6	5.779200000E+0	1.999948047E+4	1.303850000E+2
3.539040000E-6	6.265970000E-6	5.768700000E+0	1.999948047E+4	1.324030000E+2
3.479440000E-6	5.684820000E-6	5.757800000E+0	1.999948047E+4	1.352010000E+2
3.479440000E-6	5.826380000E-6	5.746400000E+0	1.999948047E+4	1.371980000E+2
3.717850000E-6	5.535810000E-6	5.734600000E+0	1.999948047E+4	1.391770000E+2
3.621000000E-6	5.200530000E-6	5.724400000E+0	1.999948047E+4	1.416410000E+2
3.457080000E-6	5.796580000E-6	5.713200000E+0	1.999948047E+4	1.436110000E+2
3.770010000E-6	4.999370000E-6	5.701600000E+0	1.999948047E+4	1.463930000E+2
3.732760000E-6	4.947210000E-6	5.690000000E+0	1.999948047E+4	1.479750000E+2
3.561390000E-6	5.580510000E-6	5.680000000E+0	1.999948047E+4	1.503830000E+2
3.799810000E-6	5.170730000E-6	5.669400000E+0	1.999948047E+4	1.528040000E+2
3.710400000E-6	5.394250000E-6	5.658400000E+0	1.999948047E+4	1.543950000E+2
3.628450000E-6	5.386800000E-6	5.647800000E+0	1.999948047E+4	1.568100000E+2
3.770010000E-6	5.088780000E-6	5.637400000E+0	1.999948047E+4	1.583990000E+2
3.553940000E-6	5.312290000E-6	5.625700000E+0	1.999948047E+4	1.612640000E+2
3.732760000E-6	5.319740000E-6	5.614300000E+0	1.999948047E+4	1.636020000E+2
3.710400000E-6	5.394250000E-6	5.602900000E+0	1.999948047E+4	1.656000000E+2
3.539040000E-6	5.908340000E-6	5.591900000E+0	1.999948047E+4	1.682410000E+2
3.799810000E-6	5.826380000E-6	5.580600000E+0	1.999948047E+4	1.702600000E+2
3.963740000E-6	5.967940000E-6	5.565900000E+0	1.999948047E+4	1.730900000E+2
3.814730000E-6	6.496940000E-6	5.553900000E+0	1.999948047E+4	1.758750000E+2
3.688050000E-6	6.139310000E-6	5.542300000E+0	1.999948047E+4	1.781510000E+2
3.956290000E-6	5.885990000E-6	5.531200000E+0	1.999948047E+4	1.799880000E+2
3.755110000E-6	6.392630000E-6	5.517500000E+0	1.999948047E+4	1.829190000E+2
3.494340000E-6	6.504390000E-6	5.506300000E+0	1.999948047E+4	1.850780000E+2
3.330420000E-6	7.092980000E-6	5.494900000E+0	1.999948047E+4	1.877590000E+2
3.516690000E-6	6.713000000E-6	5.484000000E+0	1.999948047E+4	1.898390000E+2
3.755110000E-6	6.668300000E-6	5.473600000E+0	1.999948047E+4	1.916070000E+2
3.717850000E-6	6.839660000E-6	5.461700000E+0	1.999948047E+4	1.941710000E+2
3.494340000E-6	6.966320000E-6	5.451700000E+0	1.999948047E+4	1.963080000E+2
3.881780000E-6	6.794960000E-6	5.441400000E+0	1.999948047E+4	1.978480000E+2
3.814730000E-6	6.750260000E-6	5.427700000E+0	1.999948047E+4	2.006970000E+2
3.710400000E-6	7.048280000E-6	5.417000000E+0	1.999948047E+4	2.027120000E+2
3.673150000E-6	7.309050000E-6	5.404000000E+0	1.999948047E+4	2.055660000E+2
3.695500000E-6	7.100430000E-6	5.393700000E+0	1.999948047E+4	2.078990000E+2
3.777460000E-6	7.160040000E-6	5.381700000E+0	1.999948047E+4	2.098630000E+2
3.546490000E-6	7.122780000E-6	5.369800000E+0	1.999948047E+4	2.122330000E+2
3.665700000E-6	7.055730000E-6	5.359500000E+0	1.999948047E+4	2.146600000E+2
3.784910000E-6	6.869460000E-6	5.346900000E+0	1.999948047E+4	2.173640000E+2
3.576290000E-6	7.100430000E-6	5.335000000E+0	1.999948047E+4	2.190410000E+2
3.688050000E-6	6.578890000E-6	5.323000000E+0	1.999948047E+4	2.220880000E+2
3.635900000E-6	6.981220000E-6	5.311700000E+0	1.999948047E+4	2.238360000E+2
3.606100000E-6	6.638500000E-6	5.297500000E+0	1.999948047E+4	2.267950000E+2
3.568840000E-6	7.003570000E-6	5.286800000E+0	1.999948047E+4	2.291820000E+2
3.762560000E-6	6.705550000E-6	5.274500000E+0	1.999948047E+4	2.316060000E+2
3.717850000E-6	6.966320000E-6	5.263200000E+0	1.999948047E+4	2.335840000E+2
3.770010000E-6	6.653400000E-6	5.250600000E+0	1.999948047E+4	2.363790000E+2
3.755110000E-6	6.400080000E-6	5.240400000E+0	1.999948047E+4	2.382520000E+2
3.755110000E-6	6.295770000E-6	5.226300000E+0	1.999948047E+4	2.411760000E+2
3.926490000E-6	6.392630000E-6	5.214100000E+0	1.999948047E+4	2.434530000E+2
3.717850000E-6	6.921620000E-6	5.202800000E+0	1.999948047E+4	2.458410000E+2
3.889230000E-6	6.772610000E-6	5.191400000E+0	1.999948047E+4	2.483010000E+2
3.911580000E-6	6.750260000E-6	5.181300000E+0	1.999948047E+4	2.497610000E+2
4.090400000E-6	7.063180000E-6	5.167800000E+0	1.999948047E+4	2.527930000E+2
4.075500000E-6	6.906720000E-6	5.155700000E+0	1.999948047E+4	2.550700000E+2
3.919030000E-6	6.578890000E-6	5.144600000E+0	1.999948047E+4	2.574940000E+2
3.889230000E-6	6.459680000E-6	5.134300000E+0	1.999948047E+4	2.598630000E+2
4.105300000E-6	6.452230000E-6	5.123100000E+0	1.999948047E+4	2.618610000E+2
3.598640000E-6	6.780060000E-6	5.110700000E+0	1.999948047E+4	2.643950000E+2
3.717850000E-6	6.921620000E-6	5.099400000E+0	1.999948047E+4	2.661370000E+2
3.777460000E-6	6.899270000E-6	5.089100000E+0	1.999948047E+4	2.686460000E+2
3.673150000E-6	6.802410000E-6	5.075900000E+0	1.999948047E+4	2.714440000E+2
3.673150000E-6	6.914170000E-6	5.065500000E+0	1.999948047E+4	2.734470000E+2
3.762560000E-6	6.236170000E-6	5.053600000E+0	1.999948047E+4	2.753050000E+2
3.889230000E-6	6.347920000E-6	5.042800000E+0	1.999948047E+4	2.777820000E+2
3.859430000E-6	6.593790000E-6	5.029800000E+0	1.999948047E+4	2.803180000E+2
4.187260000E-6	6.228710000E-6	5.019500000E+0	1.999948047E+4	2.825440000E+2
3.717850000E-6	5.938140000E-6	5.006900000E+0	1.999948047E+4	2.850790000E+2
4.023340000E-6	5.900890000E-6	4.996400000E+0	1.999948047E+4	2.872210000E+2
3.933940000E-6	5.632670000E-6	4.985900000E+0	1.999948047E+4	2.893210000E+2
3.777460000E-6	5.662470000E-6	4.973900000E+0	1.999948047E+4	2.918820000E+2
3.881780000E-6	5.811480000E-6	4.962900000E+0	1.999948047E+4	2.937520000E+2
3.770010000E-6	5.923240000E-6	4.951600000E+0	1.999948047E+4	2.957950000E+2
3.919030000E-6	6.586340000E-6	4.940900000E+0	1.999948047E+4	2.983860000E+2
3.814730000E-6	6.482030000E-6	4.929900000E+0	1.999948047E+4	3.003740000E+2
3.829630000E-6	5.573060000E-6	4.919000000E+0	1.999948047E+4	3.025790000E+2
3.926490000E-6	5.602870000E-6	4.907400000E+0	1.999948047E+4	3.047660000E+2
3.993540000E-6	5.535810000E-6	4.896900000E+0	1.999948047E+4	3.071860000E+2
3.710400000E-6	5.602870000E-6	4.883300000E+0	1.999948047E+4	3.095990000E+2
4.723700000E-6	5.893440000E-6	4.871400000E+0	1.999948047E+4	3.120030000E+2
3.926490000E-6	5.759330000E-6	4.861000000E+0	1.999948047E+4	3.141230000E+2
4.500180000E-6	5.342100000E-6	4.849200000E+0	1.999948047E+4	3.168550000E+2
4.664090000E-6	5.632670000E-6	4.836500000E+0	1.999948047E+4	3.193270000E+2
5.066420000E-6	5.975390000E-6	4.825800000E+0	1.999948047E+4	3.206590000E+2
4.127650000E-6	5.848730000E-6	4.815200000E+0	1.999948047E+4	3.235810000E+2
4.351170000E-6	6.012650000E-6	4.805000000E+0	1.999948047E+4	3.249870000E+2
4.798200000E-6	6.072250000E-6	4.792700000E+0	1.999948047E+4	3.278830000E+2
4.813100000E-6	5.863640000E-6	4.780800000E+0	1.999948047E+4	3.304010000E+2
4.403320000E-6	6.392630000E-6	4.768600000E+0	1.999948047E+4	3.325320000E+2
4.962120000E-6	6.064800000E-6	4.758000000E+0	1.999948047E+4	3.346890000E+2
5.058970000E-6	6.131860000E-6	4.746600000E+0	1.999948047E+4	3.372040000E+2
4.224510000E-6	6.333020000E-6	4.735900000E+0	1.999948047E+4	3.394470000E+2
4.023340000E-6	6.608690000E-6	4.725800000E+0	1.999948047E+4	3.411220000E+2
4.239410000E-6	6.526740000E-6	4.714400000E+0	1.999948047E+4	3.435640000E+2
4.760950000E-6	5.930690000E-6	4.702200000E+0	1.999948047E+4	3.458380000E+2
6.392630000E-6	2.652420000E-6	4.691400000E+0	1.999948047E+4	3.484320000E+2
6.154210000E-6	2.361850000E-6	4.679900000E+0	1.999948047E+4	3.501580000E+2
6.079700000E-6	3.367680000E-6	4.669200000E+0	1.999948047E+4	3.525280000E+2
6.206360000E-6	2.786530000E-6	4.657300000E+0	1.999948047E+4	3.551070000E+2
6.035000000E-6	3.404930000E-6	4.646000000E+0	1.999948047E+4	3.573280000E+2
6.139310000E-6	2.816330000E-6	4.634600000E+0	1.999948047E+4	3.593880000E+2
6.236170000E-6	2.846140000E-6	4.623500000E+0	1.999948047E+4	3.621920000E+2
6.012650000E-6	3.300620000E-6	4.613100000E+0	1.999948047E+4	3.635780000E+2
6.094600000E-6	3.084550000E-6	4.600300000E+0	1.999948047E+4	3.661090000E+2
6.742800000E-6	2.414000000E-6	4.588700000E+0	1.999948047E+4	3.689840000E+2
6.400080000E-6	2.950440000E-6	4.577300000E+0	1.999948047E+4	3.709370000E+2
6.243620000E-6	3.151610000E-6	4.565400000E+0	1.999948047E+4	3.734600000E+2
6.139310000E-6	4.157450000E-6	4.554300000E+0	1.999948047E+4	3.757430000E+2
6.616140000E-6	4.038240000E-6	4.542800000E+0	1.999948047E+4	3.777180000E+2
6.794960000E-6	3.077100000E-6	4.532200000E+0	1.999948047E+4	3.800250000E+2
7.376100000E-6	3.524140000E-6	4.519500000E+0	1.999948047E+4	3.825400000E+2
7.130230000E-6	2.741830000E-6	4.508300000E+0	1.999948047E+4	3.846860000E+2
7.376100000E-6	2.451260000E-6	4.498100000E+0	1.999948047E+4	3.867910000E+2
7.092980000E-6	2.391650000E-6	4.487400000E+0	1.999948047E+4	3.888010000E+2
7.167490000E-6	2.719480000E-6	4.477100000E+0	1.999948047E+4	3.914260000E+2
7.234540000E-6	2.846140000E-6	4.465700000E+0	1.999948047E+4	3.932690000E+2
7.145140000E-6	2.637520000E-6	4.454900000E+0	1.999948047E+4	3.951880000E+2
6.966320000E-6	2.428900000E-6	4.444700000E+0	1.999948047E+4	3.974370000E+2
7.025930000E-6	2.510860000E-6	4.433400000E+0	1.999948047E+4	3.999650000E+2
6.943970000E-6	2.324600000E-6	4.421700000E+0	1.999948047E+4	4.021930000E+2
7.331400000E-6	1.639140000E-6	4.410700000E+0	1.999948047E+4	4.042530000E+2
7.227090000E-6	1.899910000E-6	4.399600000E+0	1.999948047E+4	4.067890000E+2
7.174940000E-6	2.153230000E-6	4.388500000E+0	1.999948047E+4	4.089080000E+2
7.212190000E-6	2.034020000E-6	4.377000000E+0	1.999948047E+4	4.110760000E+2
7.376100000E-6	1.832850000E-6	4.364800000E+0	1.999948047E+4	4.131060000E+2
7.212190000E-6	2.294790000E-6	4.353300000E+0	1.999948047E+4	4.158500000E+2
7.338850000E-6	1.862650000E-6	4.341700000E+0	1.999948047E+4	4.182530000E+2
7.517660000E-6	1.773250000E-6	4.328300000E+0	1.999948047E+4	4.203000000E+2
7.405910000E-6	2.026570000E-6	4.316900000E+0	1.999948047E+4	4.233070000E+2
7.517660000E-6	1.780700000E-6	4.306700000E+0	1.999948047E+4	4.250920000E+2
7.405910000E-6	1.363460000E-6	4.294500000E+0	1.999948047E+4	4.276250000E+2
7.458060000E-6	1.810500000E-6	4.282500000E+0	1.999948047E+4	4.294490000E+2
7.219640000E-6	1.929710000E-6	4.272100000E+0	1.999948047E+4	4.322370000E+2
7.540020000E-6	2.130880000E-6	4.260600000E+0	1.999948047E+4	4.339560000E+2
7.465510000E-6	1.303860000E-6	4.249200000E+0	1.999948047E+4	4.370990000E+2
7.517660000E-6	1.817950000E-6	4.238700000E+0	1.999948047E+4	4.386470000E+2
7.532570000E-6	1.527380000E-6	4.227300000E+0	1.999948047E+4	4.407800000E+2
7.502760000E-6	1.899910000E-6	4.214800000E+0	1.999948047E+4	4.434450000E+2
7.443160000E-6	1.475220000E-6	4.203700000E+0	1.999948047E+4	4.455160000E+2
7.413360000E-6	1.303860000E-6	4.191900000E+0	1.999948047E+4	4.483680000E+2
7.614520000E-6	8.717220000E-7	4.180400000E+0	1.999948047E+4	4.503080000E+2
7.644350000E-6	8.419190000E-7	4.168800000E+0	1.999948047E+4	4.522470000E+2
7.346300000E-6	1.244250000E-6	4.157200000E+0	1.999948047E+4	4.552120000E+2
7.562370000E-6	1.274060000E-6	4.146100000E+0	1.999948047E+4	4.571090000E+2
7.659260000E-6	1.139950000E-6	4.135300000E+0	1.999948047E+4	4.594330000E+2
7.472960000E-6	1.177200000E-6	4.123200000E+0	1.999948047E+4	4.616120000E+2
7.741210000E-6	1.214450000E-6	4.112400000E+0	1.999948047E+4	4.642320000E+2
7.711410000E-6	1.482670000E-6	4.101200000E+0	1.999948047E+4	4.662350000E+2
7.346300000E-6	1.341110000E-6	4.090200000E+0	1.999948047E+4	4.677430000E+2
7.554920000E-6	1.117590000E-6	4.078600000E+0	1.999948047E+4	4.706370000E+2
7.323950000E-6	1.057990000E-6	4.068400000E+0	1.999948047E+4	4.726420000E+2
7.718860000E-6	4.470370000E-7	4.057200000E+0	1.999948047E+4	4.751920000E+2
7.495310000E-6	7.450630000E-8	4.045500000E+0	1.999948047E+4	4.774120000E+2
7.212190000E-6	6.929080000E-7	4.034400000E+0	1.999948047E+4	4.794250000E+2
7.152590000E-6	9.834840000E-7	4.023100000E+0	1.999948047E+4	4.813550000E+2
7.115330000E-6	1.490130000E-7	4.013100000E+0	1.999948047E+4	4.836830000E+2
7.309050000E-6	9.685800000E-8	4.000000000E+0	1.999948047E+4	4.866540000E+2
7.502760000E-6	5.811490000E-7	3.989700000E+0	1.999948047E+4	4.885150000E+2
7.495310000E-6	7.748640000E-7	3.979300000E+0	1.999948047E+4	4.901410000E+2
7.569820000E-6	6.407540000E-7	3.968400000E+0	1.999948047E+4	4.931510000E+2
7.517660000E-6	6.780060000E-7	3.955600000E+0	1.999948047E+4	4.949140000E+2
7.472960000E-6	7.674130000E-7	3.944000000E+0	1.999948047E+4	4.978290000E+2
7.793370000E-6	9.313260000E-7	3.932800000E+0	1.999948047E+4	4.998210000E+2
7.867870000E-6	1.184650000E-6	3.920200000E+0	1.999948047E+4	5.020890000E+2
7.651800000E-6	6.035010000E-7	3.908700000E+0	1.999948047E+4	5.050110000E+2
7.845520000E-6	8.642710000E-7	3.898400000E+0	1.999948047E+4	5.070040000E+2
7.838070000E-6	2.980250000E-7	3.887100000E+0	1.999948047E+4	5.084740000E+2
8.098840000E-6	3.948830000E-7	3.875900000E+0	1.999948047E+4	5.113530000E+2
7.994530000E-6	3.427290000E-7	3.863600000E+0	1.999948047E+4	5.138260000E+2
8.158440000E-6	1.035640000E-6	3.852900000E+0	1.999948047E+4	5.156880000E+2
8.218050000E-6	9.611320000E-7	3.841000000E+0	1.999948047E+4	5.181360000E+2
8.143540000E-6	6.333030000E-7	3.829900000E+0	1.999948047E+4	5.206380000E+2
8.054140000E-6	3.203770000E-7	3.817200000E+0	1.999948047E+4	5.225000000E+2
8.031780000E-6	4.321350000E-7	3.805600000E+0	1.999948047E+4	5.254240000E+2
8.039230000E-6	-8.568200000E-7	3.793400000E+0	1.999948047E+4	5.274320000E+2
7.987080000E-6	-1.780700000E-6	3.780900000E+0	1.999948047E+4	5.305350000E+2
7.785910000E-6	-1.810500000E-6	3.770800000E+0	1.999948047E+4	5.322170000E+2
7.666710000E-6	-1.296410000E-6	3.760600000E+0	1.999948047E+4	5.341890000E+2
7.532570000E-6	-1.132500000E-6	3.746300000E+0	1.999948047E+4	5.373520000E+2
7.480410000E-6	-1.244250000E-6	3.735900000E+0	1.999948047E+4	5.394250000E+2
7.346300000E-6	-2.257540000E-6	3.725200000E+0	1.999948047E+4	5.410650000E+2
7.152590000E-6	-2.220290000E-6	3.713900000E+0	1.999948047E+4	5.440760000E+2
6.862010000E-6	-2.816330000E-6	3.701200000E+0	1.999948047E+4	5.458850000E+2
6.645950000E-6	-3.322970000E-6	3.689300000E+0	1.999948047E+4	5.487430000E+2
6.556540000E-6	-3.837080000E-6	3.678400000E+0	1.999948047E+4	5.507970000E+2
6.660850000E-6	-3.986090000E-6	3.667400000E+0	1.999948047E+4	5.526270000E+2
6.757710000E-6	-4.120200000E-6	3.657100000E+0	1.999948047E+4	5.550100000E+2
6.437330000E-6	-3.956290000E-6	3.644900000E+0	1.999948047E+4	5.575280000E+2
6.124410000E-6	-3.568840000E-6	3.632800000E+0	1.999948047E+4	5.594020000E+2
5.885990000E-6	-3.963740000E-6	3.621500000E+0	1.999948047E+4	5.624020000E+2
5.833830000E-6	-4.708800000E-6	3.608200000E+0	1.999948047E+4	5.643700000E+2
5.483660000E-6	-4.462930000E-6	3.597800000E+0	1.999948047E+4	5.675920000E+2
4.701350000E-6	-5.073870000E-6	3.580100000E+0	1.999948047E+4	5.696840000E+2
4.433120000E-6	-5.587960000E-6	3.563900000E+0	1.999948047E+4	5.738520000E+2
3.695500000E-6	-5.319740000E-6	3.550700000E+0	1.999948047E+4	5.769970000E+2
3.248470000E-6	-6.213810000E-6	3.538700000E+0	1.999948047E+4	5.791590000E+2
2.965350000E-6	-6.534190000E-6	3.523900000E+0	1.999948047E+4	5.823680000E+2
3.017500000E-6	-6.653400000E-6	3.509300000E+0	1.999948047E+4	5.855460000E+2
1.959520000E-6	-7.167490000E-6	3.498600000E+0	1.999948047E+4	5.876700000E+2
1.646590000E-6	-8.061590000E-6	3.483900000E+0	1.999948047E+4	5.908810000E+2
8.195680000E-7	-7.860420000E-6	3.472800000E+0	1.999948047E+4	5.930450000E+2
5.960500000E-7	-8.061590000E-6	3.462000000E+0	1.999948047E+4	5.955220000E+2
8.568200000E-7	-8.568230000E-6	3.450300000E+0	1.999948047E+4	5.977140000E+2
8.493700000E-7	-9.022710000E-6	3.440000000E+0	1.999948047E+4	6.003400000E+2
8.270180000E-7	-9.909330000E-6	3.427500000E+0	1.999948047E+4	6.024500000E+2
6.705570000E-8	-9.663460000E-6	3.415600000E+0	1.999948047E+4	6.056600000E+2
-1.713640000E-7	-9.208980000E-6	3.400600000E+0	1.999948047E+4	6.078290000E+2
-7.301610000E-7	-9.320730000E-6	3.390500000E+0	1.999948047E+4	6.110130000E+2
-1.147400000E-6	-9.991290000E-6	3.376400000E+0	1.999948047E+4	6.131410000E+2
-1.937170000E-6	-1.142920000E-5	3.361700000E+0	1.999948047E+4	6.167100000E+2
-2.369300000E-6	-1.184650000E-5	3.347000000E+0	1.999948047E+4	6.199790000E+2
-2.652420000E-6	-1.102690000E-5	3.336500000E+0	1.999948047E+4	6.220510000E+2
-3.382580000E-6	-1.114610000E-5	3.323700000E+0	1.999948047E+4	6.246010000E+2
-4.269210000E-6	-1.122060000E-5	3.307500000E+0	1.999948047E+4	6.281850000E+2
-4.686440000E-6	-1.150380000E-5	3.294300000E+0	1.999948047E+4	6.303070000E+2
-5.021720000E-6	-1.189120000E-5	3.281300000E+0	1.999948047E+4	6.335470000E+2
-5.416600000E-6	-1.236060000E-5	3.267600000E+0	1.999948047E+4	6.367270000E+2
-6.012650000E-6	-1.280020000E-5	3.254600000E+0	1.999948047E+4	6.389310000E+2
-6.951420000E-6	-1.249470000E-5	3.238000000E+0	1.999948047E+4	6.425900000E+2
-7.540020000E-6	-1.269580000E-5	3.227700000E+0	1.999948047E+4	6.447200000E+2
-7.554920000E-6	-1.211470000E-5	3.211000000E+0	1.999948047E+4	6.479600000E+2
-8.568230000E-6	-1.169000000E-5	3.198500000E+0	1.999948047E+4	6.511190000E+2
-9.000360000E-6	-1.179430000E-5	3.184700000E+0	1.999948047E+4	6.532550000E+2
-1.045320000E-5	-1.326210000E-5	3.173000000E+0	1.999948047E+4	6.564600000E+2
-1.082580000E-5	-1.306840000E-5	3.156300000E+0	1.999948047E+4	6.597040000E+2
-1.113120000E-5	-1.307580000E-5	3.145700000E+0	1.999948047E+4	6.618080000E+2
-1.180920000E-5	-1.277780000E-5	3.134900000E+0	1.999948047E+4	6.643020000E+2
-1.235310000E-5	-1.326210000E-5	3.123900000E+0	1.999948047E+4	6.664930000E+2
-1.299390000E-5	-1.303110000E-5	3.112900000E+0	1.999948047E+4	6.691030000E+2
-1.352290000E-5	-1.294920000E-5	3.101000000E+0	1.999948047E+4	6.712390000E+2
-1.404440000E-5	-1.247980000E-5	3.087700000E+0	1.999948047E+4	6.744330000E+2
-1.519920000E-5	-1.342600000E-5	3.075700000E+0	1.999948047E+4	6.765910000E+2
-1.584750000E-5	-1.323970000E-5	3.062200000E+0	1.999948047E+4	6.797730000E+2
-1.616040000E-5	-1.303110000E-5	3.051200000E+0	1.999948047E+4	6.819130000E+2
-1.633920000E-5	-1.288210000E-5	3.035100000E+0	1.999948047E+4	6.851590000E+2
-1.656280000E-5	-1.230840000E-5	3.021000000E+0	1.999948047E+4	6.886860000E+2
-1.742700000E-5	-1.213710000E-5	3.005800000E+0	1.999948047E+4	6.908290000E+2
-1.876070000E-5	-1.235310000E-5	2.988900000E+0	1.999948047E+4	6.951160000E+2
-1.938650000E-5	-1.257660000E-5	2.978500000E+0	1.999948047E+4	6.972570000E+2
-1.990810000E-5	-1.318760000E-5	2.962400000E+0	1.999948047E+4	7.004540000E+2
-2.078720000E-5	-1.253940000E-5	2.950900000E+0	1.999948047E+4	7.031960000E+2
-2.242640000E-5	-1.329190000E-5	2.936100000E+0	1.999948047E+4	7.062830000E+2
-2.272440000E-5	-1.353030000E-5	2.925900000E+0	1.999948047E+4	7.088350000E+2
-2.276160000E-5	-1.350050000E-5	2.914100000E+0	1.999948047E+4	7.109960000E+2
-2.380470000E-5	-1.385070000E-5	2.903900000E+0	1.999948047E+4	7.136190000E+2
-2.416980000E-5	-1.376870000E-5	2.889000000E+0	1.999948047E+4	7.157590000E+2
-2.500430000E-5	-1.380600000E-5	2.878300000E+0	1.999948047E+4	7.189530000E+2
-2.565250000E-5	-1.346330000E-5	2.864600000E+0	1.999948047E+4	7.211650000E+2
-2.600260000E-5	-1.344840000E-5	2.852400000E+0	1.999948047E+4	7.243080000E+2
-2.671040000E-5	-1.308330000E-5	2.839900000E+0	1.999948047E+4	7.264220000E+2
-2.721710000E-5	-1.301620000E-5	2.823900000E+0	1.999948047E+4	7.296290000E+2
-2.793230000E-5	-1.278530000E-5	2.810700000E+0	1.999948047E+4	7.328020000E+2
-2.855070000E-5	-1.242020000E-5	2.793400000E+0	1.999948047E+4	7.360460000E+2
-2.888600000E-5	-1.270330000E-5	2.780400000E+0	1.999948047E+4	7.391090000E+2
-2.946720000E-5	-1.206250000E-5	2.764600000E+0	1.999948047E+4	7.427020000E+2
-2.951930000E-5	-1.212960000E-5	2.751400000E+0	1.999948047E+4	7.448540000E+2
-3.027930000E-5	-1.236060000E-5	2.736500000E+0	1.999948047E+4	7.485480000E+2
-3.104680000E-5	-1.273310000E-5	2.726100000E+0	1.999948047E+4	7.507180000E+2
-3.139700000E-5	-1.216690000E-5	2.715000000E+0	1.999948047E+4	7.534800000E+2
-3.179190000E-5	-1.243510000E-5	2.704900000E+0	1.999948047E+4	7.549980000E+2
-3.209730000E-5	-1.235310000E-5	2.691000000E+0	1.999948047E+4	7.581450000E+2
-3.312550000E-5	-1.239040000E-5	2.675200000E+0	1.999948047E+4	7.613600000E+2
-3.346820000E-5	-1.224140000E-5	2.664200000E+0	1.999948047E+4	7.641680000E+2
-3.395250000E-5	-1.130260000E-5	2.648200000E+0	1.999948047E+4	7.667300000E+2
-3.390040000E-5	-1.150380000E-5	2.635400000E+0	1.999948047E+4	7.698750000E+2
-3.428780000E-5	-1.178690000E-5	2.623700000E+0	1.999948047E+4	7.720260000E+2
-3.494350000E-5	-1.141430000E-5	2.608900000E+0	1.999948047E+4	7.751980000E+2
-3.556930000E-5	-1.146650000E-5	2.598800000E+0	1.999948047E+4	7.773710000E+2
-3.582260000E-5	-1.127280000E-5	2.587100000E+0	1.999948047E+4	7.798840000E+2
-3.599400000E-5	-1.121320000E-5	2.576100000E+0	1.999948047E+4	7.820050000E+2
-3.618030000E-5	-1.129510000E-5	2.562400000E+0	1.999948047E+4	7.852190000E+2
-3.733510000E-5	-1.067670000E-5	2.548500000E+0	1.999948047E+4	7.884320000E+2
-3.717860000E-5	-1.075870000E-5	2.536300000E+0	1.999948047E+4	7.905530000E+2
-3.800560000E-5	-1.075870000E-5	2.524000000E+0	1.999948047E+4	7.937410000E+2
-3.781190000E-5	-1.136960000E-5	2.510700000E+0	1.999948047E+4	7.958750000E+2
-3.882520000E-5	-1.060220000E-5	2.493300000E+0	1.999948047E+4	7.996750000E+2
-3.933180000E-5	-1.101200000E-5	2.480800000E+0	1.999948047E+4	8.028630000E+2
-3.985340000E-5	-1.083320000E-5	2.467600000E+0	1.999948047E+4	8.049650000E+2
-3.990550000E-5	-1.077360000E-5	2.456600000E+0	1.999948047E+4	8.082270000E+2
-4.091880000E-5	-1.068420000E-5	2.439100000E+0	1.999948047E+4	8.103340000E+2
-4.124660000E-5	-1.063200000E-5	2.426200000E+0	1.999948047E+4	8.137510000E+2
-4.151490000E-5	-1.069160000E-5	2.416000000E+0	1.999948047E+4	8.158710000E+2
-4.170110000E-5	-1.027440000E-5	2.402800000E+0	1.999948047E+4	8.185750000E+2
-4.225990000E-5	-1.004340000E-5	2.390000000E+0	1.999948047E+4	8.221630000E+2
-4.221520000E-5	-9.715620000E-6	2.376100000E+0	1.999948047E+4	8.243320000E+2
-4.255790000E-5	-9.745420000E-6	2.360700000E+0	1.999948047E+4	8.280170000E+2
-4.320610000E-5	-9.886980000E-6	2.347100000E+0	1.999948047E+4	8.301440000E+2
-4.365320000E-5	-8.635280000E-6	2.336100000E+0	1.999948047E+4	8.333550000E+2
-4.362340000E-5	-9.208980000E-6	2.322900000E+0	1.999948047E+4	8.354960000E+2
-4.404810000E-5	-9.045060000E-6	2.310000000E+0	1.999948047E+4	8.387090000E+2
-4.453980000E-5	-8.657630000E-6	2.296400000E+0	1.999948047E+4	8.408550000E+2
-4.471860000E-5	-9.313280000E-6	2.284500000E+0	1.999948047E+4	8.440360000E+2
-4.500920000E-5	-8.940750000E-6	2.272500000E+0	1.999948047E+4	8.462260000E+2
-4.535190000E-5	-7.897670000E-6	2.256800000E+0	1.999948047E+4	8.493490000E+2
-4.590330000E-5	-8.359610000E-6	2.244700000E+0	1.999948047E+4	8.526020000E+2
-4.609700000E-5	-8.016880000E-6	2.231900000E+0	1.999948047E+4	8.546860000E+2
-4.641730000E-5	-7.741210000E-6	2.219800000E+0	1.999948047E+4	8.579130000E+2
-4.637260000E-5	-8.210600000E-6	2.206600000E+0	1.999948047E+4	8.600260000E+2
-4.655890000E-5	-7.875320000E-6	2.193100000E+0	1.999948047E+4	8.632070000E+2
-4.694630000E-5	-7.391010000E-6	2.181300000E+0	1.999948047E+4	8.653810000E+2
-4.759450000E-5	-6.489480000E-6	2.164800000E+0	1.999948047E+4	8.685640000E+2
-4.708050000E-5	-7.636900000E-6	2.153800000E+0	1.999948047E+4	8.717560000E+2
-4.757220000E-5	-7.882770000E-6	2.140500000E+0	1.999948047E+4	8.739340000E+2
-4.810120000E-5	-7.234540000E-6	2.126900000E+0	1.999948047E+4	8.770980000E+2
-4.828000000E-5	-6.794960000E-6	2.112300000E+0	1.999948047E+4	8.802860000E+2
-4.881640000E-5	-5.513460000E-6	2.096400000E+0	1.999948047E+4	8.835300000E+2
-4.866740000E-5	-6.623600000E-6	2.082100000E+0	1.999948047E+4	8.866720000E+2
-4.890580000E-5	-6.347920000E-6	2.071700000E+0	1.999948047E+4	8.888080000E+2
-4.943480000E-5	-5.766780000E-6	2.061200000E+0	1.999948047E+4	8.916080000E+2
-4.980740000E-5	-5.573060000E-6	2.044700000E+0	1.999948047E+4	8.941400000E+2
-4.973290000E-5	-6.362820000E-6	2.031300000E+0	1.999948047E+4	8.973910000E+2
-4.983720000E-5	-6.347920000E-6	2.020900000E+0	1.999948047E+4	8.994910000E+2
-5.019480000E-5	-5.871090000E-6	2.005500000E+0	1.999948047E+4	9.027150000E+2
-5.012770000E-5	-5.401700000E-6	2.016100000E+0	1.999948047E+4	1.032675000E+3
-5.000850000E-5	-5.751880000E-6	2.026200000E+0	1.999948047E+4	1.035088000E+3
-5.000850000E-5	-6.303220000E-6	2.037400000E+0	1.999948047E+4	1.037092000E+3
-4.988930000E-5	-6.414980000E-6	2.048300000E+0	1.999948047E+4	1.039515000E+3
-4.970310000E-5	-6.295770000E-6	2.059600000E+0	1.999948047E+4	1.041616000E+3
-4.939760000E-5	-6.265970000E-6	2.070600000E+0	1.999948047E+4	1.044016000E+3
-4.922620000E-5	-6.243620000E-6	2.081500000E+0	1.999948047E+4	1.046281000E+3
-4.897290000E-5	-6.146760000E-6	2.092500000E+0	1.999948047E+4	1.048166000E+3
-4.889840000E-5	-5.841280000E-6	2.104600000E+0	1.999948047E+4	1.050759000E+3
-4.854820000E-5	-6.683200000E-6	2.115800000E+0	1.999948047E+4	1.052829000E+3
-4.836200000E-5	-6.936520000E-6	2.127100000E+0	1.999948047E+4	1.055386000E+3
-4.845140000E-5	-7.055730000E-6	2.137100000E+0	1.999948047E+4	1.057347000E+3
-4.795960000E-5	-7.219640000E-6	2.149200000E+0	1.999948047E+4	1.059763000E+3
-4.794470000E-5	-6.794960000E-6	2.160800000E+0	1.999948047E+4	1.061992000E+3
-4.755730000E-5	-7.458060000E-6	2.171600000E+0	1.999948047E+4	1.064087000E+3
-4.709540000E-5	-7.033380000E-6	2.183100000E+0	1.999948047E+4	1.066696000E+3
-4.683460000E-5	-6.981220000E-6	2.193600000E+0	1.999948047E+4	1.068767000E+3
-4.642480000E-5	-7.323950000E-6	2.204600000E+0	1.999948047E+4	1.070748000E+3
-4.655150000E-5	-7.189840000E-6	2.215200000E+0	1.999948047E+4	1.073120000E+3
-4.628320000E-5	-7.711410000E-6	2.226000000E+0	1.999948047E+4	1.074833000E+3
-4.594800000E-5	-8.009430000E-6	2.236600000E+0	1.999948047E+4	1.077350000E+3
-4.578410000E-5	-7.465510000E-6	2.247200000E+0	1.999948047E+4	1.079177000E+3
-4.548600000E-5	-7.368650000E-6	2.257300000E+0	1.999948047E+4	1.081529000E+3
-4.518800000E-5	-7.920030000E-6	2.268000000E+0	1.999948047E+4	1.083618000E+3
-4.510600000E-5	-7.651800000E-6	2.279700000E+0	1.999948047E+4	1.086161000E+3
-4.480060000E-5	-7.160040000E-6	2.289800000E+0	1.999948047E+4	1.087634000E+3
-4.449510000E-5	-6.929070000E-6	2.300300000E+0	1.999948047E+4	1.090232000E+3
-4.399590000E-5	-7.353750000E-6	2.311800000E+0	1.999948047E+4	1.092421000E+3
-4.383200000E-5	-7.517660000E-6	2.324300000E+0	1.999948047E+4	1.094828000E+3
-4.380220000E-5	-7.167490000E-6	2.335400000E+0	1.999948047E+4	1.096841000E+3
-4.341480000E-5	-8.054140000E-6	2.346100000E+0	1.999948047E+4	1.099407000E+3
-4.295280000E-5	-7.405910000E-6	2.356200000E+0	1.999948047E+4	1.101028000E+3
-4.276660000E-5	-7.674160000E-6	2.367600000E+0	1.999948047E+4	1.103541000E+3
-4.256540000E-5	-7.368650000E-6	2.378200000E+0	1.999948047E+4	1.105505000E+3
-4.231210000E-5	-7.621970000E-6	2.389000000E+0	1.999948047E+4	1.107655000E+3
-4.204390000E-5	-7.875320000E-6	2.399800000E+0	1.999948047E+4	1.109824000E+3
-4.131370000E-5	-8.262750000E-6	2.410400000E+0	1.999948047E+4	1.111791000E+3
-4.141060000E-5	-8.046690000E-6	2.420900000E+0	1.999948047E+4	1.114198000E+3
-4.111250000E-5	-8.001980000E-6	2.434300000E+0	1.999948047E+4	1.116710000E+3
-4.062820000E-5	-8.538420000E-6	2.446400000E+0	1.999948047E+4	1.119281000E+3
-4.031530000E-5	-8.255300000E-6	2.460300000E+0	1.999948047E+4	1.121766000E+3
-3.995020000E-5	-8.426660000E-6	2.471100000E+0	1.999948047E+4	1.124170000E+3
-3.970440000E-5	-8.232950000E-6	2.483100000E+0	1.999948047E+4	1.126191000E+3
-3.928710000E-5	-8.203150000E-6	2.493700000E+0	1.999948047E+4	1.128694000E+3
-3.880290000E-5	-8.374510000E-6	2.505300000E+0	1.999948047E+4	1.130758000E+3
-3.865380000E-5	-8.195700000E-6	2.516400000E+0	1.999948047E+4	1.133294000E+3
-3.790880000E-5	-8.732140000E-6	2.529400000E+0	1.999948047E+4	1.135428000E+3
-3.779700000E-5	-8.866250000E-6	2.542200000E+0	1.999948047E+4	1.138361000E+3
-3.707430000E-5	-9.834820000E-6	2.553000000E+0	1.999948047E+4	1.140719000E+3
-3.703710000E-5	-9.864630000E-6	2.565600000E+0	1.999948047E+4	1.142708000E+3
-3.659750000E-5	-8.545870000E-6	2.575900000E+0	1.999948047E+4	1.145096000E+3
-3.614300000E-5	-9.067410000E-6	2.588500000E+0	1.999948047E+4	1.147369000E+3
-3.597910000E-5	-9.320730000E-6	2.598700000E+0	1.999948047E+4	1.149812000E+3
-3.568110000E-5	-9.246230000E-6	2.609600000E+0	1.999948047E+4	1.151421000E+3
-3.496580000E-5	-9.879530000E-6	2.621200000E+0	1.999948047E+4	1.154368000E+3
-3.457090000E-5	-1.014770000E-5	2.631500000E+0	1.999948047E+4	1.156041000E+3
-3.403450000E-5	-1.007320000E-5	2.641900000E+0	1.999948047E+4	1.158411000E+3
-3.377370000E-5	-1.046070000E-5	2.652500000E+0	1.999948047E+4	1.160072000E+3
-3.343100000E-5	-1.064690000E-5	2.663500000E+0	1.999948047E+4	1.162832000E+3
-3.308080000E-5	-9.760320000E-6	2.673900000E+0	1.999948047E+4	1.164478000E+3
-3.260400000E-5	-9.775220000E-6	2.684200000E+0	1.999948047E+4	1.167006000E+3
-3.236560000E-5	-9.670910000E-6	2.695700000E+0	1.999948047E+4	1.168690000E+3
-3.169500000E-5	-1.052030000E-5	2.707500000E+0	1.999948047E+4	1.171698000E+3
-3.147890000E-5	-1.059480000E-5	2.717800000E+0	1.999948047E+4	1.173232000E+3
-3.103940000E-5	-1.077360000E-5	2.729300000E+0	1.999948047E+4	1.175699000E+3
-3.068920000E-5	-1.069160000E-5	2.740700000E+0	1.999948047E+4	1.178147000E+3
-3.009300000E-5	-1.091520000E-5	2.751600000E+0	1.999948047E+4	1.179760000E+3
-2.945970000E-5	-1.166770000E-5	2.761900000E+0	1.999948047E+4	1.182156000E+3
-2.944480000E-5	-1.133980000E-5	2.772500000E+0	1.999948047E+4	1.184281000E+3
-2.881900000E-5	-1.115360000E-5	2.783900000E+0	1.999948047E+4	1.186740000E+3
-2.802180000E-5	-1.123550000E-5	2.794700000E+0	1.999948047E+4	1.189101000E+3
-2.779820000E-5	-1.132490000E-5	2.805300000E+0	1.999948047E+4	1.190556000E+3
-2.712770000E-5	-1.139200000E-5	2.816500000E+0	1.999948047E+4	1.193379000E+3
-2.659120000E-5	-1.171980000E-5	2.826900000E+0	1.999948047E+4	1.194952000E+3
-2.619640000E-5	-1.167510000E-5	2.837500000E+0	1.999948047E+4	1.197371000E+3
-2.591320000E-5	-1.154100000E-5	2.849000000E+0	1.999948047E+4	1.199497000E+3
-2.548860000E-5	-1.195080000E-5	2.859700000E+0	1.999948047E+4	1.201947000E+3
-2.502660000E-5	-1.180920000E-5	2.869800000E+0	1.999948047E+4	1.203627000E+3
-2.457210000E-5	-1.128770000E-5	2.880400000E+0	1.999948047E+4	1.206042000E+3
-2.405800000E-5	-1.148140000E-5	2.891900000E+0	1.999948047E+4	1.208012000E+3
-2.349920000E-5	-1.215200000E-5	2.903200000E+0	1.999948047E+4	1.210605000E+3
-2.359610000E-5	-1.201780000E-5	2.913400000E+0	1.999948047E+4	1.212551000E+3
-2.264240000E-5	-1.106420000E-5	2.923700000E+0	1.999948047E+4	1.215109000E+3
-2.209110000E-5	-1.112380000E-5	2.934900000E+0	1.999948047E+4	1.217096000E+3
-2.166640000E-5	-1.113120000E-5	2.945000000E+0	1.999948047E+4	1.219073000E+3
-2.110020000E-5	-1.136960000E-5	2.955500000E+0	1.999948047E+4	1.221111000E+3
-2.065310000E-5	-1.253940000E-5	2.965900000E+0	1.999948047E+4	1.222990000E+3
-1.966960000E-5	-1.282250000E-5	2.975900000E+0	1.999948047E+4	1.224998000E+3
-1.939400000E-5	-1.267350000E-5	2.986300000E+0	1.999948047E+4	1.227363000E+3
-1.888730000E-5	-1.227860000E-5	2.997500000E+0	1.999948047E+4	1.229372000E+3
-1.832110000E-5	-1.259900000E-5	3.008200000E+0	1.999948047E+4	1.231899000E+3
-1.800070000E-5	-1.185390000E-5	3.019600000E+0	1.999948047E+4	1.233489000E+3
-1.729290000E-5	-1.166770000E-5	3.031100000E+0	1.999948047E+4	1.236344000E+3
-1.655530000E-5	-1.183900000E-5	3.041600000E+0	1.999948047E+4	1.238255000E+3
-1.592950000E-5	-1.198800000E-5	3.052200000E+0	1.999948047E+4	1.240420000E+3
-1.555690000E-5	-1.178690000E-5	3.063500000E+0	1.999948047E+4	1.242463000E+3
-1.484160000E-5	-1.239780000E-5	3.073500000E+0	1.999948047E+4	1.244979000E+3
-1.437970000E-5	-1.206250000E-5	3.086900000E+0	1.999948047E+4	1.246958000E+3
-1.396990000E-5	-1.163040000E-5	3.097800000E+0	1.999948047E+4	1.249505000E+3
-1.319500000E-5	-1.212220000E-5	3.109000000E+0	1.999948047E+4	1.252106000E+3
-1.297900000E-5	-1.245000000E-5	3.119500000E+0	1.999948047E+4	1.254048000E+3
-1.223390000E-5	-1.224140000E-5	3.130700000E+0	1.999948047E+4	1.256050000E+3
-1.180920000E-5	-1.225630000E-5	3.143800000E+0	1.999948047E+4	1.258453000E+3
-1.123550000E-5	-1.164530000E-5	3.155300000E+0	1.999948047E+4	1.261250000E+3
-1.095990000E-5	-1.136960000E-5	3.165400000E+0	1.999948047E+4	1.262838000E+3
-1.049050000E-5	-1.052770000E-5	3.176100000E+0	1.999948047E+4	1.265382000E+3
-1.022230000E-5	-1.042340000E-5	3.187300000E+0	1.999948047E+4	1.267523000E+3
-9.633660000E-6	-1.063950000E-5	3.199800000E+0	1.999948047E+4	1.269497000E+3
-9.000360000E-6	-1.032660000E-5	3.210200000E+0	1.999948047E+4	1.272368000E+3
-8.478820000E-6	-1.019250000E-5	3.221900000E+0	1.999948047E+4	1.274039000E+3
-7.636900000E-6	-1.008810000E-5	3.233300000E+0	1.999948047E+4	1.276638000E+3
-7.227090000E-6	-1.025210000E-5	3.243900000E+0	1.999948047E+4	1.278981000E+3
-6.817310000E-6	-1.087790000E-5	3.255100000E+0	1.999948047E+4	1.280582000E+3
-6.116960000E-6	-1.130260000E-5	3.266100000E+0	1.999948047E+4	1.283392000E+3
-6.087150000E-6	-1.122810000E-5	3.278100000E+0	1.999948047E+4	1.285371000E+3
-5.476210000E-6	-1.084070000E-5	3.289700000E+0	1.999948047E+4	1.287800000E+3
-4.783300000E-6	-1.101200000E-5	3.299700000E+0	1.999948047E+4	1.290378000E+3
-4.455480000E-6	-1.069160000E-5	3.310600000E+0	1.999948047E+4	1.292052000E+3
-3.963740000E-6	-1.067670000E-5	3.321000000E+0	1.999948047E+4	1.294152000E+3
-3.598640000E-6	-1.057990000E-5	3.331700000E+0	1.999948047E+4	1.296516000E+3
-2.905740000E-6	-1.025950000E-5	3.344100000E+0	1.999948047E+4	1.298604000E+3
-2.205390000E-6	-1.010300000E-5	3.354700000E+0	1.999948047E+4	1.300986000E+3
-2.026570000E-6	-1.023720000E-5	3.365000000E+0	1.999948047E+4	1.302612000E+3
-1.400720000E-6	-9.849730000E-6	3.376400000E+0	1.999948047E+4	1.305602000E+3
-1.527380000E-6	-1.017010000E-5	3.387800000E+0	1.999948047E+4	1.307122000E+3
-6.780060000E-7	-9.700710000E-6	3.399900000E+0	1.999948047E+4	1.309937000E+3
-3.129260000E-7	-9.059960000E-6	3.411500000E+0	1.999948047E+4	1.312029000E+3
2.011670000E-7	-8.709790000E-6	3.422600000E+0	1.999948047E+4	1.314466000E+3
7.450620000E-7	-8.173350000E-6	3.432900000E+0	1.999948047E+4	1.316900000E+3
5.513470000E-7	-7.793370000E-6	3.443500000E+0	1.999948047E+4	1.318477000E+3
9.462270000E-7	-7.666710000E-6	3.455900000E+0	1.999948047E+4	1.321329000E+3
8.419190000E-7	-7.398460000E-6	3.466100000E+0	1.999948047E+4	1.323020000E+3
1.661490000E-6	-6.265970000E-6	3.479300000E+0	1.999948047E+4	1.325981000E+3
1.832850000E-6	-5.804030000E-6	3.492200000E+0	1.999948047E+4	1.328374000E+3
1.788150000E-6	-5.319740000E-6	3.503000000E+0	1.999948047E+4	1.330732000E+3
2.086180000E-6	-5.118580000E-6	3.514000000E+0	1.999948047E+4	1.332749000E+3
2.533210000E-6	-4.895060000E-6	3.524600000E+0	1.999948047E+4	1.334949000E+3
2.458710000E-6	-4.246860000E-6	3.534700000E+0	1.999948047E+4	1.336486000E+3
3.300620000E-6	-4.574690000E-6	3.546200000E+0	1.999948047E+4	1.339263000E+3
3.151610000E-6	-4.284110000E-6	3.556900000E+0	1.999948047E+4	1.341067000E+3
3.598640000E-6	-3.732760000E-6	3.568100000E+0	1.999948047E+4	1.343810000E+3
3.516690000E-6	-3.695500000E-6	3.578400000E+0	1.999948047E+4	1.345422000E+3
4.336270000E-6	-3.583740000E-6	3.590800000E+0	1.999948047E+4	1.348230000E+3
4.872710000E-6	-4.515080000E-6	3.601400000E+0	1.999948047E+4	1.350402000E+3
5.506010000E-6	-4.023340000E-6	3.613800000E+0	1.999948047E+4	1.352345000E+3
6.184010000E-6	-3.457080000E-6	3.626300000E+0	1.999948047E+4	1.355288000E+3
6.653400000E-6	-4.000990000E-6	3.637400000E+0	1.999948047E+4	1.357326000E+3
6.593790000E-6	-3.375130000E-6	3.649600000E+0	1.999948047E+4	1.359698000E+3
6.742800000E-6	-2.741830000E-6	3.659800000E+0	1.999948047E+4	1.361719000E+3
7.092980000E-6	-2.570460000E-6	3.670000000E+0	1.999948047E+4	1.364078000E+3
7.398460000E-6	-2.421450000E-6	3.680700000E+0	1.999948047E+4	1.366129000E+3
7.472960000E-6	-1.713640000E-6	3.692300000E+0	1.999948047E+4	1.368358000E+3
7.249440000E-6	-1.966970000E-6	3.703600000E+0	1.999948047E+4	1.370844000E+3
7.092980000E-6	-1.855200000E-6	3.714600000E+0	1.999948047E+4	1.372742000E+3
7.659260000E-6	-5.587970000E-7	3.724600000E+0	1.999948047E+4	1.374737000E+3
7.636900000E-6	-1.385820000E-6	3.737000000E+0	1.999948047E+4	1.377545000E+3
7.778460000E-6	-1.266610000E-6	3.748400000E+0	1.999948047E+4	1.379732000E+3
7.912570000E-6	-1.423070000E-6	3.758600000E+0	1.999948047E+4	1.381298000E+3
7.972180000E-6	-8.195680000E-7	3.770300000E+0	1.999948047E+4	1.384087000E+3
7.912570000E-6	-1.035640000E-6	3.780600000E+0	1.999948047E+4	1.386130000E+3
7.964730000E-6	-1.072890000E-6	3.792400000E+0	1.999948047E+4	1.388637000E+3
7.920030000E-6	-8.568200000E-7	3.802500000E+0	1.999948047E+4	1.390209000E+3
8.143540000E-6	-1.147400000E-6	3.813300000E+0	1.999948047E+4	1.392619000E+3
8.076490000E-6	-9.387770000E-7	3.826100000E+0	1.999948047E+4	1.395016000E+3
8.180800000E-6	-8.121170000E-7	3.838900000E+0	1.999948047E+4	1.398109000E+3
8.165890000E-6	-1.564630000E-6	3.849000000E+0	1.999948047E+4	1.399946000E+3
8.173350000E-6	-1.341110000E-6	3.861200000E+0	1.999948047E+4	1.402060000E+3
8.434120000E-6	-1.281510000E-6	3.872600000E+0	1.999948047E+4	1.404528000E+3
8.300000000E-6	-9.089740000E-7	3.882600000E+0	1.999948047E+4	1.406464000E+3
8.575680000E-6	-3.129260000E-7	3.894800000E+0	1.999948047E+4	1.408490000E+3
8.620380000E-6	-1.415620000E-7	3.906300000E+0	1.999948047E+4	1.411025000E+3
8.434120000E-6	-2.086170000E-7	3.917500000E+0	1.999948047E+4	1.413836000E+3
8.367060000E-6	1.862650000E-7	3.929000000E+0	1.999948047E+4	1.415414000E+3
8.605480000E-6	4.842910000E-7	3.940200000E+0	1.999948047E+4	1.418247000E+3
8.553320000E-6	2.905740000E-7	3.952500000E+0	1.999948047E+4	1.420273000E+3
8.374510000E-6	3.129260000E-7	3.965600000E+0	1.999948047E+4	1.423015000E+3
8.799190000E-6	1.259160000E-6	3.975800000E+0	1.999948047E+4	1.425289000E+3
8.605480000E-6	7.599630000E-7	3.988200000E+0	1.999948047E+4	1.427587000E+3
8.657630000E-6	1.713640000E-6	3.998300000E+0	1.999948047E+4	1.429284000E+3
8.717240000E-6	1.534830000E-6	4.009900000E+0	1.999948047E+4	1.432079000E+3
8.545870000E-6	1.549730000E-6	4.021900000E+0	1.999948047E+4	1.433697000E+3
8.724690000E-6	1.855200000E-6	4.033200000E+0	1.999948047E+4	1.436474000E+3
8.300000000E-6	9.089740000E-7	4.044300000E+0	1.999948047E+4	1.438624000E+3
8.426660000E-6	1.013290000E-6	4.055000000E+0	1.999948047E+4	1.441212000E+3
8.419210000E-6	9.462270000E-7	4.066900000E+0	1.999948047E+4	1.443186000E+3
8.523520000E-6	1.005840000E-6	4.078400000E+0	1.999948047E+4	1.445563000E+3
8.389410000E-6	1.072890000E-6	4.090500000E+0	1.999948047E+4	1.448350000E+3
8.598030000E-6	2.056370000E-6	4.102000000E+0	1.999948047E+4	1.450384000E+3
8.814100000E-6	2.257540000E-6	4.115000000E+0	1.999948047E+4	1.452743000E+3
8.702340000E-6	1.326210000E-6	4.125800000E+0	1.999948047E+4	1.455151000E+3
8.866250000E-6	1.922260000E-6	4.137200000E+0	1.999948047E+4	1.457226000E+3
9.074870000E-6	2.220290000E-6	4.147900000E+0	1.999948047E+4	1.459611000E+3
8.963110000E-6	1.452870000E-6	4.158000000E+0	1.999948047E+4	1.461820000E+3
9.194070000E-6	1.646590000E-6	4.168700000E+0	1.999948047E+4	1.463425000E+3
8.523520000E-6	1.624230000E-6	4.179700000E+0	1.999948047E+4	1.466272000E+3
8.769390000E-6	1.952070000E-6	4.190500000E+0	1.999948047E+4	1.467818000E+3
8.896050000E-6	1.698740000E-6	4.201700000E+0	1.999948047E+4	1.470211000E+3
9.015260000E-6	2.071280000E-6	4.211900000E+0	1.999948047E+4	1.472229000E+3
9.059960000E-6	2.592820000E-6	4.225200000E+0	1.999948047E+4	1.475149000E+3
8.888600000E-6	2.607720000E-6	4.235300000E+0	1.999948047E+4	1.476924000E+3
8.486270000E-6	2.034020000E-6	4.249100000E+0	1.999948047E+4	1.479272000E+3
8.545870000E-6	2.339500000E-6	4.259900000E+0	1.999948047E+4	1.482066000E+3
8.665080000E-6	2.972800000E-6	4.270400000E+0	1.999948047E+4	1.483695000E+3
8.620380000E-6	2.160680000E-6	4.280900000E+0	1.999948047E+4	1.486483000E+3
8.739590000E-6	2.726930000E-6	4.292200000E+0	1.999948047E+4	1.488116000E+3
8.471370000E-6	2.264990000E-6	4.305200000E+0	1.999948047E+4	1.490987000E+3
8.717240000E-6	2.235190000E-6	4.316000000E+0	1.999948047E+4	1.493292000E+3
8.672530000E-6	2.384200000E-6	4.329000000E+0	1.999948047E+4	1.495283000E+3
8.739590000E-6	2.697120000E-6	4.339200000E+0	1.999948047E+4	1.497874000E+3
8.679980000E-6	2.034020000E-6	4.350400000E+0	1.999948047E+4	1.500197000E+3
8.471370000E-6	2.250090000E-6	4.360700000E+0	1.999948047E+4	1.501803000E+3
8.292550000E-6	3.054750000E-6	4.370800000E+0	1.999948047E+4	1.503985000E+3
8.314910000E-6	3.442180000E-6	4.381900000E+0	1.999948047E+4	1.506391000E+3
8.583130000E-6	2.831240000E-6	4.394600000E+0	1.999948047E+4	1.509131000E+3
8.843900000E-6	2.138330000E-6	4.405700000E+0	1.999948047E+4	1.510864000E+3
8.739590000E-6	2.898290000E-6	4.417200000E+0	1.999948047E+4	1.513264000E+3
9.201530000E-6	3.755110000E-6	4.427300000E+0	1.999948047E+4	1.515674000E+3
9.372890000E-6	4.053140000E-6	4.440500000E+0	1.999948047E+4	1.517845000E+3
8.791740000E-6	3.673150000E-6	4.451800000E+0	1.999948047E+4	1.520609000E+3
8.620380000E-6	3.509240000E-6	4.464000000E+0	1.999948047E+4	1.522612000E+3
8.165890000E-6	3.889230000E-6	4.475800000E+0	1.999948047E+4	1.524997000E+3
8.814100000E-6	4.559780000E-6	4.489000000E+0	1.999948047E+4	1.527789000E+3
8.553320000E-6	4.239410000E-6	4.500800000E+0	1.999948047E+4	1.530213000E+3
8.799190000E-6	4.366070000E-6	4.512500000E+0	1.999948047E+4	1.532204000E+3
8.672530000E-6	3.166510000E-6	4.523500000E+0	1.999948047E+4	1.535210000E+3
8.687440000E-6	3.285720000E-6	4.535400000E+0	1.999948047E+4	1.536775000E+3
8.545870000E-6	2.808880000E-6	4.547800000E+0	1.999948047E+4	1.539518000E+3
8.016880000E-6	1.847750000E-6	4.558700000E+0	1.999948047E+4	1.541532000E+3
8.225500000E-6	2.294790000E-6	4.569000000E+0	1.999948047E+4	1.544163000E+3
8.098840000E-6	2.473610000E-6	4.579600000E+0	1.999948047E+4	1.546088000E+3
8.285100000E-6	2.540660000E-6	4.591500000E+0	1.999948047E+4	1.548126000E+3
8.687440000E-6	3.024950000E-6	4.602800000E+0	1.999948047E+4	1.550605000E+3
8.799190000E-6	2.756730000E-6	4.613100000E+0	1.999948047E+4	1.552639000E+3
8.493720000E-6	2.466160000E-6	4.623900000E+0	1.999948047E+4	1.554978000E+3
8.337260000E-6	2.689670000E-6	4.635200000E+0	1.999948047E+4	1.557034000E+3
7.979630000E-6	2.212840000E-6	4.646200000E+0	1.999948047E+4	1.559380000E+3
8.128640000E-6	1.631680000E-6	4.656800000E+0	1.999948047E+4	1.561111000E+3
8.530970000E-6	2.957900000E-6	4.667600000E+0	1.999948047E+4	1.563163000E+3
8.836450000E-6	3.077100000E-6	4.678200000E+0	1.999948047E+4	1.565925000E+3
8.672530000E-6	2.503410000E-6	4.689500000E+0	1.999948047E+4	1.567994000E+3
8.866250000E-6	2.861040000E-6	4.701000000E+0	1.999948047E+4	1.569904000E+3
8.963110000E-6	2.726930000E-6	4.711900000E+0	1.999948047E+4	1.572321000E+3
8.553320000E-6	2.644970000E-6	4.724600000E+0	1.999948047E+4	1.574838000E+3
8.374510000E-6	2.153230000E-6	4.735000000E+0	1.999948047E+4	1.576451000E+3
8.657630000E-6	2.466160000E-6	4.746000000E+0	1.999948047E+4	1.579240000E+3
9.045060000E-6	2.995150000E-6	4.756200000E+0	1.999948047E+4	1.581239000E+3
8.761940000E-6	3.121810000E-6	4.766300000E+0	1.999948047E+4	1.582838000E+3
8.374510000E-6	3.144160000E-6	4.777800000E+0	1.999948047E+4	1.585319000E+3
8.456470000E-6	2.987700000E-6	4.788400000E+0	1.999948047E+4	1.587664000E+3
8.501170000E-6	3.315520000E-6	4.800700000E+0	1.999948047E+4	1.590235000E+3
8.165890000E-6	2.339500000E-6	4.811500000E+0	1.999948047E+4	1.591911000E+3
8.784290000E-6	2.138330000E-6	4.821900000E+0	1.999948047E+4	1.594310000E+3
8.799190000E-6	2.756730000E-6	4.832600000E+0	1.999948047E+4	1.596705000E+3
8.255300000E-6	3.710400000E-6	4.843100000E+0	1.999948047E+4	1.598313000E+3
8.292550000E-6	3.926490000E-6	4.853600000E+0	1.999948047E+4	1.600737000E+3
8.538420000E-6	2.950440000E-6	4.864400000E+0	1.999948047E+4	1.603091000E+3
8.784290000E-6	3.255920000E-6	4.875600000E+0	1.999948047E+4	1.605100000E+3
8.545870000E-6	3.159060000E-6	4.886000000E+0	1.999948047E+4	1.606691000E+3
8.449020000E-6	3.211210000E-6	4.896200000E+0	1.999948047E+4	1.609225000E+3
8.761940000E-6	3.442180000E-6	4.907400000E+0	1.999948047E+4	1.611630000E+3
9.112120000E-6	3.255920000E-6	4.918500000E+0	1.999948047E+4	1.613234000E+3
8.545870000E-6	2.771630000E-6	4.928700000E+0	1.999948047E+4	1.615676000E+3
8.456470000E-6	2.339500000E-6	4.939800000E+0	1.999948047E+4	1.617779000E+3
8.583130000E-6	1.944620000E-6	4.950600000E+0	1.999948047E+4	1.620219000E+3
8.568230000E-6	1.944620000E-6	4.962700000E+0	1.999948047E+4	1.622216000E+3
8.925850000E-6	3.121810000E-6	4.972900000E+0	1.999948047E+4	1.624594000E+3
8.702340000E-6	2.451260000E-6	4.983700000E+0	1.999948047E+4	1.626964000E+3
8.650180000E-6	2.600270000E-6	4.996300000E+0	1.999948047E+4	1.628938000E+3
8.188250000E-6	1.892450000E-6	5.008400000E+0	1.999948047E+4	1.631787000E+3
7.957280000E-6	1.393270000E-6	5.019900000E+0	1.999948047E+4	1.633771000E+3
8.150990000E-6	1.631680000E-6	5.030600000E+0	1.999948047E+4	1.636321000E+3
8.270200000E-6	1.855200000E-6	5.042700000E+0	1.999948047E+4	1.638561000E+3
8.352160000E-6	1.840300000E-6	5.056000000E+0	1.999948047E+4	1.641212000E+3
8.188250000E-6	1.601880000E-6	5.066500000E+0	1.999948047E+4	1.643706000E+3
8.292550000E-6	1.572080000E-6	5.079300000E+0	1.999948047E+4	1.645243000E+3
8.136090000E-6	1.870100000E-6	5.089600000E+0	1.999948047E+4	1.648086000E+3
8.352160000E-6	2.235190000E-6	5.100000000E+0	1.999948047E+4	1.650030000E+3
8.352160000E-6	2.294790000E-6	5.111600000E+0	1.999948047E+4	1.652149000E+3
8.426660000E-6	2.637520000E-6	5.124300000E+0	1.999948047E+4	1.654830000E+3
9.179170000E-6	3.159060000E-6	5.134500000E+0	1.999948047E+4	1.656857000E+3
8.851350000E-6	2.630070000E-6	5.145800000E+0	1.999948047E+4	1.659015000E+3
8.486270000E-6	2.615170000E-6	5.156700000E+0	1.999948047E+4	1.661363000E+3
8.508620000E-6	2.592820000E-6	5.170300000E+0	1.999948047E+4	1.663914000E+3
8.560780000E-6	2.332050000E-6	5.181600000E+0	1.999948047E+4	1.666288000E+3
8.948210000E-6	2.838690000E-6	5.192700000E+0	1.999948047E+4	1.668699000E+3
8.516070000E-6	3.226120000E-6	5.202900000E+0	1.999948047E+4	1.670311000E+3
8.486270000E-6	3.352780000E-6	5.214200000E+0	1.999948047E+4	1.672760000E+3
8.747040000E-6	3.255920000E-6	5.226100000E+0	1.999948047E+4	1.675163000E+3
8.516070000E-6	3.121810000E-6	5.239000000E+0	1.999948047E+4	1.677496000E+3
8.359610000E-6	3.546490000E-6	5.249300000E+0	1.999948047E+4	1.679987000E+3
8.374510000E-6	3.211210000E-6	5.260600000E+0	1.999948047E+4	1.681970000E+3
8.381960000E-6	3.166510000E-6	5.271300000E+0	1.999948047E+4	1.684057000E+3
8.188250000E-6	3.397480000E-6	5.281500000E+0	1.999948047E+4	1.686425000E+3
8.456470000E-6	4.068050000E-6	5.292600000E+0	1.999948047E+4	1.688423000E+3
8.672530000E-6	3.762560000E-6	5.303800000E+0	1.999948047E+4	1.690473000E+3
8.598030000E-6	3.546490000E-6	5.314300000E+0	1.999948047E+4	1.693035000E+3
8.292550000E-6	3.688050000E-6	5.325500000E+0	1.999948047E+4	1.694984000E+3
8.516070000E-6	2.801430000E-6	5.336900000E+0	1.999948047E+4	1.697015000E+3
8.203150000E-6	2.756730000E-6	5.347200000E+0	1.999948047E+4	1.699381000E+3
8.598030000E-6	2.980250000E-6	5.357600000E+0	1.999948047E+4	1.701769000E+3
9.179170000E-6	3.635900000E-6	5.368900000E+0	1.999948047E+4	1.703761000E+3
8.873700000E-6	3.159060000E-6	5.380200000E+0	1.999948047E+4	1.705823000E+3
9.276030000E-6	3.919030000E-6	5.390700000E+0	1.999948047E+4	1.708168000E+3
9.477200000E-6	3.621000000E-6	5.401500000E+0	1.999948047E+4	1.710574000E+3
8.866250000E-6	3.248470000E-6	5.413300000E+0	1.999948047E+4	1.712563000E+3
9.141920000E-6	3.471990000E-6	5.423800000E+0	1.999948047E+4	1.714450000E+3
8.925850000E-6	3.233570000E-6	5.436400000E+0	1.999948047E+4	1.717232000E+3
8.776840000E-6	3.121810000E-6	5.447400000E+0	1.999948047E+4	1.719639000E+3
9.097220000E-6	3.293170000E-6	5.457700000E+0	1.999948047E+4	1.721621000E+3
9.670910000E-6	3.062200000E-6	5.468900000E+0	1.999948047E+4	1.724030000E+3
8.434120000E-6	2.540660000E-6	5.481700000E+0	1.999948047E+4	1.726016000E+3
8.836450000E-6	2.868490000E-6	5.492000000E+0	1.999948047E+4	1.728836000E+3
8.732140000E-6	3.293170000E-6	5.503100000E+0	1.999948047E+4	1.730423000E+3
8.694890000E-6	3.926490000E-6	5.513800000E+0	1.999948047E+4	1.732459000E+3
8.530970000E-6	3.933940000E-6	5.524700000E+0	1.999948047E+4	1.734995000E+3
8.240400000E-6	2.406550000E-6	5.535500000E+0	1.999948047E+4	1.737357000E+3
8.411760000E-6	2.466160000E-6	5.547900000E+0	1.999948047E+4	1.739343000E+3
8.665080000E-6	2.913190000E-6	5.559700000E+0	1.999948047E+4	1.741760000E+3
8.359610000E-6	2.481060000E-6	5.570200000E+0	1.999948047E+4	1.744161000E+3
8.620380000E-6	3.516690000E-6	5.582300000E+0	1.999948047E+4	1.746639000E+3
8.314910000E-6	2.563010000E-6	5.593200000E+0	1.999948047E+4	1.748556000E+3
8.329810000E-6	3.166510000E-6	5.605600000E+0	1.999948047E+4	1.751316000E+3
8.523520000E-6	3.516690000E-6	5.616000000E+0	1.999948047E+4	1.753520000E+3
8.583130000E-6	3.725300000E-6	5.627000000E+0	1.999948047E+4	1.755472000E+3
8.687440000E-6	3.330420000E-6	5.638100000E+0	1.999948047E+4	1.757482000E+3
8.888600000E-6	3.263370000E-6	5.649900000E+0	1.999948047E+4	1.759923000E+3
8.955660000E-6	3.166510000E-6	5.660600000E+0	1.999948047E+4	1.762293000E+3
8.985460000E-6	2.957900000E-6	5.672200000E+0	1.999948047E+4	1.764356000E+3
8.612930000E-6	2.861040000E-6	5.682800000E+0	1.999948047E+4	1.766435000E+3
9.402690000E-6	3.755110000E-6	5.693800000E+0	1.999948047E+4	1.769225000E+3
8.955660000E-6	3.069650000E-6	5.705800000E+0	1.999948047E+4	1.771236000E+3
8.322360000E-6	3.099460000E-6	5.717700000E+0	1.999948047E+4	1.773745000E+3
8.374510000E-6	3.300620000E-6	5.729900000E+0	1.999948047E+4	1.776146000E+3
8.523520000E-6	3.382580000E-6	5.740000000E+0	1.999948047E+4	1.777791000E+3
8.061590000E-6	2.272440000E-6	5.751000000E+0	1.999948047E+4	1.780552000E+3
8.195700000E-6	3.166510000E-6	5.762400000E+0	1.999948047E+4	1.782139000E+3
8.292550000E-6	3.889230000E-6	5.773300000E+0	1.999948047E+4	1.785025000E+3
7.510210000E-6	3.457080000E-6	5.786200000E+0	1.999948047E+4	1.787502000E+3
7.785910000E-6	2.853590000E-6	5.798800000E+0	1.999948047E+4	1.789458000E+3
7.830620000E-6	2.615170000E-6	5.809900000E+0	1.999948047E+4	1.791948000E+3
7.674160000E-6	2.801430000E-6	5.820300000E+0	1.999948047E+4	1.794305000E+3
7.808270000E-6	2.287340000E-6	5.832100000E+0	1.999948047E+4	1.796657000E+3
7.726310000E-6	2.115980000E-6	5.843100000E+0	1.999948047E+4	1.798671000E+3
7.726310000E-6	2.421450000E-6	5.854400000E+0	1.999948047E+4	1.800716000E+3
7.689060000E-6	2.942990000E-6	5.865300000E+0	1.999948047E+4	1.803069000E+3
7.890220000E-6	2.771630000E-6	5.876000000E+0	1.999948047E+4	1.805500000E+3
7.882770000E-6	2.875940000E-6	5.887500000E+0	1.999948047E+4	1.807480000E+3
7.718860000E-6	2.250090000E-6	5.897800000E+0	1.999948047E+4	1.809461000E+3
7.771010000E-6	2.570460000E-6	5.909100000E+0	1.999948047E+4	1.812055000E+3
7.897670000E-6	2.689670000E-6	5.919400000E+0	1.999948047E+4	1.813980000E+3
7.852970000E-6	2.078730000E-6	5.931400000E+0	1.999948047E+4	1.816011000E+3
7.696510000E-6	2.384200000E-6	5.942300000E+0	1.999948047E+4	1.818398000E+3
7.860420000E-6	2.346950000E-6	5.952900000E+0	1.999948047E+4	1.820797000E+3
7.912570000E-6	2.466160000E-6	5.963800000E+0	1.999948047E+4	1.822526000E+3
7.733760000E-6	2.555560000E-6	5.976000000E+0	1.999948047E+4	1.825371000E+3
7.867870000E-6	2.264990000E-6	5.987800000E+0	1.999948047E+4	1.827387000E+3
7.830620000E-6	1.892450000E-6	5.998900000E+0	1.999948047E+4	1.829738000E+3
