20250501_HM451MoTaZr2_chiAC_vs_T_B_03.001.txt Thu, May 1, 2025 4:11:46 PM Juan
Magnet: None
Trigger spacing of 0.010000 on column #3
Offsets:	0.000000000E+0	0.000000000E+0	0.000000000E+0	0.000000000E+0	0.000000000E+0

Scale Factors:	1.000000000E+0	1.000000000E+0	1.000000000E+0	1.000000000E+0	1.000000000E+0

0.3T
Lockin_V_001	Chan2_V_001	Temperature_001	Field_001	Timestamp_001
-3.241020000E-6	4.917420000E-7	5.998700000E+0	2.999421631E+3	2.700000000E-2
-3.196310000E-6	5.438960000E-7	5.987100000E+0	2.999421631E+3	8.582900000E+1
-3.196310000E-6	5.364450000E-7	5.976800000E+0	2.999421631E+3	8.746500000E+1
-3.173960000E-6	5.587970000E-7	5.964600000E+0	2.999421631E+3	8.940600000E+1
-3.188860000E-6	5.289950000E-7	5.954400000E+0	2.999421631E+3	9.179800000E+1
-3.203760000E-6	4.917420000E-7	5.943300000E+0	2.999421631E+3	9.379800000E+1
-3.196310000E-6	4.917420000E-7	5.931900000E+0	2.999421631E+3	9.623900000E+1
-3.159060000E-6	5.140940000E-7	5.920200000E+0	2.999421631E+3	9.859800000E+1
-3.166510000E-6	5.513470000E-7	5.909400000E+0	2.999421631E+3	1.006040000E+2
-3.196310000E-6	5.364450000E-7	5.898600000E+0	2.999421631E+3	1.026190000E+2
-3.188860000E-6	5.513470000E-7	5.887300000E+0	2.999421631E+3	1.052770000E+2
-3.151610000E-6	5.886000000E-7	5.875600000E+0	2.999421631E+3	1.073240000E+2
-3.233570000E-6	5.438960000E-7	5.864600000E+0	2.999421631E+3	1.093150000E+2
-3.211210000E-6	4.991930000E-7	5.852700000E+0	2.999421631E+3	1.120660000E+2
-3.188860000E-6	5.215440000E-7	5.839700000E+0	2.999421631E+3	1.145130000E+2
-3.196310000E-6	5.438960000E-7	5.828900000E+0	2.999421631E+3	1.161140000E+2
-3.188860000E-6	5.066430000E-7	5.818400000E+0	2.999421631E+3	1.188700000E+2
-3.211210000E-6	4.321350000E-7	5.807700000E+0	2.999421631E+3	1.212730000E+2
-3.203760000E-6	4.321350000E-7	5.797600000E+0	2.999421631E+3	1.224690000E+2
-3.203760000E-6	4.544870000E-7	5.785600000E+0	2.999421631E+3	1.252760000E+2
-3.129260000E-6	4.991930000E-7	5.774600000E+0	2.999421631E+3	1.272710000E+2
-3.173960000E-6	4.917420000E-7	5.763300000E+0	2.999421631E+3	1.296910000E+2
-3.255920000E-6	5.289950000E-7	5.751100000E+0	2.999421631E+3	1.325430000E+2
-3.173960000E-6	4.470370000E-7	5.740600000E+0	2.999421631E+3	1.340660000E+2
-3.218670000E-6	4.768410000E-7	5.730100000E+0	2.999421631E+3	1.365520000E+2
-3.226120000E-6	4.544870000E-7	5.717900000E+0	2.999421631E+3	1.388790000E+2
-3.173960000E-6	4.395860000E-7	5.704800000E+0	2.999421631E+3	1.416700000E+2
-3.233570000E-6	3.948830000E-7	5.693900000E+0	2.999421631E+3	1.432780000E+2
-3.173960000E-6	3.576300000E-7	5.681200000E+0	2.999421631E+3	1.464530000E+2
-3.203760000E-6	3.501790000E-7	5.670000000E+0	2.999421631E+3	1.484700000E+2
-3.166510000E-6	3.725310000E-7	5.658400000E+0	2.999421631E+3	1.505890000E+2
-3.159060000E-6	3.501790000E-7	5.647900000E+0	2.999421631E+3	1.528740000E+2
-3.196310000E-6	3.576300000E-7	5.637300000E+0	2.999421631E+3	1.548880000E+2
-3.196310000E-6	3.501790000E-7	5.625800000E+0	2.999421631E+3	1.572960000E+2
-3.166510000E-6	3.352780000E-7	5.615700000E+0	2.999421631E+3	1.596660000E+2
-3.203760000E-6	3.129260000E-7	5.603300000E+0	2.999421631E+3	1.616740000E+2
-3.211210000E-6	2.756730000E-7	5.592700000E+0	2.999421631E+3	1.637340000E+2
-3.173960000E-6	2.607720000E-7	5.582100000E+0	2.999421631E+3	1.663640000E+2
-3.218670000E-6	2.235180000E-7	5.569700000E+0	2.999421631E+3	1.684340000E+2
-3.129260000E-6	2.235180000E-7	5.559300000E+0	2.999421631E+3	1.705080000E+2
-3.173960000E-6	1.937160000E-7	5.545300000E+0	2.999421631E+3	1.733030000E+2
-3.233570000E-6	1.862650000E-7	5.531200000E+0	2.999421631E+3	1.761060000E+2
-3.196310000E-6	1.266610000E-7	5.519600000E+0	2.999421631E+3	1.790270000E+2
-3.173960000E-6	1.043090000E-7	5.507100000E+0	2.999421631E+3	1.808780000E+2
-3.218670000E-6	1.266610000E-7	5.497000000E+0	2.999421631E+3	1.828960000E+2
-3.181410000E-6	1.490130000E-8	5.486900000E+0	2.999421631E+3	1.858150000E+2
-3.226120000E-6	3.725310000E-8	5.475700000E+0	2.999421631E+3	1.871330000E+2
-3.211210000E-6	0.000000000E+0	5.465300000E+0	2.999421631E+3	1.892750000E+2
-3.211210000E-6	-6.705570000E-8	5.453900000E+0	2.999421631E+3	1.919480000E+2
-3.196310000E-6	-4.470370000E-8	5.441800000E+0	2.999421631E+3	1.943290000E+2
-3.293170000E-6	-9.685800000E-8	5.430300000E+0	2.999421631E+3	1.961840000E+2
-3.226120000E-6	-1.937160000E-7	5.419900000E+0	2.999421631E+3	1.988420000E+2
-3.211210000E-6	-1.937160000E-7	5.409800000E+0	2.999421631E+3	2.005980000E+2
-3.300620000E-6	-1.937160000E-7	5.397900000E+0	2.999421631E+3	2.025960000E+2
-3.278270000E-6	-2.607720000E-7	5.386200000E+0	2.999421631E+3	2.056090000E+2
-3.226120000E-6	-2.831240000E-7	5.374700000E+0	2.999421631E+3	2.074560000E+2
-3.263370000E-6	-3.874320000E-7	5.364400000E+0	2.999421631E+3	2.094150000E+2
-3.248470000E-6	-4.470370000E-7	5.352300000E+0	2.999421631E+3	2.122040000E+2
-3.270820000E-6	-4.321350000E-7	5.341400000E+0	2.999421631E+3	2.140720000E+2
-3.211210000E-6	-5.513470000E-7	5.329200000E+0	2.999421631E+3	2.165200000E+2
-3.352780000E-6	-5.811490000E-7	5.318900000E+0	2.999421631E+3	2.188840000E+2
-3.360230000E-6	-6.631050000E-7	5.305100000E+0	2.999421631E+3	2.215210000E+2
-3.345330000E-6	-6.929080000E-7	5.294000000E+0	2.999421631E+3	2.233080000E+2
-3.375130000E-6	-8.270180000E-7	5.282800000E+0	2.999421631E+3	2.256640000E+2
-3.397480000E-6	-7.972160000E-7	5.271900000E+0	2.999421631E+3	2.280770000E+2
-3.427280000E-6	-8.940730000E-7	5.260700000E+0	2.999421631E+3	2.305320000E+2
-3.427280000E-6	-9.015240000E-7	5.249400000E+0	2.999421631E+3	2.324010000E+2
-3.427280000E-6	-1.080340000E-6	5.237000000E+0	2.999421631E+3	2.349350000E+2
-3.464530000E-6	-1.072890000E-6	5.226700000E+0	2.999421631E+3	2.372760000E+2
-3.524140000E-6	-1.199550000E-6	5.215500000E+0	2.999421631E+3	2.391370000E+2
-3.524140000E-6	-1.266610000E-6	5.202500000E+0	2.999421631E+3	2.416940000E+2
-3.561390000E-6	-1.333660000E-6	5.191300000E+0	2.999421631E+3	2.445480000E+2
-3.628450000E-6	-1.445420000E-6	5.180800000E+0	2.999421631E+3	2.464770000E+2
-3.628450000E-6	-1.512480000E-6	5.169700000E+0	2.999421631E+3	2.486330000E+2
-3.613550000E-6	-1.557180000E-6	5.158300000E+0	2.999421631E+3	2.503530000E+2
-3.695500000E-6	-1.616780000E-6	5.147500000E+0	2.999421631E+3	2.527910000E+2
-3.740210000E-6	-1.691290000E-6	5.136700000E+0	2.999421631E+3	2.555660000E+2
-3.814730000E-6	-1.713640000E-6	5.126100000E+0	2.999421631E+3	2.571580000E+2
-3.807260000E-6	-1.840300000E-6	5.115800000E+0	2.999421631E+3	2.594640000E+2
-3.829630000E-6	-1.996770000E-6	5.104600000E+0	2.999421631E+3	2.610390000E+2
-3.829630000E-6	-2.115980000E-6	5.094100000E+0	2.999421631E+3	2.638330000E+2
-3.851980000E-6	-2.197940000E-6	5.081800000E+0	2.999421631E+3	2.658080000E+2
-3.889230000E-6	-2.346950000E-6	5.070300000E+0	2.999421631E+3	2.682370000E+2
-4.082950000E-6	-2.451260000E-6	5.059900000E+0	2.999421631E+3	2.706340000E+2
-3.993540000E-6	-2.488510000E-6	5.048700000E+0	2.999421631E+3	2.726750000E+2
-4.127650000E-6	-2.630070000E-6	5.036700000E+0	2.999421631E+3	2.749320000E+2
-4.105300000E-6	-2.749280000E-6	5.026300000E+0	2.999421631E+3	2.769330000E+2
-4.231960000E-6	-2.883390000E-6	5.016100000E+0	2.999421631E+3	2.792930000E+2
-4.269210000E-6	-2.950440000E-6	5.005100000E+0	2.999421631E+3	2.817310000E+2
-4.336270000E-6	-3.144160000E-6	4.994800000E+0	2.999421631E+3	2.837770000E+2
-4.403320000E-6	-3.211210000E-6	4.984700000E+0	2.999421631E+3	2.856120000E+2
-4.448030000E-6	-3.300620000E-6	4.973900000E+0	2.999421631E+3	2.875560000E+2
-4.492730000E-6	-3.501790000E-6	4.962000000E+0	2.999421631E+3	2.898340000E+2
-4.567240000E-6	-3.576290000E-6	4.951900000E+0	2.999421631E+3	2.918350000E+2
-4.678990000E-6	-3.747660000E-6	4.939300000E+0	2.999421631E+3	2.946600000E+2
-4.783300000E-6	-3.881780000E-6	4.928500000E+0	2.999421631E+3	2.966360000E+2
-4.828010000E-6	-4.060600000E-6	4.917700000E+0	2.999421631E+3	2.987540000E+2
-4.939760000E-6	-4.194710000E-6	4.907200000E+0	2.999421631E+3	3.010550000E+2
-5.073870000E-6	-4.373520000E-6	4.895000000E+0	2.999421631E+3	3.034410000E+2
-5.140930000E-6	-4.537430000E-6	4.884600000E+0	2.999421631E+3	3.052980000E+2
-5.230340000E-6	-4.708800000E-6	4.872500000E+0	2.999421631E+3	3.077400000E+2
-5.409150000E-6	-4.872710000E-6	4.861000000E+0	2.999421631E+3	3.102250000E+2
-5.535810000E-6	-5.006820000E-6	4.847900000E+0	2.999421631E+3	3.130760000E+2
-5.662470000E-6	-5.207980000E-6	4.836400000E+0	2.999421631E+3	3.150280000E+2
-5.804030000E-6	-5.431500000E-6	4.826300000E+0	2.999421631E+3	3.172810000E+2
-5.900890000E-6	-5.640120000E-6	4.813600000E+0	2.999421631E+3	3.198640000E+2
-6.087150000E-6	-5.796580000E-6	4.800500000E+0	2.999421631E+3	3.218020000E+2
-6.213810000E-6	-6.057350000E-6	4.790300000E+0	2.999421631E+3	3.246120000E+2
-6.414980000E-6	-6.236170000E-6	4.777600000E+0	2.999421631E+3	3.266210000E+2
-6.578890000E-6	-6.482030000E-6	4.765500000E+0	2.999421631E+3	3.295840000E+2
-6.802410000E-6	-6.698100000E-6	4.754000000E+0	2.999421631E+3	3.314160000E+2
-7.003570000E-6	-6.958870000E-6	4.743000000E+0	2.999421631E+3	3.338650000E+2
-7.160040000E-6	-7.234540000E-6	4.730500000E+0	2.999421631E+3	3.362640000E+2
-7.554920000E-6	-7.517660000E-6	4.718400000E+0	2.999421631E+3	3.382420000E+2
-7.830620000E-6	-7.897670000E-6	4.708200000E+0	2.999421631E+3	3.411820000E+2
-8.031780000E-6	-8.255300000E-6	4.696800000E+0	2.999421631E+3	3.429990000E+2
-8.493720000E-6	-8.784290000E-6	4.685900000E+0	2.999421631E+3	3.450630000E+2
-9.000360000E-6	-9.372890000E-6	4.672400000E+0	2.999421631E+3	3.479270000E+2
-9.596410000E-6	-1.004340000E-5	4.662300000E+0	2.999421631E+3	3.502130000E+2
-1.015520000E-5	-1.061710000E-5	4.649900000E+0	2.999421631E+3	3.518540000E+2
-1.110140000E-5	-1.146650000E-5	4.639600000E+0	2.999421631E+3	3.546010000E+2
-1.219670000E-5	-1.222650000E-5	4.628300000E+0	2.999421631E+3	3.569910000E+2
-1.318010000E-5	-1.291940000E-5	4.617500000E+0	2.999421631E+3	3.587530000E+2
-1.466280000E-5	-1.385070000E-5	4.605300000E+0	2.999421631E+3	3.614190000E+2
-1.607100000E-5	-1.455850000E-5	4.593600000E+0	2.999421631E+3	3.637960000E+2
-1.767290000E-5	-1.528130000E-5	4.578600000E+0	2.999421631E+3	3.663850000E+2
-1.952810000E-5	-1.598160000E-5	4.566400000E+0	2.999421631E+3	3.691780000E+2
-2.136090000E-5	-1.662980000E-5	4.554700000E+0	2.999421631E+3	3.715850000E+2
-2.279890000E-5	-1.703210000E-5	4.542700000E+0	2.999421631E+3	3.735920000E+2
-2.470620000E-5	-1.744940000E-5	4.531100000E+0	2.999421631E+3	3.763790000E+2
-2.624850000E-5	-1.775480000E-5	4.520700000E+0	2.999421631E+3	3.784140000E+2
-2.830490000E-5	-1.805290000E-5	4.509400000E+0	2.999421631E+3	3.807350000E+2
-2.955660000E-5	-1.817950000E-5	4.498000000E+0	2.999421631E+3	3.826650000E+2
-3.162790000E-5	-1.826890000E-5	4.486200000E+0	2.999421631E+3	3.851630000E+2
-3.356510000E-5	-1.838070000E-5	4.471100000E+0	2.999421631E+3	3.881040000E+2
-3.592690000E-5	-1.823910000E-5	4.460600000E+0	2.999421631E+3	3.909980000E+2
-3.702960000E-5	-1.817950000E-5	4.448200000E+0	2.999421631E+3	3.929060000E+2
-3.890720000E-5	-1.794110000E-5	4.437800000E+0	2.999421631E+3	3.948600000E+2
-4.026320000E-5	-1.784430000E-5	4.425800000E+0	2.999421631E+3	3.971200000E+2
-4.215560000E-5	-1.750150000E-5	4.412700000E+0	2.999421631E+3	3.996870000E+2
-4.398850000E-5	-1.721840000E-5	4.400900000E+0	2.999421631E+3	4.026400000E+2
-4.529980000E-5	-1.698740000E-5	4.388700000E+0	2.999421631E+3	4.044500000E+2
-4.699100000E-5	-1.666710000E-5	4.378200000E+0	2.999421631E+3	4.068550000E+2
-4.813100000E-5	-1.636160000E-5	4.367000000E+0	2.999421631E+3	4.088290000E+2
-4.957640000E-5	-1.604120000E-5	4.354600000E+0	2.999421631E+3	4.116860000E+2
-5.129000000E-5	-1.575810000E-5	4.340000000E+0	2.999421631E+3	4.142190000E+2
-5.280250000E-5	-1.534830000E-5	4.329700000E+0	2.999421631E+3	4.166230000E+2
-5.371890000E-5	-1.514710000E-5	4.318700000E+0	2.999421631E+3	4.185250000E+2
-5.503020000E-5	-1.483420000E-5	4.308600000E+0	2.999421631E+3	4.204440000E+2
-5.628940000E-5	-1.442440000E-5	4.297800000E+0	2.999421631E+3	4.230020000E+2
-5.717600000E-5	-1.425300000E-5	4.286200000E+0	2.999421631E+3	4.252250000E+2
-5.842770000E-5	-1.381340000E-5	4.275100000E+0	2.999421631E+3	4.272410000E+2
-5.984330000E-5	-1.346330000E-5	4.262800000E+0	2.999421631E+3	4.302900000E+2
-6.067030000E-5	-1.318010000E-5	4.251000000E+0	2.999421631E+3	4.317260000E+2
-6.172850000E-5	-1.278530000E-5	4.240600000E+0	2.999421631E+3	4.346210000E+2
-6.286850000E-5	-1.254680000E-5	4.227300000E+0	2.999421631E+3	4.367100000E+2
-6.400100000E-5	-1.220410000E-5	4.213300000E+0	2.999421631E+3	4.394390000E+2
-6.516320000E-5	-1.172730000E-5	4.200300000E+0	2.999421631E+3	4.423640000E+2
-6.603500000E-5	-1.154100000E-5	4.187000000E+0	2.999421631E+3	4.446930000E+2
-6.717490000E-5	-1.112380000E-5	4.173000000E+0	2.999421631E+3	4.476940000E+2
-6.811370000E-5	-1.083320000E-5	4.160400000E+0	2.999421631E+3	4.504330000E+2
-6.882890000E-5	-1.064690000E-5	4.148700000E+0	2.999421631E+3	4.524850000E+2
-6.958890000E-5	-1.033400000E-5	4.137700000E+0	2.999421631E+3	4.548310000E+2
-7.037120000E-5	-1.007320000E-5	4.127100000E+0	2.999421631E+3	4.572170000E+2
-7.097470000E-5	-9.909330000E-6	4.113600000E+0	2.999421631E+3	4.592270000E+2
-7.180920000E-5	-9.618760000E-6	4.101300000E+0	2.999421631E+3	4.622170000E+2
-7.253190000E-5	-9.350540000E-6	4.091200000E+0	2.999421631E+3	4.647480000E+2
-7.297890000E-5	-9.231330000E-6	4.080300000E+0	2.999421631E+3	4.660400000E+2
-7.351530000E-5	-9.089770000E-6	4.070000000E+0	2.999421631E+3	4.685670000E+2
-7.395490000E-5	-8.948210000E-6	4.059700000E+0	2.999421631E+3	4.702880000E+2
-7.458820000E-5	-8.679980000E-6	4.048900000E+0	2.999421631E+3	4.728010000E+2
-7.512470000E-5	-8.493720000E-6	4.037100000E+0	2.999421631E+3	4.749640000E+2
-7.565370000E-5	-8.352160000E-6	4.025800000E+0	2.999421631E+3	4.771170000E+2
-7.625720000E-5	-8.113740000E-6	4.014700000E+0	2.999421631E+3	4.800670000E+2
-7.668180000E-5	-7.949830000E-6	4.002200000E+0	2.999421631E+3	4.821430000E+2
-7.725550000E-5	-7.793370000E-6	3.991200000E+0	2.999421631E+3	4.844250000E+2
-7.744930000E-5	-7.733760000E-6	3.981000000E+0	2.999421631E+3	4.858630000E+2
-7.784410000E-5	-7.495310000E-6	3.970600000E+0	2.999421631E+3	4.882610000E+2
-7.832100000E-5	-7.294150000E-6	3.959800000E+0	2.999421631E+3	4.907080000E+2
-7.866370000E-5	-7.160040000E-6	3.949200000E+0	2.999421631E+3	4.924220000E+2
-7.906600000E-5	-7.115330000E-6	3.938900000E+0	2.999421631E+3	4.945780000E+2
-7.949070000E-5	-6.891820000E-6	3.927200000E+0	2.999421631E+3	4.970680000E+2
-7.987810000E-5	-6.780060000E-6	3.916500000E+0	2.999421631E+3	4.994740000E+2
-8.012400000E-5	-6.631050000E-6	3.904400000E+0	2.999421631E+3	5.013430000E+2
-8.056360000E-5	-6.467130000E-6	3.892400000E+0	2.999421631E+3	5.038900000E+2
-8.090630000E-5	-6.370280000E-6	3.878900000E+0	2.999421631E+3	5.067830000E+2
-8.122670000E-5	-6.228710000E-6	3.868300000E+0	2.999421631E+3	5.086710000E+2
-8.151730000E-5	-6.102050000E-6	3.858100000E+0	2.999421631E+3	5.111090000E+2
-8.183020000E-5	-6.027550000E-6	3.847100000E+0	2.999421631E+3	5.128360000E+2
-8.206860000E-5	-5.893440000E-6	3.835000000E+0	2.999421631E+3	5.155600000E+2
-8.235920000E-5	-5.751880000E-6	3.823000000E+0	2.999421631E+3	5.175260000E+2
-8.267210000E-5	-5.684820000E-6	3.811500000E+0	2.999421631E+3	5.198550000E+2
-8.299990000E-5	-5.528360000E-6	3.799600000E+0	2.999421631E+3	5.227080000E+2
-8.322350000E-5	-5.453850000E-6	3.787900000E+0	2.999421631E+3	5.247220000E+2
-8.355870000E-5	-5.342100000E-6	3.774600000E+0	2.999421631E+3	5.276120000E+2
-8.379710000E-5	-5.267590000E-6	3.762100000E+0	2.999421631E+3	5.301670000E+2
-8.405050000E-5	-5.170730000E-6	3.749800000E+0	2.999421631E+3	5.320250000E+2
-8.434850000E-5	-5.051520000E-6	3.739100000E+0	2.999421631E+3	5.349300000E+2
-8.449000000E-5	-4.939760000E-6	3.727800000E+0	2.999421631E+3	5.365650000E+2
-8.481040000E-5	-4.887610000E-6	3.715500000E+0	2.999421631E+3	5.395000000E+2
-8.493710000E-5	-4.805650000E-6	3.703000000E+0	2.999421631E+3	5.417070000E+2
-8.509350000E-5	-4.693890000E-6	3.690500000E+0	2.999421631E+3	5.441880000E+2
-8.548100000E-5	-4.604490000E-6	3.679400000E+0	2.999421631E+3	5.470740000E+2
-8.548840000E-5	-4.604490000E-6	3.669200000E+0	2.999421631E+3	5.485350000E+2
-8.568210000E-5	-4.433120000E-6	3.658900000E+0	2.999421631E+3	5.509810000E+2
-8.589820000E-5	-4.351170000E-6	3.647400000E+0	2.999421631E+3	5.531180000E+2
-8.608450000E-5	-4.328820000E-6	3.633000000E+0	2.999421631E+3	5.557270000E+2
-8.618880000E-5	-4.246860000E-6	3.621500000E+0	2.999421631E+3	5.577180000E+2
-8.645700000E-5	-4.187260000E-6	3.610300000E+0	2.999421631E+3	5.606780000E+2
-8.663580000E-5	-4.179800000E-6	3.595300000E+0	2.999421631E+3	5.627850000E+2
-8.680720000E-5	-4.082950000E-6	3.583500000E+0	2.999421631E+3	5.659760000E+2
-8.703070000E-5	-3.963740000E-6	3.565900000E+0	2.999421631E+3	5.691940000E+2
-8.724680000E-5	-3.866880000E-6	3.550400000E+0	2.999421631E+3	5.728040000E+2
-8.744790000E-5	-3.747660000E-6	3.535300000E+0	2.999421631E+3	5.759910000E+2
-8.755970000E-5	-3.740210000E-6	3.524900000E+0	2.999421631E+3	5.781170000E+2
-8.770120000E-5	-3.650800000E-6	3.513100000E+0	2.999421631E+3	5.807830000E+2
-8.791730000E-5	-3.576290000E-6	3.501900000E+0	2.999421631E+3	5.829030000E+2
-8.805140000E-5	-3.598640000E-6	3.488000000E+0	2.999421631E+3	5.865030000E+2
-8.819300000E-5	-3.501790000E-6	3.475000000E+0	2.999421631E+3	5.886980000E+2
-8.832710000E-5	-3.486890000E-6	3.458100000E+0	2.999421631E+3	5.922660000E+2
-8.845380000E-5	-3.419830000E-6	3.448000000E+0	2.999421631E+3	5.943880000E+2
-8.857300000E-5	-3.322970000E-6	3.435300000E+0	2.999421631E+3	5.971240000E+2
-8.864750000E-5	-3.263370000E-6	3.424000000E+0	2.999421631E+3	5.992230000E+2
-8.884120000E-5	-3.300620000E-6	3.409200000E+0	2.999421631E+3	6.027860000E+2
-8.896780000E-5	-3.211210000E-6	3.397100000E+0	2.999421631E+3	6.049020000E+2
-8.909450000E-5	-3.173960000E-6	3.381700000E+0	2.999421631E+3	6.086380000E+2
-8.920630000E-5	-3.069650000E-6	3.369000000E+0	2.999421631E+3	6.108500000E+2
-8.926590000E-5	-3.062200000E-6	3.356400000E+0	2.999421631E+3	6.139770000E+2
-8.934780000E-5	-2.928090000E-6	3.343000000E+0	2.999421631E+3	6.160930000E+2
-8.948190000E-5	-2.980250000E-6	3.330400000E+0	2.999421631E+3	6.193130000E+2
-8.959370000E-5	-2.928090000E-6	3.318300000E+0	2.999421631E+3	6.214670000E+2
-8.966820000E-5	-2.905740000E-6	3.304500000E+0	2.999421631E+3	6.245030000E+2
-8.979490000E-5	-2.913190000E-6	3.290600000E+0	2.999421631E+3	6.277040000E+2
-8.989920000E-5	-2.831240000E-6	3.277100000E+0	2.999421631E+3	6.298280000E+2
-8.998110000E-5	-2.793980000E-6	3.266600000E+0	2.999421631E+3	6.330800000E+2
-9.007800000E-5	-2.764180000E-6	3.252500000E+0	2.999421631E+3	6.351450000E+2
-9.015990000E-5	-2.704580000E-6	3.241800000E+0	2.999421631E+3	6.382610000E+2
-9.023440000E-5	-2.637520000E-6	3.228300000E+0	2.999421631E+3	6.403710000E+2
-9.035370000E-5	-2.704580000E-6	3.215000000E+0	2.999421631E+3	6.435430000E+2
-9.041330000E-5	-2.637520000E-6	3.203300000E+0	2.999421631E+3	6.457020000E+2
-9.051010000E-5	-2.570460000E-6	3.193300000E+0	2.999421631E+3	6.490120000E+2
-9.051760000E-5	-2.525760000E-6	3.182000000E+0	2.999421631E+3	6.504470000E+2
-9.060700000E-5	-2.592820000E-6	3.171300000E+0	2.999421631E+3	6.525850000E+2
-9.064420000E-5	-2.548110000E-6	3.160000000E+0	2.999421631E+3	6.551510000E+2
-9.069640000E-5	-2.488510000E-6	3.147600000E+0	2.999421631E+3	6.572970000E+2
-9.083050000E-5	-2.466160000E-6	3.134800000E+0	2.999421631E+3	6.603510000E+2
-9.082300000E-5	-2.414000000E-6	3.124300000E+0	2.999421631E+3	6.624970000E+2
-9.097210000E-5	-2.518310000E-6	3.110000000E+0	2.999421631E+3	6.656890000E+2
-9.100930000E-5	-2.421450000E-6	3.099500000E+0	2.999421631E+3	6.678540000E+2
-9.106890000E-5	-2.399100000E-6	3.085300000E+0	2.999421631E+3	6.710100000E+2
-9.112110000E-5	-2.332050000E-6	3.073700000E+0	2.999421631E+3	6.731500000E+2
-9.123280000E-5	-2.332050000E-6	3.056700000E+0	2.999421631E+3	6.767420000E+2
-9.132220000E-5	-2.324600000E-6	3.043600000E+0	2.999421631E+3	6.800200000E+2
-9.135950000E-5	-2.317150000E-6	3.028100000E+0	2.999421631E+3	6.826310000E+2
-9.150100000E-5	-2.272440000E-6	3.016800000E+0	2.999421631E+3	6.858530000E+2
-9.152340000E-5	-2.220290000E-6	3.000800000E+0	2.999421631E+3	6.879810000E+2
-9.159050000E-5	-2.108530000E-6	2.989200000E+0	2.999421631E+3	6.915370000E+2
-9.159050000E-5	-2.168130000E-6	2.974100000E+0	2.999421631E+3	6.936960000E+2
-9.173200000E-5	-2.160680000E-6	2.959300000E+0	2.999421631E+3	6.974510000E+2
-9.174690000E-5	-2.123430000E-6	2.948800000E+0	2.999421631E+3	6.996060000E+2
-9.173200000E-5	-2.086180000E-6	2.935000000E+0	2.999421631E+3	7.027990000E+2
-9.189590000E-5	-2.071280000E-6	2.921800000E+0	2.999421631E+3	7.048610000E+2
-9.188850000E-5	-2.026570000E-6	2.908800000E+0	2.999421631E+3	7.080520000E+2
-9.193320000E-5	-2.034020000E-6	2.897800000E+0	2.999421631E+3	7.102700000E+2
-9.204490000E-5	-1.989320000E-6	2.881300000E+0	2.999421631E+3	7.133290000E+2
-9.209710000E-5	-1.981870000E-6	2.868800000E+0	2.999421631E+3	7.165680000E+2
-9.211940000E-5	-2.011670000E-6	2.852900000E+0	2.999421631E+3	7.196630000E+2
-9.214180000E-5	-1.922260000E-6	2.841900000E+0	2.999421631E+3	7.217960000E+2
-9.220140000E-5	-1.974420000E-6	2.831400000E+0	2.999421631E+3	7.243880000E+2
-9.226100000E-5	-1.929710000E-6	2.820200000E+0	2.999421631E+3	7.264720000E+2
-9.233550000E-5	-1.952070000E-6	2.808200000E+0	2.999421631E+3	7.296670000E+2
-9.231320000E-5	-1.966970000E-6	2.796200000E+0	2.999421631E+3	7.317790000E+2
-9.241000000E-5	-1.922260000E-6	2.786100000E+0	2.999421631E+3	7.339170000E+2
-9.238020000E-5	-1.877550000E-6	2.771600000E+0	2.999421631E+3	7.371020000E+2
-9.241750000E-5	-1.855200000E-6	2.760300000E+0	2.999421631E+3	7.392490000E+2
-9.252180000E-5	-1.899910000E-6	2.748700000E+0	2.999421631E+3	7.419500000E+2
-9.249940000E-5	-1.803050000E-6	2.736300000E+0	2.999421631E+3	7.440420000E+2
-9.263350000E-5	-1.847750000E-6	2.720900000E+0	2.999421631E+3	7.472540000E+2
-9.265590000E-5	-1.750890000E-6	2.707100000E+0	2.999421631E+3	7.509070000E+2
-9.266330000E-5	-1.780700000E-6	2.692700000E+0	2.999421631E+3	7.529870000E+2
-9.259630000E-5	-1.795600000E-6	2.679500000E+0	2.999421631E+3	7.561610000E+2
-9.265590000E-5	-1.765790000E-6	2.668700000E+0	2.999421631E+3	7.583030000E+2
-9.270800000E-5	-1.735990000E-6	2.652600000E+0	2.999421631E+3	7.613700000E+2
-9.279000000E-5	-1.795600000E-6	2.641000000E+0	2.999421631E+3	7.646120000E+2
-9.287940000E-5	-1.683840000E-6	2.627700000E+0	2.999421631E+3	7.667570000E+2
-9.288690000E-5	-1.713640000E-6	2.616600000E+0	2.999421631E+3	7.699680000E+2
-9.285710000E-5	-1.713640000E-6	2.600200000E+0	2.999421631E+3	7.720350000E+2
-9.294650000E-5	-1.676390000E-6	2.583900000E+0	2.999421631E+3	7.761550000E+2
-9.299860000E-5	-1.698740000E-6	2.568300000E+0	2.999421631E+3	7.793600000E+2
-9.303590000E-5	-1.691290000E-6	2.551300000E+0	2.999421631E+3	7.830810000E+2
-9.307310000E-5	-1.594430000E-6	2.536600000E+0	2.999421631E+3	7.862900000E+2
-9.311780000E-5	-1.654040000E-6	2.522200000E+0	2.999421631E+3	7.895240000E+2
-9.308800000E-5	-1.594430000E-6	2.511900000E+0	2.999421631E+3	7.916880000E+2
-9.313270000E-5	-1.594430000E-6	2.495700000E+0	2.999421631E+3	7.948500000E+2
-9.318490000E-5	-1.542280000E-6	2.483100000E+0	2.999421631E+3	7.980950000E+2
-9.319980000E-5	-1.609330000E-6	2.470100000E+0	2.999421631E+3	8.001890000E+2
-9.332640000E-5	-1.616780000E-6	2.454300000E+0	2.999421631E+3	8.037380000E+2
-9.335620000E-5	-1.586980000E-6	2.444000000E+0	2.999421631E+3	8.059260000E+2
-9.335620000E-5	-1.586980000E-6	2.428600000E+0	2.999421631E+3	8.090900000E+2
-9.338600000E-5	-1.519930000E-6	2.415600000E+0	2.999421631E+3	8.123110000E+2
-9.343820000E-5	-1.586980000E-6	2.402100000E+0	2.999421631E+3	8.144250000E+2
-9.343070000E-5	-1.542280000E-6	2.391200000E+0	2.999421631E+3	8.176590000E+2
-9.343070000E-5	-1.542280000E-6	2.377800000E+0	2.999421631E+3	8.197410000E+2
-9.352020000E-5	-1.467770000E-6	2.365700000E+0	2.999421631E+3	8.229340000E+2
-9.346800000E-5	-1.482670000E-6	2.354500000E+0	2.999421631E+3	8.250560000E+2
-9.353510000E-5	-1.497570000E-6	2.343200000E+0	2.999421631E+3	8.277490000E+2
-9.353510000E-5	-1.527380000E-6	2.329500000E+0	2.999421631E+3	8.299390000E+2
-9.355000000E-5	-1.482670000E-6	2.316900000E+0	2.999421631E+3	8.330620000E+2
-9.360960000E-5	-1.437970000E-6	2.306000000E+0	2.999421631E+3	8.352470000E+2
-9.363190000E-5	-1.467770000E-6	2.293000000E+0	2.999421631E+3	8.384250000E+2
-9.369900000E-5	-1.467770000E-6	2.279500000E+0	2.999421631E+3	8.405490000E+2
-9.367660000E-5	-1.370910000E-6	2.264300000E+0	2.999421631E+3	8.441200000E+2
-9.367660000E-5	-1.408170000E-6	2.250500000E+0	2.999421631E+3	8.473320000E+2
-9.375110000E-5	-1.430520000E-6	2.239200000E+0	2.999421631E+3	8.495220000E+2
-9.374370000E-5	-1.400720000E-6	2.224600000E+0	2.999421631E+3	8.527060000E+2
-9.378090000E-5	-1.356010000E-6	2.213900000E+0	2.999421631E+3	8.553300000E+2
-9.375860000E-5	-1.378360000E-6	2.201200000E+0	2.999421631E+3	8.575130000E+2
-9.380330000E-5	-1.437970000E-6	2.188500000E+0	2.999421631E+3	8.606890000E+2
-9.381070000E-5	-1.356010000E-6	2.175800000E+0	2.999421631E+3	8.627950000E+2
-9.385540000E-5	-1.400720000E-6	2.162400000E+0	2.999421631E+3	8.659980000E+2
-9.392250000E-5	-1.385820000E-6	2.150900000E+0	2.999421631E+3	8.681220000E+2
-9.387030000E-5	-1.356010000E-6	2.134300000E+0	2.999421631E+3	8.713890000E+2
-9.392250000E-5	-1.311310000E-6	2.122300000E+0	2.999421631E+3	8.745160000E+2
-9.392250000E-5	-1.385820000E-6	2.110400000E+0	2.999421631E+3	8.766600000E+2
-9.397460000E-5	-1.341110000E-6	2.095000000E+0	2.999421631E+3	8.799210000E+2
-9.396720000E-5	-1.288960000E-6	2.082300000E+0	2.999421631E+3	8.830980000E+2
-9.399700000E-5	-1.333660000E-6	2.068600000E+0	2.999421631E+3	8.851930000E+2
-9.395230000E-5	-1.318760000E-6	2.056200000E+0	2.999421631E+3	8.883820000E+2
-9.394480000E-5	-1.348560000E-6	2.043700000E+0	2.999421631E+3	8.906180000E+2
-9.405660000E-5	-1.333660000E-6	2.029400000E+0	2.999421631E+3	8.937200000E+2
-9.407890000E-5	-1.363460000E-6	2.017000000E+0	2.999421631E+3	8.969060000E+2
-9.401930000E-5	-1.333660000E-6	2.003000000E+0	2.999421631E+3	8.990940000E+2
-9.409380000E-5	-1.288960000E-6	2.014100000E+0	2.999421631E+3	1.030687000E+3
-9.409380000E-5	-1.303860000E-6	2.025900000E+0	2.999421631E+3	1.033429000E+3
-9.400440000E-5	-1.311310000E-6	2.036800000E+0	2.999421631E+3	1.035515000E+3
-9.404170000E-5	-1.311310000E-6	2.047600000E+0	2.999421631E+3	1.037888000E+3
-9.398950000E-5	-1.303860000E-6	2.057700000E+0	2.999421631E+3	1.039442000E+3
-9.393740000E-5	-1.318760000E-6	2.067800000E+0	2.999421631E+3	1.041855000E+3
-9.403420000E-5	-1.333660000E-6	2.079500000E+0	2.999421631E+3	1.043841000E+3
-9.396720000E-5	-1.303860000E-6	2.091000000E+0	2.999421631E+3	1.046433000E+3
-9.390760000E-5	-1.311310000E-6	2.101100000E+0	2.999421631E+3	1.048100000E+3
-9.392990000E-5	-1.348560000E-6	2.111400000E+0	2.999421631E+3	1.050655000E+3
-9.390760000E-5	-1.356010000E-6	2.122700000E+0	2.999421631E+3	1.052404000E+3
-9.387780000E-5	-1.356010000E-6	2.132800000E+0	2.999421631E+3	1.054769000E+3
-9.386290000E-5	-1.363460000E-6	2.143100000E+0	2.999421631E+3	1.056384000E+3
-9.388520000E-5	-1.385820000E-6	2.153400000E+0	2.999421631E+3	1.058763000E+3
-9.386290000E-5	-1.370910000E-6	2.164200000E+0	2.999421631E+3	1.061016000E+3
-9.380330000E-5	-1.415620000E-6	2.175100000E+0	2.999421631E+3	1.063038000E+3
-9.380330000E-5	-1.415620000E-6	2.187700000E+0	2.999421631E+3	1.065760000E+3
-9.375110000E-5	-1.378360000E-6	2.199100000E+0	2.999421631E+3	1.068129000E+3
-9.380330000E-5	-1.393270000E-6	2.210700000E+0	2.999421631E+3	1.070171000E+3
-9.371390000E-5	-1.400720000E-6	2.222200000E+0	2.999421631E+3	1.072539000E+3
-9.375110000E-5	-1.348560000E-6	2.233800000E+0	2.999421631E+3	1.075026000E+3
-9.370640000E-5	-1.400720000E-6	2.244000000E+0	2.999421631E+3	1.076763000E+3
-9.366920000E-5	-1.437970000E-6	2.256100000E+0	2.999421631E+3	1.079312000E+3
-9.366170000E-5	-1.430520000E-6	2.267000000E+0	2.999421631E+3	1.081414000E+3
-9.372880000E-5	-1.408170000E-6	2.278400000E+0	2.999421631E+3	1.083823000E+3
-9.367660000E-5	-1.497570000E-6	2.289900000E+0	2.999421631E+3	1.085832000E+3
-9.364680000E-5	-1.467770000E-6	2.300300000E+0	2.999421631E+3	1.088345000E+3
-9.361700000E-5	-1.460320000E-6	2.312400000E+0	2.999421631E+3	1.090430000E+3
-9.355000000E-5	-1.490120000E-6	2.325000000E+0	2.999421631E+3	1.093082000E+3
-9.356490000E-5	-1.437970000E-6	2.335700000E+0	2.999421631E+3	1.095435000E+3
-9.352020000E-5	-1.452870000E-6	2.349600000E+0	2.999421631E+3	1.098029000E+3
-9.350530000E-5	-1.490120000E-6	2.361100000E+0	2.999421631E+3	1.100368000E+3
-9.349040000E-5	-1.475220000E-6	2.373100000E+0	2.999421631E+3	1.102549000E+3
-9.342330000E-5	-1.475220000E-6	2.383900000E+0	2.999421631E+3	1.104946000E+3
-9.342330000E-5	-1.467770000E-6	2.395500000E+0	2.999421631E+3	1.107026000E+3
-9.336370000E-5	-1.490120000E-6	2.405600000E+0	2.999421631E+3	1.109310000E+3
-9.331900000E-5	-1.534830000E-6	2.416500000E+0	2.999421631E+3	1.111660000E+3
-9.332640000E-5	-1.542280000E-6	2.427600000E+0	2.999421631E+3	1.113209000E+3
-9.331150000E-5	-1.527380000E-6	2.440400000E+0	2.999421631E+3	1.116260000E+3
-9.338600000E-5	-1.519930000E-6	2.452400000E+0	2.999421631E+3	1.118240000E+3
-9.325940000E-5	-1.534830000E-6	2.463500000E+0	2.999421631E+3	1.120779000E+3
-9.325190000E-5	-1.609330000E-6	2.474400000E+0	2.999421631E+3	1.122796000E+3
-9.327430000E-5	-1.631680000E-6	2.484600000E+0	2.999421631E+3	1.125235000E+3
-9.324450000E-5	-1.557180000E-6	2.495000000E+0	2.999421631E+3	1.127044000E+3
-9.315510000E-5	-1.579530000E-6	2.505900000E+0	2.999421631E+3	1.129319000E+3
-9.314020000E-5	-1.586980000E-6	2.517700000E+0	2.999421631E+3	1.131461000E+3
-9.308800000E-5	-1.601880000E-6	2.529100000E+0	2.999421631E+3	1.133872000E+3
-9.306570000E-5	-1.557180000E-6	2.540900000E+0	2.999421631E+3	1.136569000E+3
-9.303590000E-5	-1.586980000E-6	2.551600000E+0	2.999421631E+3	1.138150000E+3
-9.305080000E-5	-1.616780000E-6	2.561900000E+0	2.999421631E+3	1.140547000E+3
-9.301350000E-5	-1.683840000E-6	2.574800000E+0	2.999421631E+3	1.142645000E+3
-9.296140000E-5	-1.676390000E-6	2.586300000E+0	2.999421631E+3	1.145316000E+3
-9.296140000E-5	-1.721090000E-6	2.598700000E+0	2.999421631E+3	1.147659000E+3
-9.287200000E-5	-1.691290000E-6	2.610600000E+0	2.999421631E+3	1.150392000E+3
-9.284220000E-5	-1.743440000E-6	2.621300000E+0	2.999421631E+3	1.151997000E+3
-9.284960000E-5	-1.721090000E-6	2.634800000E+0	2.999421631E+3	1.155048000E+3
-9.284220000E-5	-1.698740000E-6	2.647300000E+0	2.999421631E+3	1.157530000E+3
-9.273040000E-5	-1.735990000E-6	2.657400000E+0	2.999421631E+3	1.159850000E+3
-9.273780000E-5	-1.735990000E-6	2.667700000E+0	2.999421631E+3	1.161471000E+3
-9.272290000E-5	-1.765790000E-6	2.677800000E+0	2.999421631E+3	1.164026000E+3
-9.269310000E-5	-1.773250000E-6	2.688600000E+0	2.999421631E+3	1.165597000E+3
-9.267080000E-5	-1.840300000E-6	2.700200000E+0	2.999421631E+3	1.168140000E+3
-9.258140000E-5	-1.803050000E-6	2.710500000E+0	2.999421631E+3	1.170262000E+3
-9.256650000E-5	-1.803050000E-6	2.720800000E+0	2.999421631E+3	1.171869000E+3
-9.251430000E-5	-1.832850000E-6	2.731000000E+0	2.999421631E+3	1.174270000E+3
-9.254410000E-5	-1.825400000E-6	2.742300000E+0	2.999421631E+3	1.176797000E+3
-9.251430000E-5	-1.840300000E-6	2.752700000E+0	2.999421631E+3	1.178447000E+3
-9.246960000E-5	-1.862650000E-6	2.763400000E+0	2.999421631E+3	1.181185000E+3
-9.245470000E-5	-1.870100000E-6	2.774700000E+0	2.999421631E+3	1.182947000E+3
-9.238770000E-5	-1.855200000E-6	2.786000000E+0	2.999421631E+3	1.185349000E+3
-9.236530000E-5	-1.885000000E-6	2.797500000E+0	2.999421631E+3	1.187358000E+3
-9.229830000E-5	-1.914810000E-6	2.809000000E+0	2.999421631E+3	1.190055000E+3
-9.226100000E-5	-1.944620000E-6	2.820500000E+0	2.999421631E+3	1.192011000E+3
-9.217900000E-5	-1.966970000E-6	2.832100000E+0	2.999421631E+3	1.194792000E+3
-9.222380000E-5	-2.011670000E-6	2.843100000E+0	2.999421631E+3	1.196394000E+3
-9.217900000E-5	-1.996770000E-6	2.853800000E+0	2.999421631E+3	1.199341000E+3
-9.214920000E-5	-1.959520000E-6	2.864300000E+0	2.999421631E+3	1.200717000E+3
-9.207470000E-5	-2.019120000E-6	2.876400000E+0	2.999421631E+3	1.203550000E+3
-9.202260000E-5	-2.011670000E-6	2.888100000E+0	2.999421631E+3	1.205597000E+3
-9.200020000E-5	-2.063830000E-6	2.898300000E+0	2.999421631E+3	1.208052000E+3
-9.194810000E-5	-2.063830000E-6	2.910000000E+0	2.999421631E+3	1.209662000E+3
-9.185120000E-5	-2.048920000E-6	2.922000000E+0	2.999421631E+3	1.212711000E+3
-9.187360000E-5	-2.123430000E-6	2.935100000E+0	2.999421631E+3	1.214975000E+3
-9.171710000E-5	-2.145780000E-6	2.945600000E+0	2.999421631E+3	1.217319000E+3
-9.169480000E-5	-2.078730000E-6	2.956900000E+0	2.999421631E+3	1.219736000E+3
-9.165010000E-5	-2.160680000E-6	2.968300000E+0	2.999421631E+3	1.221973000E+3
-9.164260000E-5	-2.220290000E-6	2.978400000E+0	2.999421631E+3	1.224004000E+3
-9.162030000E-5	-2.138330000E-6	2.990300000E+0	2.999421631E+3	1.226022000E+3
-9.154570000E-5	-2.183030000E-6	3.001700000E+0	2.999421631E+3	1.228563000E+3
-9.156070000E-5	-2.183030000E-6	3.012600000E+0	2.999421631E+3	1.230583000E+3
-9.143400000E-5	-2.264990000E-6	3.022800000E+0	2.999421631E+3	1.232533000E+3
-9.135950000E-5	-2.250090000E-6	3.034900000E+0	2.999421631E+3	1.235328000E+3
-9.135200000E-5	-2.309690000E-6	3.044900000E+0	2.999421631E+3	1.236907000E+3
-9.125520000E-5	-2.302240000E-6	3.058300000E+0	2.999421631E+3	1.239887000E+3
-9.124030000E-5	-2.346950000E-6	3.069600000E+0	2.999421631E+3	1.241589000E+3
-9.118070000E-5	-2.279890000E-6	3.081500000E+0	2.999421631E+3	1.244415000E+3
-9.111360000E-5	-2.332050000E-6	3.091900000E+0	2.999421631E+3	1.246780000E+3
-9.109870000E-5	-2.332050000E-6	3.102500000E+0	2.999421631E+3	1.248519000E+3
-9.098700000E-5	-2.443800000E-6	3.113000000E+0	2.999421631E+3	1.251033000E+3
-9.095720000E-5	-2.406550000E-6	3.124600000E+0	2.999421631E+3	1.253048000E+3
-9.091990000E-5	-2.414000000E-6	3.135200000E+0	2.999421631E+3	1.255059000E+3
-9.079320000E-5	-2.488510000E-6	3.146000000E+0	2.999421631E+3	1.257481000E+3
-9.075600000E-5	-2.555560000E-6	3.157100000E+0	2.999421631E+3	1.259892000E+3
-9.070380000E-5	-2.488510000E-6	3.169200000E+0	2.999421631E+3	1.261496000E+3
-9.058460000E-5	-2.540660000E-6	3.181300000E+0	2.999421631E+3	1.264504000E+3
-9.057720000E-5	-2.600270000E-6	3.193000000E+0	2.999421631E+3	1.266497000E+3
-9.048030000E-5	-2.585370000E-6	3.204100000E+0	2.999421631E+3	1.268910000E+3
-9.039840000E-5	-2.607720000E-6	3.216200000E+0	2.999421631E+3	1.271345000E+3
-9.035370000E-5	-2.689670000E-6	3.226500000E+0	2.999421631E+3	1.273055000E+3
-9.030150000E-5	-2.630070000E-6	3.236600000E+0	2.999421631E+3	1.275598000E+3
-9.025680000E-5	-2.712030000E-6	3.247400000E+0	2.999421631E+3	1.277219000E+3
-9.010780000E-5	-2.734380000E-6	3.259300000E+0	2.999421631E+3	1.279994000E+3
-9.006310000E-5	-2.764180000E-6	3.271700000E+0	2.999421631E+3	1.282396000E+3
-8.992900000E-5	-2.853590000E-6	3.282000000E+0	2.999421631E+3	1.284418000E+3
-8.989920000E-5	-2.853590000E-6	3.292800000E+0	2.999421631E+3	1.286773000E+3
-8.979490000E-5	-2.883390000E-6	3.304200000E+0	2.999421631E+3	1.288927000E+3
-8.972780000E-5	-2.942990000E-6	3.315500000E+0	2.999421631E+3	1.291362000E+3
-8.960860000E-5	-2.875940000E-6	3.328600000E+0	2.999421631E+3	1.293471000E+3
-8.952660000E-5	-3.017500000E-6	3.339000000E+0	2.999421631E+3	1.295973000E+3
-8.945960000E-5	-3.039850000E-6	3.349000000E+0	2.999421631E+3	1.297969000E+3
-8.931800000E-5	-3.010050000E-6	3.359200000E+0	2.999421631E+3	1.300369000E+3
-8.922860000E-5	-3.062200000E-6	3.370000000E+0	2.999421631E+3	1.302404000E+3
-8.915410000E-5	-3.106910000E-6	3.381200000E+0	2.999421631E+3	1.303673000E+3
-8.907220000E-5	-3.099460000E-6	3.391400000E+0	2.999421631E+3	1.306523000E+3
-8.904980000E-5	-3.144160000E-6	3.402900000E+0	2.999421631E+3	1.308954000E+3
-8.884120000E-5	-3.278270000E-6	3.415100000E+0	2.999421631E+3	1.311358000E+3
-8.876670000E-5	-3.270820000E-6	3.425200000E+0	2.999421631E+3	1.313062000E+3
-8.864000000E-5	-3.308070000E-6	3.436500000E+0	2.999421631E+3	1.315829000E+3
-8.855060000E-5	-3.300620000E-6	3.446900000E+0	2.999421631E+3	1.317450000E+3
-8.842400000E-5	-3.390030000E-6	3.458800000E+0	2.999421631E+3	1.319823000E+3
-8.834950000E-5	-3.427280000E-6	3.470100000E+0	2.999421631E+3	1.322245000E+3
-8.820790000E-5	-3.501790000E-6	3.480700000E+0	2.999421631E+3	1.324087000E+3
-8.803650000E-5	-3.494340000E-6	3.492100000E+0	2.999421631E+3	1.326873000E+3
-8.797690000E-5	-3.583740000E-6	3.502300000E+0	2.999421631E+3	1.328550000E+3
-8.785770000E-5	-3.598640000E-6	3.513200000E+0	2.999421631E+3	1.330493000E+3
-8.774600000E-5	-3.740210000E-6	3.523800000E+0	2.999421631E+3	1.333316000E+3
-8.763420000E-5	-3.792360000E-6	3.534000000E+0	2.999421631E+3	1.335074000E+3
-8.751500000E-5	-3.792360000E-6	3.544000000E+0	2.999421631E+3	1.337015000E+3
-8.746280000E-5	-3.851980000E-6	3.554300000E+0	2.999421631E+3	1.338793000E+3
-8.721700000E-5	-3.933940000E-6	3.566000000E+0	2.999421631E+3	1.341163000E+3
-8.702320000E-5	-4.053140000E-6	3.576100000E+0	2.999421631E+3	1.343540000E+3
-8.694870000E-5	-4.045690000E-6	3.587900000E+0	2.999421631E+3	1.345546000E+3
-8.674760000E-5	-4.105300000E-6	3.597900000E+0	2.999421631E+3	1.347957000E+3
-8.660600000E-5	-4.127650000E-6	3.608400000E+0	2.999421631E+3	1.350139000E+3
-8.650920000E-5	-4.150000000E-6	3.619300000E+0	2.999421631E+3	1.351678000E+3
-8.632290000E-5	-4.276660000E-6	3.629800000E+0	2.999421631E+3	1.354323000E+3
-8.620370000E-5	-4.306460000E-6	3.639900000E+0	2.999421631E+3	1.356251000E+3
-8.602490000E-5	-4.418220000E-6	3.650400000E+0	2.999421631E+3	1.358257000E+3
-8.583860000E-5	-4.455480000E-6	3.664600000E+0	2.999421631E+3	1.361009000E+3
-8.557780000E-5	-4.582140000E-6	3.674800000E+0	2.999421631E+3	1.363422000E+3
-8.542140000E-5	-4.619390000E-6	3.686300000E+0	2.999421631E+3	1.365430000E+3
-8.529470000E-5	-4.738600000E-6	3.697400000E+0	2.999421631E+3	1.367666000E+3
-8.511590000E-5	-4.775850000E-6	3.707900000E+0	2.999421631E+3	1.370088000E+3
-8.492960000E-5	-4.783300000E-6	3.717900000E+0	2.999421631E+3	1.371678000E+3
-8.473590000E-5	-4.954670000E-6	3.728700000E+0	2.999421631E+3	1.374083000E+3
-8.452730000E-5	-4.991920000E-6	3.739100000E+0	2.999421631E+3	1.375738000E+3
-8.428890000E-5	-5.051520000E-6	3.751200000E+0	2.999421631E+3	1.378187000E+3
-8.399830000E-5	-5.148380000E-6	3.763900000E+0	2.999421631E+3	1.380998000E+3
-8.380460000E-5	-5.267590000E-6	3.776200000E+0	2.999421631E+3	1.383004000E+3
-8.349170000E-5	-5.327190000E-6	3.786900000E+0	2.999421631E+3	1.385817000E+3
-8.329050000E-5	-5.453850000E-6	3.798800000E+0	2.999421631E+3	1.387407000E+3
-8.303720000E-5	-5.602870000E-6	3.810600000E+0	2.999421631E+3	1.390371000E+3
-8.273920000E-5	-5.640120000E-6	3.822600000E+0	2.999421631E+3	1.392325000E+3
-8.242620000E-5	-5.833830000E-6	3.834400000E+0	2.999421631E+3	1.395123000E+3
-8.208350000E-5	-5.893440000E-6	3.846100000E+0	2.999421631E+3	1.397261000E+3
-8.183020000E-5	-6.020100000E-6	3.856900000E+0	2.999421631E+3	1.399669000E+3
-8.162900000E-5	-6.094600000E-6	3.867400000E+0	2.999421631E+3	1.401310000E+3
-8.123410000E-5	-6.273420000E-6	3.878300000E+0	2.999421631E+3	1.403778000E+3
-8.095100000E-5	-6.370280000E-6	3.889400000E+0	2.999421631E+3	1.406172000E+3
-8.065300000E-5	-6.459680000E-6	3.900800000E+0	2.999421631E+3	1.407972000E+3
-8.031030000E-5	-6.593790000E-6	3.911100000E+0	2.999421631E+3	1.410350000E+3
-7.992280000E-5	-6.787510000E-6	3.923600000E+0	2.999421631E+3	1.413107000E+3
-7.960990000E-5	-6.929070000E-6	3.933600000E+0	2.999421631E+3	1.414716000E+3
-7.924480000E-5	-7.055730000E-6	3.944100000E+0	2.999421631E+3	1.416765000E+3
-7.885740000E-5	-7.204740000E-6	3.954600000E+0	2.999421631E+3	1.419540000E+3
-7.853700000E-5	-7.286700000E-6	3.965700000E+0	2.999421631E+3	1.421164000E+3
-7.813470000E-5	-7.383550000E-6	3.976200000E+0	2.999421631E+3	1.423147000E+3
-7.765790000E-5	-7.569820000E-6	3.987700000E+0	2.999421631E+3	1.425906000E+3
-7.730770000E-5	-7.703960000E-6	3.998100000E+0	2.999421631E+3	1.427713000E+3
-7.685320000E-5	-7.867870000E-6	4.009000000E+0	2.999421631E+3	1.429787000E+3
-7.636150000E-5	-8.136090000E-6	4.020300000E+0	2.999421631E+3	1.432237000E+3
-7.586970000E-5	-8.203150000E-6	4.031600000E+0	2.999421631E+3	1.434569000E+3
-7.536310000E-5	-8.374510000E-6	4.042200000E+0	2.999421631E+3	1.436580000E+3
-7.498310000E-5	-8.538420000E-6	4.053600000E+0	2.999421631E+3	1.438567000E+3
-7.428280000E-5	-8.873700000E-6	4.064300000E+0	2.999421631E+3	1.441272000E+3
-7.379850000E-5	-8.978010000E-6	4.074800000E+0	2.999421631E+3	1.443314000E+3
-7.338870000E-5	-9.082320000E-6	4.085400000E+0	2.999421631E+3	1.444829000E+3
-7.262130000E-5	-9.320730000E-6	4.097700000E+0	2.999421631E+3	1.447635000E+3
-7.199540000E-5	-9.544250000E-6	4.108500000E+0	2.999421631E+3	1.449640000E+3
-7.131740000E-5	-9.857180000E-6	4.118700000E+0	2.999421631E+3	1.452050000E+3
-7.080330000E-5	-1.002110000E-5	4.130600000E+0	2.999421631E+3	1.454038000E+3
-7.002100000E-5	-1.026700000E-5	4.140700000E+0	2.999421631E+3	1.456059000E+3
-6.936540000E-5	-1.046810000E-5	4.151500000E+0	2.999421631E+3	1.458835000E+3
-6.876190000E-5	-1.069910000E-5	4.163100000E+0	2.999421631E+3	1.460511000E+3
-6.794230000E-5	-1.098220000E-5	4.173200000E+0	2.999421631E+3	1.462616000E+3
-6.714510000E-5	-1.126530000E-5	4.184600000E+0	2.999421631E+3	1.465084000E+3
-6.631060000E-5	-1.150380000E-5	4.196800000E+0	2.999421631E+3	1.467490000E+3
-6.543150000E-5	-1.173470000E-5	4.208300000E+0	2.999421631E+3	1.469480000E+3
-6.455230000E-5	-1.207000000E-5	4.218500000E+0	2.999421631E+3	1.471906000E+3
-6.386680000E-5	-1.230840000E-5	4.228900000E+0	2.999421631E+3	1.473908000E+3
-6.277910000E-5	-1.265860000E-5	4.240600000E+0	2.999421631E+3	1.476048000E+3
-6.165400000E-5	-1.295660000E-5	4.251700000E+0	2.999421631E+3	1.478551000E+3
-6.075970000E-5	-1.323230000E-5	4.264200000E+0	2.999421631E+3	1.480962000E+3
-5.957510000E-5	-1.356760000E-5	4.275900000E+0	2.999421631E+3	1.482985000E+3
-5.837550000E-5	-1.390280000E-5	4.287300000E+0	2.999421631E+3	1.485803000E+3
-5.739950000E-5	-1.415620000E-5	4.298100000E+0	2.999421631E+3	1.487764000E+3
-5.642350000E-5	-1.440200000E-5	4.308300000E+0	2.999421631E+3	1.489344000E+3
-5.508240000E-5	-1.481930000E-5	4.318700000E+0	2.999421631E+3	1.492154000E+3
-5.403180000E-5	-1.510980000E-5	4.332000000E+0	2.999421631E+3	1.494176000E+3
-5.202020000E-5	-1.557180000E-5	4.344800000E+0	2.999421631E+3	1.497479000E+3
-5.087280000E-5	-1.584010000E-5	4.356500000E+0	2.999421631E+3	1.499520000E+3
-4.944230000E-5	-1.622000000E-5	4.367300000E+0	2.999421631E+3	1.501497000E+3
-4.839180000E-5	-1.642120000E-5	4.378200000E+0	2.999421631E+3	1.503487000E+3
-4.676010000E-5	-1.676390000E-5	4.388300000E+0	2.999421631E+3	1.506011000E+3
-4.562010000E-5	-1.703960000E-5	4.400000000E+0	2.999421631E+3	1.508051000E+3
-4.398850000E-5	-1.727800000E-5	4.411200000E+0	2.999421631E+3	1.510054000E+3
-4.255790000E-5	-1.757600000E-5	4.421400000E+0	2.999421631E+3	1.512528000E+3
-4.117960000E-5	-1.777720000E-5	4.432900000E+0	2.999421631E+3	1.514542000E+3
-3.928710000E-5	-1.794860000E-5	4.443000000E+0	2.999421631E+3	1.517008000E+3
-3.749900000E-5	-1.811990000E-5	4.456400000E+0	2.999421631E+3	1.519497000E+3
-3.581520000E-5	-1.838810000E-5	4.467800000E+0	2.999421631E+3	1.521927000E+3
-3.445920000E-5	-1.847010000E-5	4.479000000E+0	2.999421631E+3	1.523553000E+3
-3.275300000E-5	-1.847760000E-5	4.489300000E+0	2.999421631E+3	1.525913000E+3
-3.081580000E-5	-1.837320000E-5	4.502600000E+0	2.999421631E+3	1.528671000E+3
-2.872960000E-5	-1.833600000E-5	4.512800000E+0	2.999421631E+3	1.531111000E+3
-2.772370000E-5	-1.819440000E-5	4.522900000E+0	2.999421631E+3	1.532673000E+3
-2.602500000E-5	-1.800820000E-5	4.534200000E+0	2.999421631E+3	1.534812000E+3
-2.393140000E-5	-1.744940000E-5	4.546200000E+0	2.999421631E+3	1.537585000E+3
-2.280630000E-5	-1.716630000E-5	4.557500000E+0	2.999421631E+3	1.539196000E+3
-2.073510000E-5	-1.657770000E-5	4.568800000E+0	2.999421631E+3	1.542008000E+3
-1.949080000E-5	-1.624240000E-5	4.580100000E+0	2.999421631E+3	1.544004000E+3
-1.771010000E-5	-1.560160000E-5	4.591700000E+0	2.999421631E+3	1.546117000E+3
-1.598160000E-5	-1.482670000E-5	4.603700000E+0	2.999421631E+3	1.549117000E+3
-1.490120000E-5	-1.423070000E-5	4.615300000E+0	2.999421631E+3	1.551088000E+3
-1.347820000E-5	-1.339620000E-5	4.625700000E+0	2.999421631E+3	1.553098000E+3
-1.198800000E-5	-1.251700000E-5	4.638500000E+0	2.999421631E+3	1.555845000E+3
-1.095990000E-5	-1.166770000E-5	4.649200000E+0	2.999421631E+3	1.558298000E+3
-1.038620000E-5	-1.115360000E-5	4.660000000E+0	2.999421631E+3	1.559898000E+3
-9.387790000E-6	-1.026700000E-5	4.672900000E+0	2.999421631E+3	1.562784000E+3
-8.821550000E-6	-9.588960000E-6	4.685300000E+0	2.999421631E+3	1.565225000E+3
-8.367060000E-6	-8.896050000E-6	4.698100000E+0	2.999421631E+3	1.567237000E+3
-7.815720000E-6	-8.367060000E-6	4.709700000E+0	2.999421631E+3	1.570036000E+3
-7.554920000E-6	-7.987080000E-6	4.720300000E+0	2.999421631E+3	1.572404000E+3
-7.338850000E-6	-7.681610000E-6	4.732500000E+0	2.999421631E+3	1.574482000E+3
-7.033380000E-6	-7.256890000E-6	4.744900000E+0	2.999421631E+3	1.577329000E+3
-6.802410000E-6	-7.063180000E-6	4.755600000E+0	2.999421631E+3	1.579388000E+3
-6.608690000E-6	-6.802410000E-6	4.766800000E+0	2.999421631E+3	1.581309000E+3
-6.340470000E-6	-6.601240000E-6	4.778400000E+0	2.999421631E+3	1.583363000E+3
-6.273420000E-6	-6.422430000E-6	4.789000000E+0	2.999421631E+3	1.585764000E+3
-6.057350000E-6	-6.139310000E-6	4.800600000E+0	2.999421631E+3	1.588507000E+3
-5.938140000E-6	-5.960490000E-6	4.814000000E+0	2.999421631E+3	1.590635000E+3
-5.818930000E-6	-5.722080000E-6	4.824200000E+0	2.999421631E+3	1.592380000E+3
-5.692270000E-6	-5.610320000E-6	4.836600000E+0	2.999421631E+3	1.595569000E+3
-5.543260000E-6	-5.327190000E-6	4.848000000E+0	2.999421631E+3	1.597238000E+3
-5.409150000E-6	-5.155830000E-6	4.859500000E+0	2.999421631E+3	1.599977000E+3
-5.386800000E-6	-4.932310000E-6	4.869500000E+0	2.999421631E+3	1.602006000E+3
-5.275040000E-6	-4.790750000E-6	4.880100000E+0	2.999421631E+3	1.604377000E+3
-5.185630000E-6	-4.664090000E-6	4.892300000E+0	2.999421631E+3	1.606437000E+3
-4.969570000E-6	-4.470380000E-6	4.903400000E+0	2.999421631E+3	1.608760000E+3
-4.947210000E-6	-4.291560000E-6	4.913500000E+0	2.999421631E+3	1.611305000E+3
-4.880160000E-6	-4.172350000E-6	4.925100000E+0	2.999421631E+3	1.613298000E+3
-4.746050000E-6	-4.060600000E-6	4.935400000E+0	2.999421631E+3	1.614955000E+3
-4.693890000E-6	-3.874330000E-6	4.946800000E+0	2.999421631E+3	1.617420000E+3
-4.649190000E-6	-3.695500000E-6	4.957500000E+0	2.999421631E+3	1.619898000E+3
-4.626840000E-6	-3.635900000E-6	4.968200000E+0	2.999421631E+3	1.621428000E+3
-4.462930000E-6	-3.382580000E-6	4.978800000E+0	2.999421631E+3	1.624267000E+3
-4.485280000E-6	-3.330420000E-6	4.990200000E+0	2.999421631E+3	1.625832000E+3
-4.336270000E-6	-3.181410000E-6	5.001200000E+0	2.999421631E+3	1.628613000E+3
-4.358620000E-6	-3.106910000E-6	5.012300000E+0	2.999421631E+3	1.630220000E+3
-4.246860000E-6	-2.972800000E-6	5.023500000E+0	2.999421631E+3	1.633073000E+3
-4.172350000E-6	-2.786530000E-6	5.036800000E+0	2.999421631E+3	1.635544000E+3
-4.112750000E-6	-2.726930000E-6	5.047500000E+0	2.999421631E+3	1.637150000E+3
-4.127650000E-6	-2.592820000E-6	5.059300000E+0	2.999421631E+3	1.639985000E+3
-4.090400000E-6	-2.421450000E-6	5.070700000E+0	2.999421631E+3	1.642493000E+3
-4.045690000E-6	-2.414000000E-6	5.081200000E+0	2.999421631E+3	1.644109000E+3
-4.053140000E-6	-2.220290000E-6	5.093000000E+0	2.999421631E+3	1.646893000E+3
-3.904130000E-6	-2.153230000E-6	5.103900000E+0	2.999421631E+3	1.649296000E+3
-3.904130000E-6	-2.071280000E-6	5.115200000E+0	2.999421631E+3	1.650487000E+3
-3.859430000E-6	-1.855200000E-6	5.126300000E+0	2.999421631E+3	1.653673000E+3
-3.889230000E-6	-1.840300000E-6	5.137800000E+0	2.999421631E+3	1.655677000E+3
-3.807260000E-6	-1.735990000E-6	5.149000000E+0	2.999421631E+3	1.658115000E+3
-3.755110000E-6	-1.654040000E-6	5.164600000E+0	2.999421631E+3	1.660698000E+3
-3.732760000E-6	-1.579530000E-6	5.177100000E+0	2.999421631E+3	1.663398000E+3
-3.658250000E-6	-1.460320000E-6	5.188000000E+0	2.999421631E+3	1.665540000E+3
-3.635900000E-6	-1.318760000E-6	5.199300000E+0	2.999421631E+3	1.668338000E+3
-3.576290000E-6	-1.288960000E-6	5.210700000E+0	2.999421631E+3	1.669941000E+3
-3.546490000E-6	-1.244250000E-6	5.222000000E+0	2.999421631E+3	1.672752000E+3
-3.591190000E-6	-1.102690000E-6	5.232500000E+0	2.999421631E+3	1.674727000E+3
-3.576290000E-6	-1.080340000E-6	5.245700000E+0	2.999421631E+3	1.677172000E+3
-3.516690000E-6	-9.089740000E-7	5.255900000E+0	2.999421631E+3	1.679654000E+3
-3.434730000E-6	-8.568200000E-7	5.267800000E+0	2.999421631E+3	1.681583000E+3
-3.464530000E-6	-8.195680000E-7	5.279000000E+0	2.999421631E+3	1.683670000E+3
-3.449630000E-6	-7.599630000E-7	5.289700000E+0	2.999421631E+3	1.686937000E+3
-3.390030000E-6	-7.078090000E-7	5.301400000E+0	2.999421631E+3	1.688483000E+3
-3.367680000E-6	-6.631050000E-7	5.311500000E+0	2.999421631E+3	1.690074000E+3
-3.434730000E-6	-6.258520000E-7	5.322300000E+0	2.999421631E+3	1.692845000E+3
-3.434730000E-6	-6.407540000E-7	5.334000000E+0	2.999421631E+3	1.694604000E+3
-3.360230000E-6	-4.619380000E-7	5.344900000E+0	2.999421631E+3	1.697049000E+3
-3.404930000E-6	-4.470370000E-7	5.355600000E+0	2.999421631E+3	1.699413000E+3
-3.419830000E-6	-4.470370000E-7	5.367100000E+0	2.999421631E+3	1.701412000E+3
-3.375130000E-6	-3.278270000E-7	5.379400000E+0	2.999421631E+3	1.704226000E+3
-3.322970000E-6	-3.203770000E-7	5.390800000E+0	2.999421631E+3	1.706206000E+3
-3.337870000E-6	-2.682230000E-7	5.402200000E+0	2.999421631E+3	1.708617000E+3
-3.367680000E-6	-2.011670000E-7	5.413100000E+0	2.999421631E+3	1.710603000E+3
-3.345330000E-6	-1.788150000E-7	5.426900000E+0	2.999421631E+3	1.713494000E+3
-3.337870000E-6	-1.937160000E-7	5.438600000E+0	2.999421631E+3	1.716069000E+3
-3.360230000E-6	-1.341110000E-7	5.450000000E+0	2.999421631E+3	1.718182000E+3
-3.218670000E-6	-5.960510000E-8	5.460500000E+0	2.999421631E+3	1.720491000E+3
-3.278270000E-6	-5.960510000E-8	5.471700000E+0	2.999421631E+3	1.722458000E+3
-3.248470000E-6	7.450640000E-9	5.482000000E+0	2.999421631E+3	1.724609000E+3
-3.255920000E-6	5.960510000E-8	5.493000000E+0	2.999421631E+3	1.726905000E+3
-3.226120000E-6	1.192100000E-7	5.504600000E+0	2.999421631E+3	1.728479000E+3
-3.337870000E-6	1.266610000E-7	5.516500000E+0	2.999421631E+3	1.731320000E+3
-3.308070000E-6	1.862650000E-7	5.528700000E+0	2.999421631E+3	1.733795000E+3
-3.248470000E-6	1.639140000E-7	5.538700000E+0	2.999421631E+3	1.736261000E+3
-3.255920000E-6	1.862650000E-7	5.548800000E+0	2.999421631E+3	1.737803000E+3
-3.255920000E-6	1.490130000E-7	5.560800000E+0	2.999421631E+3	1.740207000E+3
-3.248470000E-6	2.011670000E-7	5.571500000E+0	2.999421631E+3	1.742639000E+3
-3.270820000E-6	2.309690000E-7	5.584500000E+0	2.999421631E+3	1.744994000E+3
-3.218670000E-6	2.309690000E-7	5.596000000E+0	2.999421631E+3	1.746996000E+3
-3.218670000E-6	3.203770000E-7	5.606400000E+0	2.999421631E+3	1.749046000E+3
-3.203760000E-6	3.054760000E-7	5.616600000E+0	2.999421631E+3	1.751400000E+3
-3.218670000E-6	2.607720000E-7	5.627900000E+0	2.999421631E+3	1.753990000E+3
-3.226120000E-6	3.129260000E-7	5.639200000E+0	2.999421631E+3	1.755938000E+3
-3.255920000E-6	3.501790000E-7	5.650700000E+0	2.999421631E+3	1.758380000E+3
-3.218670000E-6	3.576300000E-7	5.662400000E+0	2.999421631E+3	1.760335000E+3
-3.211210000E-6	3.725310000E-7	5.674100000E+0	2.999421631E+3	1.763129000E+3
-3.233570000E-6	3.725310000E-7	5.684400000E+0	2.999421631E+3	1.764738000E+3
-3.203760000E-6	2.905740000E-7	5.695000000E+0	2.999421631E+3	1.766913000E+3
-3.196310000E-6	3.501790000E-7	5.705300000E+0	2.999421631E+3	1.769279000E+3
-3.196310000E-6	3.799810000E-7	5.716000000E+0	2.999421631E+3	1.771667000E+3
-3.233570000E-6	4.172340000E-7	5.727500000E+0	2.999421631E+3	1.773676000E+3
-3.241020000E-6	3.725310000E-7	5.741000000E+0	2.999421631E+3	1.776604000E+3
-3.233570000E-6	4.395860000E-7	5.751300000E+0	2.999421631E+3	1.778232000E+3
-3.211210000E-6	4.395860000E-7	5.762300000E+0	2.999421631E+3	1.780219000E+3
-3.233570000E-6	4.470370000E-7	5.774500000E+0	2.999421631E+3	1.783084000E+3
-3.203760000E-6	4.544870000E-7	5.785700000E+0	2.999421631E+3	1.785404000E+3
-3.248470000E-6	4.246850000E-7	5.798700000E+0	2.999421631E+3	1.787387000E+3
-3.203760000E-6	5.364450000E-7	5.811300000E+0	2.999421631E+3	1.790336000E+3
-3.188860000E-6	5.066430000E-7	5.822700000E+0	2.999421631E+3	1.792734000E+3
-3.218670000E-6	4.395860000E-7	5.836000000E+0	2.999421631E+3	1.795178000E+3
-3.196310000E-6	4.917420000E-7	5.847100000E+0	2.999421631E+3	1.797533000E+3
-3.218670000E-6	4.693880000E-7	5.857300000E+0	2.999421631E+3	1.799629000E+3
-3.166510000E-6	4.321350000E-7	5.868500000E+0	2.999421631E+3	1.801529000E+3
-3.218670000E-6	4.395860000E-7	5.878900000E+0	2.999421631E+3	1.803936000E+3
-3.218670000E-6	4.693880000E-7	5.891800000E+0	2.999421631E+3	1.806763000E+3
-3.226120000E-6	5.513470000E-7	5.903800000E+0	2.999421631E+3	1.808726000E+3
-3.173960000E-6	5.215440000E-7	5.915900000E+0	2.999421631E+3	1.811534000E+3
-3.226120000E-6	4.395860000E-7	5.926800000E+0	2.999421631E+3	1.813445000E+3
-3.211210000E-6	5.066430000E-7	5.938100000E+0	2.999421631E+3	1.815705000E+3
-3.226120000E-6	5.364450000E-7	5.949500000E+0	2.999421631E+3	1.817705000E+3
-3.278270000E-6	4.991930000E-7	5.959700000E+0	2.999421631E+3	1.820056000E+3
-3.188860000E-6	4.470370000E-7	5.970100000E+0	2.999421631E+3	1.822483000E+3
-3.181410000E-6	4.619380000E-7	5.981600000E+0	2.999421631E+3	1.824217000E+3
-3.203760000E-6	5.289950000E-7	5.994100000E+0	2.999421631E+3	1.826633000E+3
-3.173960000E-6	5.066430000E-7	6.004400000E+0	2.999421631E+3	1.830647000E+3
