20250501_HM451MoTaZr2_chiAC_vs_T_B_0T.002.txt Thu, May 1, 2025 2:25:15 PM Juan
Magnet: None
Trigger spacing of 0.010000 on column #3
Offsets:	0.000000000E+0	0.000000000E+0	0.000000000E+0	0.000000000E+0	0.000000000E+0

Scale Factors:	1.000000000E+0	1.000000000E+0	1.000000000E+0	1.000000000E+0	1.000000000E+0

0T
Lockin_V_002	Chan2_V_002	Temperature_002	Field_002	Timestamp_002
-3.725310000E-7	5.513470000E-7	6.000100000E+0	2.858541012E-1	2.800000000E-2
-4.395860000E-7	5.438960000E-7	5.987500000E+0	2.858541012E-1	7.675100000E+1
-3.799810000E-7	4.768410000E-7	5.974700000E+0	2.858541012E-1	7.874500000E+1
-4.395860000E-7	4.097840000E-7	5.963800000E+0	2.858541012E-1	8.049700000E+1
-4.768410000E-7	3.129260000E-7	5.952200000E+0	2.858541012E-1	8.286800000E+1
-4.172340000E-7	1.639140000E-7	5.940400000E+0	2.858541012E-1	8.568300000E+1
-5.513470000E-7	7.450640000E-9	5.930200000E+0	2.858541012E-1	8.765900000E+1
-5.140940000E-7	-8.940740000E-8	5.919100000E+0	2.858541012E-1	8.968700000E+1
-5.736980000E-7	-2.607720000E-7	5.908100000E+0	2.858541012E-1	9.144600000E+1
-6.184020000E-7	-4.544870000E-7	5.896800000E+0	2.858541012E-1	9.423800000E+1
-7.376110000E-7	-6.705560000E-7	5.886000000E+0	2.858541012E-1	9.665000000E+1
-7.152590000E-7	-8.270180000E-7	5.873700000E+0	2.858541012E-1	9.868300000E+1
-8.046660000E-7	-1.117590000E-6	5.863000000E+0	2.858541012E-1	1.006220000E+2
-9.238760000E-7	-1.341110000E-6	5.851800000E+0	2.858541012E-1	1.034660000E+2
-9.536820000E-7	-1.549730000E-6	5.840100000E+0	2.858541012E-1	1.054130000E+2
-1.132500000E-6	-1.885000000E-6	5.829800000E+0	2.858541012E-1	1.074240000E+2
-1.207000000E-6	-2.160680000E-6	5.819100000E+0	2.858541012E-1	1.098220000E+2
-1.378360000E-6	-2.443800000E-6	5.807600000E+0	2.858541012E-1	1.122340000E+2
-1.579530000E-6	-2.697120000E-6	5.796700000E+0	2.858541012E-1	1.137860000E+2
-1.698740000E-6	-3.054750000E-6	5.786600000E+0	2.858541012E-1	1.162490000E+2
-1.914810000E-6	-3.360230000E-6	5.776300000E+0	2.858541012E-1	1.182510000E+2
-2.138330000E-6	-3.837080000E-6	5.764600000E+0	2.858541012E-1	1.210180000E+2
-2.272440000E-6	-4.015890000E-6	5.753800000E+0	2.858541012E-1	1.226140000E+2
-2.577920000E-6	-4.470380000E-6	5.742200000E+0	2.858541012E-1	1.250340000E+2
-2.861040000E-6	-4.842910000E-6	5.731900000E+0	2.858541012E-1	1.274150000E+2
-3.114360000E-6	-5.163280000E-6	5.721400000E+0	2.858541012E-1	1.294430000E+2
-3.427280000E-6	-5.677370000E-6	5.710500000E+0	2.858541012E-1	1.314520000E+2
-3.762560000E-6	-6.087150000E-6	5.699800000E+0	2.858541012E-1	1.338040000E+2
-4.097850000E-6	-6.437330000E-6	5.688200000E+0	2.858541012E-1	1.358240000E+2
-4.522530000E-6	-6.899270000E-6	5.677300000E+0	2.858541012E-1	1.377990000E+2
-4.954670000E-6	-7.353750000E-6	5.665800000E+0	2.858541012E-1	1.403670000E+2
-5.416600000E-6	-7.771010000E-6	5.655500000E+0	2.858541012E-1	1.427380000E+2
-5.856190000E-6	-8.225500000E-6	5.642700000E+0	2.858541012E-1	1.447340000E+2
-6.504390000E-6	-8.806640000E-6	5.631600000E+0	2.858541012E-1	1.472760000E+2
-7.003570000E-6	-9.253680000E-6	5.620200000E+0	2.858541012E-1	1.495320000E+2
-7.547470000E-6	-9.663460000E-6	5.609400000E+0	2.858541012E-1	1.521310000E+2
-8.009430000E-6	-9.983840000E-6	5.598400000E+0	2.858541012E-1	1.537950000E+2
-8.851350000E-6	-1.055010000E-5	5.586000000E+0	2.858541012E-1	1.562170000E+2
-9.544250000E-6	-1.107160000E-5	5.573800000E+0	2.858541012E-1	1.590540000E+2
-1.011790000E-5	-1.139940000E-5	5.561700000E+0	2.858541012E-1	1.609070000E+2
-1.110140000E-5	-1.195820000E-5	5.549600000E+0	2.858541012E-1	1.636860000E+2
-1.189860000E-5	-1.236800000E-5	5.537500000E+0	2.858541012E-1	1.660760000E+2
-1.272560000E-5	-1.279270000E-5	5.524500000E+0	2.858541012E-1	1.687350000E+2
-1.367930000E-5	-1.317270000E-5	5.514400000E+0	2.858541012E-1	1.708580000E+2
-1.432010000E-5	-1.350800000E-5	5.503500000E+0	2.858541012E-1	1.728750000E+2
-1.509490000E-5	-1.379110000E-5	5.493300000E+0	2.858541012E-1	1.751720000E+2
-1.598910000E-5	-1.405930000E-5	5.480400000E+0	2.858541012E-1	1.772210000E+2
-1.722590000E-5	-1.435730000E-5	5.468500000E+0	2.858541012E-1	1.800710000E+2
-1.801560000E-5	-1.463300000E-5	5.458100000E+0	2.858541012E-1	1.823930000E+2
-1.866380000E-5	-1.474480000E-5	5.447000000E+0	2.858541012E-1	1.836760000E+2
-1.998260000E-5	-1.502040000E-5	5.434500000E+0	2.858541012E-1	1.866290000E+2
-2.085430000E-5	-1.519920000E-5	5.424200000E+0	2.858541012E-1	1.886090000E+2
-2.197930000E-5	-1.526640000E-5	5.412400000E+0	2.858541012E-1	1.913930000E+2
-2.264240000E-5	-1.538560000E-5	5.401200000E+0	2.858541012E-1	1.930100000E+2
-2.387180000E-5	-1.548240000E-5	5.389200000E+0	2.858541012E-1	1.952940000E+2
-2.488510000E-5	-1.549730000E-5	5.378500000E+0	2.858541012E-1	1.982500000E+2
-2.556310000E-5	-1.556440000E-5	5.368000000E+0	2.858541012E-1	1.996870000E+2
-2.671790000E-5	-1.559420000E-5	5.357100000E+0	2.858541012E-1	2.017060000E+2
-2.796210000E-5	-1.558670000E-5	5.344200000E+0	2.858541012E-1	2.046110000E+2
-2.907970000E-5	-1.549730000E-5	5.332000000E+0	2.858541012E-1	2.074120000E+2
-3.013030000E-5	-1.532600000E-5	5.319100000E+0	2.858541012E-1	2.094870000E+2
-3.147890000E-5	-1.530360000E-5	5.306000000E+0	2.858541012E-1	2.123390000E+2
-3.261890000E-5	-1.506510000E-5	5.294800000E+0	2.858541012E-1	2.151440000E+2
-3.329690000E-5	-1.490120000E-5	5.284400000E+0	2.858541012E-1	2.167190000E+2
-3.431020000E-5	-1.476710000E-5	5.273200000E+0	2.858541012E-1	2.184870000E+2
-3.529360000E-5	-1.461060000E-5	5.262400000E+0	2.858541012E-1	2.214550000E+2
-3.612060000E-5	-1.433500000E-5	5.249600000E+0	2.858541012E-1	2.232980000E+2
-3.726800000E-5	-1.411890000E-5	5.238700000E+0	2.858541012E-1	2.253020000E+2
-3.827390000E-5	-1.388050000E-5	5.226700000E+0	2.858541012E-1	2.281980000E+2
-3.917540000E-5	-1.364950000E-5	5.216000000E+0	2.858541012E-1	2.305090000E+2
-4.008440000E-5	-1.328440000E-5	5.203000000E+0	2.858541012E-1	2.324870000E+2
-4.110510000E-5	-1.298640000E-5	5.191700000E+0	2.858541012E-1	2.352880000E+2
-4.199920000E-5	-1.274800000E-5	5.179100000E+0	2.858541012E-1	2.376700000E+2
-4.286340000E-5	-1.246490000E-5	5.168500000E+0	2.858541012E-1	2.396630000E+2
-4.377240000E-5	-1.212960000E-5	5.156700000E+0	2.858541012E-1	2.421150000E+2
-4.468140000E-5	-1.184650000E-5	5.145500000E+0	2.858541012E-1	2.444970000E+2
-4.537430000E-5	-1.158570000E-5	5.133400000E+0	2.858541012E-1	2.468610000E+2
-4.617890000E-5	-1.116100000E-5	5.122200000E+0	2.858541012E-1	2.488840000E+2
-4.718480000E-5	-1.080340000E-5	5.111500000E+0	2.858541012E-1	2.513790000E+2
-4.788510000E-5	-1.052770000E-5	5.100600000E+0	2.858541012E-1	2.536560000E+2
-4.847370000E-5	-1.020740000E-5	5.087500000E+0	2.858541012E-1	2.556610000E+2
-4.934540000E-5	-9.872080000E-6	5.077500000E+0	2.858541012E-1	2.579700000E+2
-5.009050000E-5	-9.492100000E-6	5.067400000E+0	2.858541012E-1	2.604840000E+2
-5.062690000E-5	-9.313280000E-6	5.055900000E+0	2.858541012E-1	2.623030000E+2
-5.127510000E-5	-8.866250000E-6	5.045200000E+0	2.858541012E-1	2.643220000E+2
-5.205740000E-5	-8.426660000E-6	5.034400000E+0	2.858541012E-1	2.668440000E+2
-5.261620000E-5	-8.158440000E-6	5.021800000E+0	2.858541012E-1	2.691100000E+2
-5.323460000E-5	-7.681610000E-6	5.010500000E+0	2.858541012E-1	2.709870000E+2
-5.390520000E-5	-7.443160000E-6	4.999200000E+0	2.858541012E-1	2.737710000E+2
-5.434480000E-5	-7.130230000E-6	4.988600000E+0	2.858541012E-1	2.757750000E+2
-5.494080000E-5	-6.787510000E-6	4.977800000E+0	2.858541012E-1	2.776550000E+2
-5.554430000E-5	-6.459680000E-6	4.966800000E+0	2.858541012E-1	2.801670000E+2
-5.624470000E-5	-6.131860000E-6	4.953800000E+0	2.858541012E-1	2.831200000E+2
-5.684070000E-5	-5.960490000E-6	4.941400000E+0	2.858541012E-1	2.850040000E+2
-5.758580000E-5	-5.811480000E-6	4.929700000E+0	2.858541012E-1	2.879190000E+2
-5.827870000E-5	-5.766780000E-6	4.918800000E+0	2.858541012E-1	2.904590000E+2
-5.890450000E-5	-5.908340000E-6	4.906600000E+0	2.858541012E-1	2.917570000E+2
-6.006680000E-5	-6.236170000E-6	4.895500000E+0	2.858541012E-1	2.947410000E+2
-6.163170000E-5	-6.690650000E-6	4.882700000E+0	2.858541012E-1	2.970410000E+2
-6.379230000E-5	-7.115330000E-6	4.872500000E+0	2.858541012E-1	2.990240000E+2
-6.680980000E-5	-7.219640000E-6	4.860700000E+0	2.858541012E-1	3.018970000E+2
-6.952930000E-5	-7.018480000E-6	4.849900000E+0	2.858541012E-1	3.037780000E+2
-7.214440000E-5	-6.660850000E-6	4.837800000E+0	2.858541012E-1	3.058070000E+2
-7.582500000E-5	-6.109510000E-6	4.826500000E+0	2.858541012E-1	3.085650000E+2
-7.779200000E-5	-5.759330000E-6	4.815600000E+0	2.858541012E-1	3.106070000E+2
-8.017620000E-5	-5.237790000E-6	4.803100000E+0	2.858541012E-1	3.130850000E+2
-8.218040000E-5	-4.760950000E-6	4.792200000E+0	2.858541012E-1	3.148840000E+2
-8.413990000E-5	-4.164900000E-6	4.780700000E+0	2.858541012E-1	3.177640000E+2
-8.547350000E-5	-3.844530000E-6	4.769400000E+0	2.858541012E-1	3.198720000E+2
-8.680720000E-5	-3.509240000E-6	4.758500000E+0	2.858541012E-1	3.216550000E+2
-8.805890000E-5	-2.995150000E-6	4.747200000E+0	2.858541012E-1	3.241660000E+2
-8.905730000E-5	-2.786530000E-6	4.734600000E+0	2.858541012E-1	3.268390000E+2
-9.004070000E-5	-2.466160000E-6	4.724100000E+0	2.858541012E-1	3.288370000E+2
-9.109870000E-5	-2.145780000E-6	4.710600000E+0	2.858541012E-1	3.315440000E+2
-9.197790000E-5	-1.855200000E-6	4.697400000E+0	2.858541012E-1	3.341490000E+2
-9.258140000E-5	-1.586980000E-6	4.687300000E+0	2.858541012E-1	3.361550000E+2
-9.313270000E-5	-1.467770000E-6	4.675300000E+0	2.858541012E-1	3.384530000E+2
-9.363940000E-5	-1.251700000E-6	4.665000000E+0	2.858541012E-1	3.400940000E+2
-9.415350000E-5	-1.035640000E-6	4.653100000E+0	2.858541012E-1	3.429340000E+2
-9.441420000E-5	-9.387770000E-7	4.641300000E+0	2.858541012E-1	3.452300000E+2
-9.483150000E-5	-7.227100000E-7	4.630700000E+0	2.858541012E-1	3.472040000E+2
-9.500280000E-5	-6.184020000E-7	4.619700000E+0	2.858541012E-1	3.498700000E+2
-9.521890000E-5	-4.842910000E-7	4.608400000E+0	2.858541012E-1	3.520080000E+2
-9.538280000E-5	-4.619380000E-7	4.597900000E+0	2.858541012E-1	3.536220000E+2
-9.548710000E-5	-4.395860000E-7	4.587400000E+0	2.858541012E-1	3.558800000E+2
-9.564360000E-5	-3.203770000E-7	4.576700000E+0	2.858541012E-1	3.584290000E+2
-9.570320000E-5	-3.203770000E-7	4.565300000E+0	2.858541012E-1	3.605610000E+2
-9.591920000E-5	-2.011670000E-7	4.554900000E+0	2.858541012E-1	3.627000000E+2
-9.591920000E-5	-2.309690000E-7	4.544700000E+0	2.858541012E-1	3.646740000E+2
-9.605340000E-5	-2.011670000E-7	4.531700000E+0	2.858541012E-1	3.671030000E+2
-9.604590000E-5	-1.490130000E-7	4.519900000E+0	2.858541012E-1	3.691080000E+2
-9.620980000E-5	-1.341110000E-7	4.509400000E+0	2.858541012E-1	3.720170000E+2
-9.618000000E-5	-1.192100000E-7	4.496200000E+0	2.858541012E-1	3.739870000E+2
-9.629180000E-5	-2.980250000E-8	4.483300000E+0	2.858541012E-1	3.768050000E+2
-9.629180000E-5	-6.705570000E-8	4.472700000E+0	2.858541012E-1	3.792080000E+2
-9.635140000E-5	0.000000000E+0	4.460900000E+0	2.858541012E-1	3.811280000E+2
-9.645570000E-5	-2.980250000E-8	4.449000000E+0	2.858541012E-1	3.840350000E+2
-9.645570000E-5	2.235190000E-8	4.434800000E+0	2.858541012E-1	3.865770000E+2
-9.641100000E-5	0.000000000E+0	4.423800000E+0	2.858541012E-1	3.886730000E+2
-9.647800000E-5	7.450640000E-9	4.411200000E+0	2.858541012E-1	3.913220000E+2
-9.651530000E-5	7.450640000E-9	4.401000000E+0	2.858541012E-1	3.933880000E+2
-9.661210000E-5	5.960510000E-8	4.390500000E+0	2.858541012E-1	3.956020000E+2
-9.654510000E-5	5.960510000E-8	4.379600000E+0	2.858541012E-1	3.976060000E+2
-9.665680000E-5	3.725310000E-8	4.368600000E+0	2.858541012E-1	4.002090000E+2
-9.663450000E-5	4.470370000E-8	4.358400000E+0	2.858541012E-1	4.015110000E+2
-9.666430000E-5	5.960510000E-8	4.347300000E+0	2.858541012E-1	4.044570000E+2
-9.671650000E-5	6.705570000E-8	4.334900000E+0	2.858541012E-1	4.063040000E+2
-9.671650000E-5	1.266610000E-7	4.322700000E+0	2.858541012E-1	4.091840000E+2
-9.668670000E-5	6.705570000E-8	4.312500000E+0	2.858541012E-1	4.108660000E+2
-9.678350000E-5	5.215430000E-8	4.301200000E+0	2.858541012E-1	4.136350000E+2
-9.678350000E-5	5.960510000E-8	4.290500000E+0	2.858541012E-1	4.150480000E+2
-9.679100000E-5	1.788150000E-7	4.279300000E+0	2.858541012E-1	4.180020000E+2
-9.682080000E-5	1.862650000E-7	4.267400000E+0	2.858541012E-1	4.198650000E+2
-9.682820000E-5	1.862650000E-7	4.256700000E+0	2.858541012E-1	4.223950000E+2
-9.680590000E-5	1.862650000E-7	4.246600000E+0	2.858541012E-1	4.245250000E+2
-9.684310000E-5	1.266610000E-7	4.233900000E+0	2.858541012E-1	4.266340000E+2
-9.688040000E-5	1.043090000E-7	4.223100000E+0	2.858541012E-1	4.286430000E+2
-9.688780000E-5	1.117590000E-7	4.211800000E+0	2.858541012E-1	4.317150000E+2
-9.691020000E-5	1.266610000E-7	4.200500000E+0	2.858541012E-1	4.330350000E+2
-9.689530000E-5	2.235180000E-7	4.187100000E+0	2.858541012E-1	4.361190000E+2
-9.691020000E-5	1.862650000E-7	4.176500000E+0	2.858541012E-1	4.384910000E+2
-9.694000000E-5	2.086170000E-7	4.165400000E+0	2.858541012E-1	4.402850000E+2
-9.691020000E-5	2.235180000E-7	4.154700000E+0	2.858541012E-1	4.428430000E+2
-9.699960000E-5	2.235180000E-7	4.143800000E+0	2.858541012E-1	4.453000000E+2
-9.697720000E-5	2.384200000E-7	4.133400000E+0	2.858541012E-1	4.466860000E+2
-9.695490000E-5	2.086170000E-7	4.120500000E+0	2.858541012E-1	4.495680000E+2
-9.696980000E-5	1.713640000E-7	4.109600000E+0	2.858541012E-1	4.518350000E+2
-9.696980000E-5	1.937160000E-7	4.098500000E+0	2.858541012E-1	4.533690000E+2
-9.702190000E-5	1.639140000E-7	4.086800000E+0	2.858541012E-1	4.562350000E+2
-9.702190000E-5	1.862650000E-7	4.076600000E+0	2.858541012E-1	4.581590000E+2
-9.702190000E-5	1.788150000E-7	4.065700000E+0	2.858541012E-1	4.607090000E+2
-9.694740000E-5	2.086170000E-7	4.054300000E+0	2.858541012E-1	4.627710000E+2
-9.698470000E-5	2.235180000E-7	4.043500000E+0	2.858541012E-1	4.648930000E+2
-9.702190000E-5	2.458710000E-7	4.032200000E+0	2.858541012E-1	4.669710000E+2
-9.708150000E-5	2.533220000E-7	4.020800000E+0	2.858541012E-1	4.694490000E+2
-9.706660000E-5	2.533220000E-7	4.009600000E+0	2.858541012E-1	4.720940000E+2
-9.703680000E-5	2.384200000E-7	3.997800000E+0	2.858541012E-1	4.736980000E+2
-9.705920000E-5	2.831240000E-7	3.987100000E+0	2.858541012E-1	4.762320000E+2
-9.716350000E-5	1.862650000E-7	3.974700000E+0	2.858541012E-1	4.788760000E+2
-9.707410000E-5	1.862650000E-7	3.964500000E+0	2.858541012E-1	4.804810000E+2
-9.709640000E-5	2.384200000E-7	3.954500000E+0	2.858541012E-1	4.827960000E+2
-9.709640000E-5	2.458710000E-7	3.942600000E+0	2.858541012E-1	4.847640000E+2
-9.712620000E-5	1.862650000E-7	3.930500000E+0	2.858541012E-1	4.877150000E+2
-9.707410000E-5	2.384200000E-7	3.916100000E+0	2.858541012E-1	4.903440000E+2
-9.708150000E-5	2.533220000E-7	3.903700000E+0	2.858541012E-1	4.930360000E+2
-9.712620000E-5	2.160680000E-7	3.890200000E+0	2.858541012E-1	4.954540000E+2
-9.714110000E-5	2.160680000E-7	3.878400000E+0	2.858541012E-1	4.979350000E+2
-9.713370000E-5	2.011670000E-7	3.867300000E+0	2.858541012E-1	5.001090000E+2
-9.715600000E-5	2.235180000E-7	3.857100000E+0	2.858541012E-1	5.022760000E+2
-9.718580000E-5	1.713640000E-7	3.846900000E+0	2.858541012E-1	5.043270000E+2
-9.716350000E-5	2.607720000E-7	3.836700000E+0	2.858541012E-1	5.061430000E+2
-9.716350000E-5	2.533220000E-7	3.825800000E+0	2.858541012E-1	5.086160000E+2
-9.718580000E-5	3.129260000E-7	3.812500000E+0	2.858541012E-1	5.106010000E+2
-9.715600000E-5	2.607720000E-7	3.801700000E+0	2.858541012E-1	5.134010000E+2
-9.717090000E-5	2.458710000E-7	3.790900000E+0	2.858541012E-1	5.149190000E+2
-9.641100000E-5	1.303860000E-6	3.779400000E+0	2.858541012E-1	5.179470000E+2
-9.723800000E-5	3.054760000E-7	3.767500000E+0	2.858541012E-1	5.202380000E+2
-9.716350000E-5	2.384200000E-7	3.756500000E+0	2.858541012E-1	5.216700000E+2
-9.722310000E-5	2.831240000E-7	3.744800000E+0	2.858541012E-1	5.246100000E+2
-9.711130000E-5	3.352780000E-7	3.731400000E+0	2.858541012E-1	5.271380000E+2
-9.724540000E-5	3.203770000E-7	3.719100000E+0	2.858541012E-1	5.299900000E+2
-9.719330000E-5	2.831240000E-7	3.707700000E+0	2.858541012E-1	5.319500000E+2
-9.727520000E-5	3.054760000E-7	3.695300000E+0	2.858541012E-1	5.348950000E+2
-9.722310000E-5	2.607720000E-7	3.684600000E+0	2.858541012E-1	5.368030000E+2
-9.721560000E-5	2.905740000E-7	3.673500000E+0	2.858541012E-1	5.382370000E+2
-9.727520000E-5	2.980250000E-7	3.662300000E+0	2.858541012E-1	5.412510000E+2
-9.722310000E-5	2.533220000E-7	3.650600000E+0	2.858541012E-1	5.435800000E+2
-9.722310000E-5	2.756730000E-7	3.638700000E+0	2.858541012E-1	5.455160000E+2
-9.722310000E-5	2.831240000E-7	3.626000000E+0	2.858541012E-1	5.484560000E+2
-9.722310000E-5	2.831240000E-7	3.615800000E+0	2.858541012E-1	5.503730000E+2
-9.727520000E-5	2.756730000E-7	3.604500000E+0	2.858541012E-1	5.524540000E+2
-9.722310000E-5	2.905740000E-7	3.588700000E+0	2.858541012E-1	5.556430000E+2
-9.722310000E-5	3.278270000E-7	3.574100000E+0	2.858541012E-1	5.588370000E+2
-9.732740000E-5	3.427290000E-7	3.559900000E+0	2.858541012E-1	5.620310000E+2
-9.715600000E-5	2.905740000E-7	3.544300000E+0	2.858541012E-1	5.652710000E+2
-9.724540000E-5	2.607720000E-7	3.530900000E+0	2.858541012E-1	5.684640000E+2
-9.729760000E-5	2.756730000E-7	3.516900000E+0	2.858541012E-1	5.705880000E+2
-9.732740000E-5	3.352780000E-7	3.499900000E+0	2.858541012E-1	5.741910000E+2
-9.730500000E-5	2.309690000E-7	3.482800000E+0	2.858541012E-1	5.784860000E+2
-9.722310000E-5	2.905740000E-7	3.468600000E+0	2.858541012E-1	5.805650000E+2
-9.728270000E-5	3.129260000E-7	3.455100000E+0	2.858541012E-1	5.842980000E+2
-9.729760000E-5	3.427290000E-7	3.442900000E+0	2.858541012E-1	5.864490000E+2
-9.730500000E-5	3.054760000E-7	3.432400000E+0	2.858541012E-1	5.889890000E+2
-9.733490000E-5	3.799810000E-7	3.420500000E+0	2.858541012E-1	5.911210000E+2
-9.729010000E-5	3.799810000E-7	3.409400000E+0	2.858541012E-1	5.938170000E+2
-9.728270000E-5	3.576300000E-7	3.397000000E+0	2.858541012E-1	5.959010000E+2
-9.732740000E-5	2.756730000E-7	3.381800000E+0	2.858541012E-1	5.991350000E+2
-9.726780000E-5	3.799810000E-7	3.371800000E+0	2.858541012E-1	6.012360000E+2
-9.729010000E-5	3.278270000E-7	3.360500000E+0	2.858541012E-1	6.044380000E+2
-9.734230000E-5	2.756730000E-7	3.347900000E+0	2.858541012E-1	6.066020000E+2
-9.728270000E-5	3.129260000E-7	3.330400000E+0	2.858541012E-1	6.097640000E+2
-9.732740000E-5	2.980250000E-7	3.319300000E+0	2.858541012E-1	6.129780000E+2
-9.732740000E-5	3.278270000E-7	3.305700000E+0	2.858541012E-1	6.151560000E+2
-9.734980000E-5	3.278270000E-7	3.291900000E+0	2.858541012E-1	6.186710000E+2
-9.734980000E-5	3.203770000E-7	3.279200000E+0	2.858541012E-1	6.208230000E+2
-9.728270000E-5	3.129260000E-7	3.265700000E+0	2.858541012E-1	6.238880000E+2
-9.737960000E-5	3.501790000E-7	3.250200000E+0	2.858541012E-1	6.270910000E+2
-9.735720000E-5	2.980250000E-7	3.239800000E+0	2.858541012E-1	6.292410000E+2
-9.733490000E-5	3.427290000E-7	3.228500000E+0	2.858541012E-1	6.324420000E+2
-9.728270000E-5	3.129260000E-7	3.215900000E+0	2.858541012E-1	6.346000000E+2
-9.733490000E-5	3.799810000E-7	3.204700000E+0	2.858541012E-1	6.366750000E+2
-9.732740000E-5	3.352780000E-7	3.192800000E+0	2.858541012E-1	6.394750000E+2
-9.728270000E-5	2.756730000E-7	3.179600000E+0	2.858541012E-1	6.425290000E+2
-9.733490000E-5	2.905740000E-7	3.166900000E+0	2.858541012E-1	6.446830000E+2
-9.734230000E-5	3.129260000E-7	3.154200000E+0	2.858541012E-1	6.478720000E+2
-9.735720000E-5	3.129260000E-7	3.143300000E+0	2.858541012E-1	6.500440000E+2
-9.738700000E-5	3.576300000E-7	3.129100000E+0	2.858541012E-1	6.532160000E+2
-9.736470000E-5	3.054760000E-7	3.116100000E+0	2.858541012E-1	6.553430000E+2
-9.730500000E-5	3.352780000E-7	3.098800000E+0	2.858541012E-1	6.589640000E+2
-9.735720000E-5	3.054760000E-7	3.083800000E+0	2.858541012E-1	6.627180000E+2
-9.733490000E-5	3.129260000E-7	3.070400000E+0	2.858541012E-1	6.647920000E+2
-9.732740000E-5	3.054760000E-7	3.057900000E+0	2.858541012E-1	6.678410000E+2
-9.734980000E-5	2.905740000E-7	3.047800000E+0	2.858541012E-1	6.704140000E+2
-9.740190000E-5	3.352780000E-7	3.033400000E+0	2.858541012E-1	6.731610000E+2
-9.735720000E-5	3.650800000E-7	3.023100000E+0	2.858541012E-1	6.755830000E+2
-9.731250000E-5	3.054760000E-7	3.011900000E+0	2.858541012E-1	6.777250000E+2
-9.737210000E-5	2.980250000E-7	3.000900000E+0	2.858541012E-1	6.798680000E+2
-9.734980000E-5	3.725310000E-7	2.988200000E+0	2.858541012E-1	6.825150000E+2
-9.737210000E-5	3.427290000E-7	2.972700000E+0	2.858541012E-1	6.856970000E+2
-9.738700000E-5	3.576300000E-7	2.959300000E+0	2.858541012E-1	6.890040000E+2
-9.734980000E-5	3.129260000E-7	2.948400000E+0	2.858541012E-1	6.910620000E+2
-9.740190000E-5	2.905740000E-7	2.932700000E+0	2.858541012E-1	6.942840000E+2
-9.737210000E-5	3.352780000E-7	2.917400000E+0	2.858541012E-1	6.978480000E+2
-9.734980000E-5	2.309690000E-7	2.904600000E+0	2.858541012E-1	7.000470000E+2
-9.740190000E-5	3.427290000E-7	2.891700000E+0	2.858541012E-1	7.032270000E+2
-9.737210000E-5	3.501790000E-7	2.880100000E+0	2.858541012E-1	7.053080000E+2
-9.741680000E-5	3.352780000E-7	2.862200000E+0	2.858541012E-1	7.085170000E+2
-9.737960000E-5	3.203770000E-7	2.847300000E+0	2.858541012E-1	7.122870000E+2
-9.743170000E-5	3.501790000E-7	2.837200000E+0	2.858541012E-1	7.143510000E+2
-9.740940000E-5	3.427290000E-7	2.820900000E+0	2.858541012E-1	7.175800000E+2
-9.737210000E-5	3.129260000E-7	2.806300000E+0	2.858541012E-1	7.207890000E+2
-9.735720000E-5	3.427290000E-7	2.791000000E+0	2.858541012E-1	7.239810000E+2
-9.743920000E-5	3.203770000E-7	2.778600000E+0	2.858541012E-1	7.270260000E+2
-9.741680000E-5	4.023330000E-7	2.764500000E+0	2.858541012E-1	7.292210000E+2
-9.741680000E-5	2.831240000E-7	2.751600000E+0	2.858541012E-1	7.322330000E+2
-9.741680000E-5	2.980250000E-7	2.740100000E+0	2.858541012E-1	7.352890000E+2
-9.741680000E-5	3.352780000E-7	2.724500000E+0	2.858541012E-1	7.374790000E+2
-9.737960000E-5	3.352780000E-7	2.713800000E+0	2.858541012E-1	7.405180000E+2
-9.741680000E-5	3.054760000E-7	2.702800000E+0	2.858541012E-1	7.426140000E+2
-9.734230000E-5	3.352780000E-7	2.683600000E+0	2.858541012E-1	7.458380000E+2
-9.738700000E-5	3.278270000E-7	2.667100000E+0	2.858541012E-1	7.500880000E+2
-9.741680000E-5	3.576300000E-7	2.656500000E+0	2.858541012E-1	7.526320000E+2
-9.738700000E-5	2.905740000E-7	2.645300000E+0	2.858541012E-1	7.547610000E+2
-9.744660000E-5	3.352780000E-7	2.635200000E+0	2.858541012E-1	7.568780000E+2
-9.738700000E-5	3.874320000E-7	2.618500000E+0	2.858541012E-1	7.599530000E+2
-9.741680000E-5	3.203770000E-7	2.602000000E+0	2.858541012E-1	7.636760000E+2
-9.741680000E-5	3.650800000E-7	2.588700000E+0	2.858541012E-1	7.667580000E+2
-9.742430000E-5	3.427290000E-7	2.576200000E+0	2.858541012E-1	7.688750000E+2
-9.747640000E-5	3.725310000E-7	2.565500000E+0	2.858541012E-1	7.719470000E+2
-9.745410000E-5	3.725310000E-7	2.551600000E+0	2.858541012E-1	7.741040000E+2
-9.741680000E-5	3.278270000E-7	2.536700000E+0	2.858541012E-1	7.776740000E+2
-9.740940000E-5	2.980250000E-7	2.526100000E+0	2.858541012E-1	7.798390000E+2
-9.743170000E-5	3.427290000E-7	2.515300000E+0	2.858541012E-1	7.819320000E+2
-9.740940000E-5	3.576300000E-7	2.501900000E+0	2.858541012E-1	7.851680000E+2
-9.748390000E-5	3.948830000E-7	2.491600000E+0	2.858541012E-1	7.872710000E+2
-9.744660000E-5	3.799810000E-7	2.480200000E+0	2.858541012E-1	7.893890000E+2
-9.746150000E-5	3.278270000E-7	2.468400000E+0	2.858541012E-1	7.921240000E+2
-9.745410000E-5	3.129260000E-7	2.457700000E+0	2.858541012E-1	7.946230000E+2
-9.743170000E-5	3.352780000E-7	2.444800000E+0	2.858541012E-1	7.967330000E+2
-9.741680000E-5	3.874320000E-7	2.427800000E+0	2.858541012E-1	8.004870000E+2
-9.746150000E-5	3.203770000E-7	2.417200000E+0	2.858541012E-1	8.025900000E+2
-9.745410000E-5	4.097840000E-7	2.401400000E+0	2.858541012E-1	8.058020000E+2
-9.744660000E-5	3.352780000E-7	2.389500000E+0	2.858541012E-1	8.090190000E+2
-9.747640000E-5	2.980250000E-7	2.375700000E+0	2.858541012E-1	8.111740000E+2
-9.743170000E-5	4.023330000E-7	2.362500000E+0	2.858541012E-1	8.143530000E+2
-9.746150000E-5	3.501790000E-7	2.351700000E+0	2.858541012E-1	8.165090000E+2
-9.747640000E-5	3.650800000E-7	2.335700000E+0	2.858541012E-1	8.195240000E+2
-9.743170000E-5	3.650800000E-7	2.319800000E+0	2.858541012E-1	8.231750000E+2
-9.749130000E-5	3.427290000E-7	2.309300000E+0	2.858541012E-1	8.252410000E+2
-9.746900000E-5	3.501790000E-7	2.295400000E+0	2.858541012E-1	8.284410000E+2
-9.744660000E-5	3.650800000E-7	2.282400000E+0	2.858541012E-1	8.305790000E+2
-9.748390000E-5	3.278270000E-7	2.265800000E+0	2.858541012E-1	8.343340000E+2
-9.743170000E-5	3.501790000E-7	2.250100000E+0	2.858541012E-1	8.379570000E+2
-9.747640000E-5	3.650800000E-7	2.239900000E+0	2.858541012E-1	8.400610000E+2
-9.743170000E-5	4.023330000E-7	2.229500000E+0	2.858541012E-1	8.422120000E+2
-9.747640000E-5	3.203770000E-7	2.217300000E+0	2.858541012E-1	8.454270000E+2
-9.747640000E-5	3.725310000E-7	2.201900000E+0	2.858541012E-1	8.475370000E+2
-9.750620000E-5	2.533220000E-7	2.187100000E+0	2.858541012E-1	8.512490000E+2
-9.746900000E-5	3.576300000E-7	2.176400000E+0	2.858541012E-1	8.534620000E+2
-9.747640000E-5	3.352780000E-7	2.161400000E+0	2.858541012E-1	8.566010000E+2
-9.743170000E-5	3.650800000E-7	2.149900000E+0	2.858541012E-1	8.597800000E+2
-9.747640000E-5	3.650800000E-7	2.135100000E+0	2.858541012E-1	8.619200000E+2
-9.745410000E-5	3.278270000E-7	2.120400000E+0	2.858541012E-1	8.655530000E+2
-9.750620000E-5	3.427290000E-7	2.108800000E+0	2.858541012E-1	8.676390000E+2
-9.746900000E-5	3.278270000E-7	2.093700000E+0	2.858541012E-1	8.708710000E+2
-9.749130000E-5	3.427290000E-7	2.083200000E+0	2.858541012E-1	8.739340000E+2
-9.741680000E-5	3.352780000E-7	2.067500000E+0	2.858541012E-1	8.760340000E+2
-9.746150000E-5	3.650800000E-7	2.051700000E+0	2.858541012E-1	8.797780000E+2
-9.754350000E-5	3.650800000E-7	2.041400000E+0	2.858541012E-1	8.826080000E+2
-9.750620000E-5	3.948830000E-7	2.026100000E+0	2.858541012E-1	8.851050000E+2
-9.746900000E-5	3.203770000E-7	2.015800000E+0	2.858541012E-1	8.872310000E+2
-9.753600000E-5	3.650800000E-7	2.003700000E+0	2.858541012E-1	8.904600000E+2
-9.746900000E-5	4.023330000E-7	2.014700000E+0	2.858541012E-1	1.019206000E+3
-9.748390000E-5	3.725310000E-7	2.024700000E+0	2.858541012E-1	1.021191000E+3
-9.748390000E-5	3.799810000E-7	2.035200000E+0	2.858541012E-1	1.023588000E+3
-9.749130000E-5	3.278270000E-7	2.045800000E+0	2.858541012E-1	1.025597000E+3
-9.752110000E-5	3.501790000E-7	2.056800000E+0	2.858541012E-1	1.028029000E+3
-9.755090000E-5	4.172340000E-7	2.067900000E+0	2.858541012E-1	1.029989000E+3
-9.747640000E-5	3.501790000E-7	2.080600000E+0	2.858541012E-1	1.032654000E+3
-9.747640000E-5	3.427290000E-7	2.092200000E+0	2.858541012E-1	1.034773000E+3
-9.747640000E-5	3.427290000E-7	2.103000000E+0	2.858541012E-1	1.037165000E+3
-9.749130000E-5	3.650800000E-7	2.113700000E+0	2.858541012E-1	1.038965000E+3
-9.752860000E-5	3.352780000E-7	2.126100000E+0	2.858541012E-1	1.041858000E+3
-9.746900000E-5	3.129260000E-7	2.136700000E+0	2.858541012E-1	1.044061000E+3
-9.749130000E-5	3.576300000E-7	2.148500000E+0	2.858541012E-1	1.046038000E+3
-9.746900000E-5	3.203770000E-7	2.161000000E+0	2.858541012E-1	1.048906000E+3
-9.747640000E-5	3.427290000E-7	2.171900000E+0	2.858541012E-1	1.050505000E+3
-9.751370000E-5	3.799810000E-7	2.185500000E+0	2.858541012E-1	1.053580000E+3
-9.744660000E-5	3.650800000E-7	2.196500000E+0	2.858541012E-1	1.055698000E+3
-9.747640000E-5	3.725310000E-7	2.207300000E+0	2.858541012E-1	1.058114000E+3
-9.743170000E-5	3.650800000E-7	2.217900000E+0	2.858541012E-1	1.059734000E+3
-9.746900000E-5	3.725310000E-7	2.229500000E+0	2.858541012E-1	1.062633000E+3
-9.746900000E-5	2.980250000E-7	2.240900000E+0	2.858541012E-1	1.064381000E+3
-9.749880000E-5	3.799810000E-7	2.251900000E+0	2.858541012E-1	1.067310000E+3
-9.747640000E-5	3.799810000E-7	2.267000000E+0	2.858541012E-1	1.069442000E+3
-9.747640000E-5	3.203770000E-7	2.278300000E+0	2.858541012E-1	1.072281000E+3
-9.741680000E-5	4.023330000E-7	2.290100000E+0	2.858541012E-1	1.074242000E+3
-9.743170000E-5	3.799810000E-7	2.302200000E+0	2.858541012E-1	1.077172000E+3
-9.741680000E-5	3.650800000E-7	2.313800000E+0	2.858541012E-1	1.079329000E+3
-9.750620000E-5	3.427290000E-7	2.325400000E+0	2.858541012E-1	1.081444000E+3
-9.742430000E-5	3.576300000E-7	2.335800000E+0	2.858541012E-1	1.083874000E+3
-9.741680000E-5	3.576300000E-7	2.347600000E+0	2.858541012E-1	1.086020000E+3
-9.750620000E-5	2.533220000E-7	2.358600000E+0	2.858541012E-1	1.088025000E+3
-9.744660000E-5	3.352780000E-7	2.369200000E+0	2.858541012E-1	1.090500000E+3
-9.749130000E-5	3.650800000E-7	2.379900000E+0	2.858541012E-1	1.092091000E+3
-9.742430000E-5	4.023330000E-7	2.392700000E+0	2.858541012E-1	1.095065000E+3
-9.747640000E-5	3.501790000E-7	2.402900000E+0	2.858541012E-1	1.096770000E+3
-9.750620000E-5	3.576300000E-7	2.415700000E+0	2.858541012E-1	1.099577000E+3
-9.746900000E-5	3.650800000E-7	2.427100000E+0	2.858541012E-1	1.101978000E+3
-9.745410000E-5	3.576300000E-7	2.437400000E+0	2.858541012E-1	1.103875000E+3
-9.743920000E-5	3.278270000E-7	2.448000000E+0	2.858541012E-1	1.106287000E+3
-9.742430000E-5	3.427290000E-7	2.458800000E+0	2.858541012E-1	1.107967000E+3
-9.742430000E-5	3.129260000E-7	2.469000000E+0	2.858541012E-1	1.110375000E+3
-9.743170000E-5	3.352780000E-7	2.479100000E+0	2.858541012E-1	1.112444000E+3
-9.743920000E-5	3.278270000E-7	2.490700000E+0	2.858541012E-1	1.114376000E+3
-9.747640000E-5	3.725310000E-7	2.501500000E+0	2.858541012E-1	1.117018000E+3
-9.740940000E-5	3.427290000E-7	2.514300000E+0	2.858541012E-1	1.119119000E+3
-9.742430000E-5	2.831240000E-7	2.529000000E+0	2.858541012E-1	1.122367000E+3
-9.744660000E-5	2.980250000E-7	2.541800000E+0	2.858541012E-1	1.124963000E+3
-9.743920000E-5	3.576300000E-7	2.554900000E+0	2.858541012E-1	1.127360000E+3
-9.743920000E-5	3.278270000E-7	2.565500000E+0	2.858541012E-1	1.129709000E+3
-9.743170000E-5	3.427290000E-7	2.577200000E+0	2.858541012E-1	1.131702000E+3
-9.741680000E-5	3.725310000E-7	2.588600000E+0	2.858541012E-1	1.134505000E+3
-9.744660000E-5	3.352780000E-7	2.599800000E+0	2.858541012E-1	1.136404000E+3
-9.744660000E-5	3.576300000E-7	2.609900000E+0	2.858541012E-1	1.138376000E+3
-9.745410000E-5	3.576300000E-7	2.622400000E+0	2.858541012E-1	1.140980000E+3
-9.743170000E-5	2.831240000E-7	2.632600000E+0	2.858541012E-1	1.143028000E+3
-9.737960000E-5	3.799810000E-7	2.643900000E+0	2.858541012E-1	1.145099000E+3
-9.740940000E-5	3.650800000E-7	2.655100000E+0	2.858541012E-1	1.147457000E+3
-9.741680000E-5	3.352780000E-7	2.666600000E+0	2.858541012E-1	1.149875000E+3
-9.738700000E-5	3.278270000E-7	2.676900000E+0	2.858541012E-1	1.152017000E+3
-9.741680000E-5	3.799810000E-7	2.687200000E+0	2.858541012E-1	1.153587000E+3
-9.741680000E-5	3.501790000E-7	2.697800000E+0	2.858541012E-1	1.156294000E+3
-9.742430000E-5	3.501790000E-7	2.708900000E+0	2.858541012E-1	1.157853000E+3
-9.735720000E-5	3.576300000E-7	2.720100000E+0	2.858541012E-1	1.160634000E+3
-9.746150000E-5	3.427290000E-7	2.733600000E+0	2.858541012E-1	1.162759000E+3
-9.742430000E-5	3.278270000E-7	2.744200000E+0	2.858541012E-1	1.165572000E+3
-9.738700000E-5	3.129260000E-7	2.755400000E+0	2.858541012E-1	1.167243000E+3
-9.739450000E-5	3.725310000E-7	2.766800000E+0	2.858541012E-1	1.170109000E+3
-9.745410000E-5	3.799810000E-7	2.778000000E+0	2.858541012E-1	1.171758000E+3
-9.742430000E-5	3.352780000E-7	2.791200000E+0	2.858541012E-1	1.174681000E+3
-9.743170000E-5	3.576300000E-7	2.801500000E+0	2.858541012E-1	1.177168000E+3
-9.740940000E-5	2.980250000E-7	2.812900000E+0	2.858541012E-1	1.179171000E+3
-9.737960000E-5	3.352780000E-7	2.824700000E+0	2.858541012E-1	1.181605000E+3
-9.743920000E-5	3.501790000E-7	2.834700000E+0	2.858541012E-1	1.183563000E+3
-9.736470000E-5	3.427290000E-7	2.846400000E+0	2.858541012E-1	1.185357000E+3
-9.745410000E-5	3.352780000E-7	2.857600000E+0	2.858541012E-1	1.188291000E+3
-9.743170000E-5	3.129260000E-7	2.868800000E+0	2.858541012E-1	1.189835000E+3
-9.741680000E-5	3.129260000E-7	2.880100000E+0	2.858541012E-1	1.192700000E+3
-9.739450000E-5	3.054760000E-7	2.890400000E+0	2.858541012E-1	1.194377000E+3
-9.734230000E-5	3.352780000E-7	2.901800000E+0	2.858541012E-1	1.196773000E+3
-9.743920000E-5	3.576300000E-7	2.914600000E+0	2.858541012E-1	1.199186000E+3
-9.736470000E-5	3.278270000E-7	2.925800000E+0	2.858541012E-1	1.201747000E+3
-9.740940000E-5	3.576300000E-7	2.939000000E+0	2.858541012E-1	1.204111000E+3
-9.741680000E-5	3.054760000E-7	2.949700000E+0	2.858541012E-1	1.206684000E+3
-9.736470000E-5	2.980250000E-7	2.960500000E+0	2.858541012E-1	1.208640000E+3
-9.739450000E-5	2.905740000E-7	2.970600000E+0	2.858541012E-1	1.210436000E+3
-9.741680000E-5	3.129260000E-7	2.982400000E+0	2.858541012E-1	1.213323000E+3
-9.732740000E-5	3.352780000E-7	2.994700000E+0	2.858541012E-1	1.215331000E+3
-9.734230000E-5	3.203770000E-7	3.004900000E+0	2.858541012E-1	1.217784000E+3
-9.729010000E-5	3.799810000E-7	3.015200000E+0	2.858541012E-1	1.219738000E+3
-9.733490000E-5	3.501790000E-7	3.025700000E+0	2.858541012E-1	1.221725000E+3
-9.731990000E-5	3.278270000E-7	3.038200000E+0	2.858541012E-1	1.223700000E+3
-9.732740000E-5	3.501790000E-7	3.048300000E+0	2.858541012E-1	1.226228000E+3
-9.734230000E-5	3.278270000E-7	3.059000000E+0	2.858541012E-1	1.228026000E+3
-9.731990000E-5	3.129260000E-7	3.069700000E+0	2.858541012E-1	1.230349000E+3
-9.741680000E-5	3.278270000E-7	3.079900000E+0	2.858541012E-1	1.232785000E+3
-9.737210000E-5	3.427290000E-7	3.092300000E+0	2.858541012E-1	1.234536000E+3
-9.729010000E-5	3.799810000E-7	3.103500000E+0	2.858541012E-1	1.237455000E+3
-9.728270000E-5	2.905740000E-7	3.113500000E+0	2.858541012E-1	1.238639000E+3
-9.730500000E-5	3.650800000E-7	3.124800000E+0	2.858541012E-1	1.241424000E+3
-9.731990000E-5	3.501790000E-7	3.138000000E+0	2.858541012E-1	1.243820000E+3
-9.736470000E-5	3.278270000E-7	3.150200000E+0	2.858541012E-1	1.246630000E+3
-9.734980000E-5	3.427290000E-7	3.162000000E+0	2.858541012E-1	1.248650000E+3
-9.732740000E-5	3.501790000E-7	3.172500000E+0	2.858541012E-1	1.251282000E+3
-9.732740000E-5	2.905740000E-7	3.186000000E+0	2.858541012E-1	1.253294000E+3
-9.731990000E-5	3.501790000E-7	3.198300000E+0	2.858541012E-1	1.256091000E+3
-9.731250000E-5	3.054760000E-7	3.208400000E+0	2.858541012E-1	1.258215000E+3
-9.737960000E-5	2.756730000E-7	3.220200000E+0	2.858541012E-1	1.260237000E+3
-9.731250000E-5	3.129260000E-7	3.230900000E+0	2.858541012E-1	1.262833000E+3
-9.733490000E-5	3.576300000E-7	3.242400000E+0	2.858541012E-1	1.264796000E+3
-9.734230000E-5	3.725310000E-7	3.252600000E+0	2.858541012E-1	1.267185000E+3
-9.734980000E-5	3.948830000E-7	3.265500000E+0	2.858541012E-1	1.269545000E+3
-9.735720000E-5	3.129260000E-7	3.279700000E+0	2.858541012E-1	1.272504000E+3
-9.730500000E-5	3.129260000E-7	3.292200000E+0	2.858541012E-1	1.274896000E+3
-9.732740000E-5	3.278270000E-7	3.302300000E+0	2.858541012E-1	1.276478000E+3
-9.733490000E-5	3.576300000E-7	3.313700000E+0	2.858541012E-1	1.279453000E+3
-9.729010000E-5	2.756730000E-7	3.326200000E+0	2.858541012E-1	1.281234000E+3
-9.728270000E-5	3.203770000E-7	3.337600000E+0	2.858541012E-1	1.283947000E+3
-9.729760000E-5	3.129260000E-7	3.347700000E+0	2.858541012E-1	1.286011000E+3
-9.727520000E-5	3.278270000E-7	3.359500000E+0	2.858541012E-1	1.288360000E+3
-9.729010000E-5	3.203770000E-7	3.370100000E+0	2.858541012E-1	1.290488000E+3
-9.734230000E-5	2.235180000E-7	3.382300000E+0	2.858541012E-1	1.292893000E+3
-9.729010000E-5	3.203770000E-7	3.393300000E+0	2.858541012E-1	1.294929000E+3
-9.730500000E-5	3.501790000E-7	3.403700000E+0	2.858541012E-1	1.297413000E+3
-9.727520000E-5	3.576300000E-7	3.414800000E+0	2.858541012E-1	1.299439000E+3
-9.730500000E-5	3.427290000E-7	3.426600000E+0	2.858541012E-1	1.301832000E+3
-9.731250000E-5	3.352780000E-7	3.438000000E+0	2.858541012E-1	1.303803000E+3
-9.726780000E-5	3.278270000E-7	3.448600000E+0	2.858541012E-1	1.306328000E+3
-9.726780000E-5	3.352780000E-7	3.460200000E+0	2.858541012E-1	1.308385000E+3
-9.728270000E-5	3.278270000E-7	3.470700000E+0	2.858541012E-1	1.310941000E+3
-9.731990000E-5	3.054760000E-7	3.481700000E+0	2.858541012E-1	1.312957000E+3
-9.727520000E-5	3.278270000E-7	3.493500000E+0	2.858541012E-1	1.314957000E+3
-9.729010000E-5	3.203770000E-7	3.505000000E+0	2.858541012E-1	1.317685000E+3
-9.724540000E-5	3.278270000E-7	3.516800000E+0	2.858541012E-1	1.319757000E+3
-9.729010000E-5	3.129260000E-7	3.527200000E+0	2.858541012E-1	1.322243000E+3
-9.719330000E-5	2.682230000E-7	3.538900000E+0	2.858541012E-1	1.324422000E+3
-9.723800000E-5	3.278270000E-7	3.550500000E+0	2.858541012E-1	1.326361000E+3
-9.720070000E-5	3.352780000E-7	3.561300000E+0	2.858541012E-1	1.328382000E+3
-9.727520000E-5	2.905740000E-7	3.572100000E+0	2.858541012E-1	1.331193000E+3
-9.726030000E-5	3.129260000E-7	3.584500000E+0	2.858541012E-1	1.332883000E+3
-9.720820000E-5	3.352780000E-7	3.595200000E+0	2.858541012E-1	1.335720000E+3
-9.720820000E-5	3.129260000E-7	3.607400000E+0	2.858541012E-1	1.337724000E+3
-9.726030000E-5	3.129260000E-7	3.618900000E+0	2.858541012E-1	1.340461000E+3
-9.724540000E-5	3.203770000E-7	3.631200000E+0	2.858541012E-1	1.342221000E+3
-9.727520000E-5	3.054760000E-7	3.643500000E+0	2.858541012E-1	1.345005000E+3
-9.725290000E-5	2.458710000E-7	3.654400000E+0	2.858541012E-1	1.347401000E+3
-9.726780000E-5	3.054760000E-7	3.666500000E+0	2.858541012E-1	1.349798000E+3
-9.720820000E-5	2.831240000E-7	3.678100000E+0	2.858541012E-1	1.351970000E+3
-9.720070000E-5	3.725310000E-7	3.689300000E+0	2.858541012E-1	1.354901000E+3
-9.724540000E-5	2.756730000E-7	3.700600000E+0	2.858541012E-1	1.356473000E+3
-9.722310000E-5	3.054760000E-7	3.711900000E+0	2.858541012E-1	1.358899000E+3
-9.723050000E-5	3.427290000E-7	3.724000000E+0	2.858541012E-1	1.361063000E+3
-9.722310000E-5	3.129260000E-7	3.736100000E+0	2.858541012E-1	1.363774000E+3
-9.713370000E-5	2.086170000E-7	3.749000000E+0	2.858541012E-1	1.366198000E+3
-9.718580000E-5	2.980250000E-7	3.760600000E+0	2.858541012E-1	1.369041000E+3
-9.722310000E-5	3.278270000E-7	3.772600000E+0	2.858541012E-1	1.371000000E+3
-9.720070000E-5	3.352780000E-7	3.783600000E+0	2.858541012E-1	1.373398000E+3
-9.723050000E-5	2.905740000E-7	3.795000000E+0	2.858541012E-1	1.375546000E+3
-9.720820000E-5	2.980250000E-7	3.807300000E+0	2.858541012E-1	1.377964000E+3
-9.717090000E-5	2.533220000E-7	3.818200000E+0	2.858541012E-1	1.380499000E+3
-9.716350000E-5	2.831240000E-7	3.828800000E+0	2.858541012E-1	1.382448000E+3
-9.711880000E-5	2.235180000E-7	3.841600000E+0	2.858541012E-1	1.384448000E+3
-9.714860000E-5	2.533220000E-7	3.853000000E+0	2.858541012E-1	1.387267000E+3
-9.714860000E-5	1.862650000E-7	3.866900000E+0	2.858541012E-1	1.389778000E+3
-9.714110000E-5	2.533220000E-7	3.878000000E+0	2.858541012E-1	1.391924000E+3
-9.711880000E-5	2.384200000E-7	3.888800000E+0	2.858541012E-1	1.394361000E+3
-9.714860000E-5	2.458710000E-7	3.899100000E+0	2.858541012E-1	1.396344000E+3
-9.717090000E-5	2.831240000E-7	3.910500000E+0	2.858541012E-1	1.398323000E+3
-9.710390000E-5	2.756730000E-7	3.920500000E+0	2.858541012E-1	1.400729000E+3
-9.714110000E-5	2.533220000E-7	3.933500000E+0	2.858541012E-1	1.403214000E+3
-9.713370000E-5	2.458710000E-7	3.944000000E+0	2.858541012E-1	1.405558000E+3
-9.703680000E-5	2.533220000E-7	3.954700000E+0	2.858541012E-1	1.407125000E+3
-9.712620000E-5	2.533220000E-7	3.965300000E+0	2.858541012E-1	1.409530000E+3
-9.711130000E-5	2.160680000E-7	3.976000000E+0	2.858541012E-1	1.411842000E+3
-9.709640000E-5	2.533220000E-7	3.987700000E+0	2.858541012E-1	1.413788000E+3
-9.709640000E-5	2.905740000E-7	3.998100000E+0	2.858541012E-1	1.415782000E+3
-9.706660000E-5	2.160680000E-7	4.009100000E+0	2.858541012E-1	1.418586000E+3
-9.716350000E-5	2.607720000E-7	4.020100000E+0	2.858541012E-1	1.420170000E+3
-9.710390000E-5	1.788150000E-7	4.031000000E+0	2.858541012E-1	1.422768000E+3
-9.702190000E-5	2.086170000E-7	4.041000000E+0	2.858541012E-1	1.425307000E+3
-9.706660000E-5	2.831240000E-7	4.052000000E+0	2.858541012E-1	1.426889000E+3
-9.704430000E-5	2.756730000E-7	4.063800000E+0	2.858541012E-1	1.429239000E+3
-9.699960000E-5	2.533220000E-7	4.073900000E+0	2.858541012E-1	1.431246000E+3
-9.702940000E-5	2.160680000E-7	4.084500000E+0	2.858541012E-1	1.433658000E+3
-9.699210000E-5	1.862650000E-7	4.094700000E+0	2.858541012E-1	1.435659000E+3
-9.696230000E-5	1.862650000E-7	4.105200000E+0	2.858541012E-1	1.437284000E+3
-9.696980000E-5	2.533220000E-7	4.117200000E+0	2.858541012E-1	1.440053000E+3
-9.697720000E-5	2.011670000E-7	4.128100000E+0	2.858541012E-1	1.442448000E+3
-9.696230000E-5	2.086170000E-7	4.140800000E+0	2.858541012E-1	1.444160000E+3
-9.699960000E-5	1.937160000E-7	4.152100000E+0	2.858541012E-1	1.447000000E+3
-9.688780000E-5	2.235180000E-7	4.164300000E+0	2.858541012E-1	1.449507000E+3
-9.695490000E-5	2.235180000E-7	4.174700000E+0	2.858541012E-1	1.451943000E+3
-9.689530000E-5	1.862650000E-7	4.185600000E+0	2.858541012E-1	1.453958000E+3
-9.691760000E-5	1.713640000E-7	4.196800000E+0	2.858541012E-1	1.455521000E+3
-9.697720000E-5	1.415620000E-7	4.206900000E+0	2.858541012E-1	1.458048000E+3
-9.688040000E-5	1.266610000E-7	4.217700000E+0	2.858541012E-1	1.460054000E+3
-9.685800000E-5	2.086170000E-7	4.232700000E+0	2.858541012E-1	1.462578000E+3
-9.688040000E-5	1.564630000E-7	4.244800000E+0	2.858541012E-1	1.465368000E+3
-9.683570000E-5	1.564630000E-7	4.256200000E+0	2.858541012E-1	1.467772000E+3
-9.687290000E-5	1.341110000E-7	4.266300000E+0	2.858541012E-1	1.470219000E+3
-9.681330000E-5	2.086170000E-7	4.276600000E+0	2.858541012E-1	1.471787000E+3
-9.673140000E-5	1.341110000E-7	4.287100000E+0	2.858541012E-1	1.474158000E+3
-9.671650000E-5	1.341110000E-7	4.298500000E+0	2.858541012E-1	1.475768000E+3
-9.676860000E-5	1.713640000E-7	4.310000000E+0	2.858541012E-1	1.478365000E+3
-9.674630000E-5	1.117590000E-7	4.320500000E+0	2.858541012E-1	1.480725000E+3
-9.670160000E-5	1.490130000E-7	4.330900000E+0	2.858541012E-1	1.482780000E+3
-9.674630000E-5	1.266610000E-7	4.341600000E+0	2.858541012E-1	1.484708000E+3
-9.673880000E-5	1.117590000E-7	4.351900000E+0	2.858541012E-1	1.487156000E+3
-9.671650000E-5	1.043090000E-7	4.362600000E+0	2.858541012E-1	1.488960000E+3
-9.666430000E-5	8.940740000E-8	4.374100000E+0	2.858541012E-1	1.490841000E+3
-9.667170000E-5	5.960510000E-8	4.385500000E+0	2.858541012E-1	1.493860000E+3
-9.661210000E-5	9.685800000E-8	4.397000000E+0	2.858541012E-1	1.495412000E+3
-9.662700000E-5	1.490130000E-8	4.407100000E+0	2.858541012E-1	1.497819000E+3
-9.655250000E-5	2.980250000E-8	4.418000000E+0	2.858541012E-1	1.500237000E+3
-9.650040000E-5	1.490130000E-8	4.428500000E+0	2.858541012E-1	1.502229000E+3
-9.646310000E-5	2.980250000E-8	4.439100000E+0	2.858541012E-1	1.503978000E+3
-9.644080000E-5	-2.980250000E-8	4.449700000E+0	2.858541012E-1	1.506756000E+3
-9.638860000E-5	-8.195680000E-8	4.461700000E+0	2.858541012E-1	1.508787000E+3
-9.638860000E-5	-2.235190000E-8	4.471900000E+0	2.858541012E-1	1.510393000E+3
-9.632900000E-5	-9.685800000E-8	4.483900000E+0	2.858541012E-1	1.513582000E+3
-9.633650000E-5	-7.450640000E-9	4.496400000E+0	2.858541012E-1	1.515259000E+3
-9.622470000E-5	-5.215430000E-8	4.508700000E+0	2.858541012E-1	1.518056000E+3
-9.609810000E-5	-1.490130000E-7	4.520600000E+0	2.858541012E-1	1.520474000E+3
-9.606080000E-5	-1.862650000E-7	4.533900000E+0	2.858541012E-1	1.523302000E+3
-9.600860000E-5	-1.341110000E-7	4.544600000E+0	2.858541012E-1	1.525270000E+3
-9.592670000E-5	-2.607720000E-7	4.555000000E+0	2.858541012E-1	1.527656000E+3
-9.588200000E-5	-2.011670000E-7	4.567500000E+0	2.858541012E-1	1.529855000E+3
-9.577020000E-5	-3.203770000E-7	4.577600000E+0	2.858541012E-1	1.532360000E+3
-9.562870000E-5	-3.203770000E-7	4.587800000E+0	2.858541012E-1	1.533929000E+3
-9.559890000E-5	-3.799810000E-7	4.600500000E+0	2.858541012E-1	1.536354000E+3
-9.535300000E-5	-5.140940000E-7	4.613600000E+0	2.858541012E-1	1.539185000E+3
-9.519650000E-5	-5.811490000E-7	4.625000000E+0	2.858541012E-1	1.541544000E+3
-9.503260000E-5	-5.960500000E-7	4.636500000E+0	2.858541012E-1	1.543603000E+3
-9.470480000E-5	-7.972160000E-7	4.648900000E+0	2.858541012E-1	1.546360000E+3
-9.436950000E-5	-9.015240000E-7	4.659400000E+0	2.858541012E-1	1.548489000E+3
-9.405660000E-5	-1.013290000E-6	4.670900000E+0	2.858541012E-1	1.550487000E+3
-9.349040000E-5	-1.311310000E-6	4.683300000E+0	2.858541012E-1	1.553316000E+3
-9.292410000E-5	-1.542280000E-6	4.693900000E+0	2.858541012E-1	1.555408000E+3
-9.238770000E-5	-1.765790000E-6	4.706600000E+0	2.858541012E-1	1.557465000E+3
-9.148610000E-5	-2.041470000E-6	4.718900000E+0	2.858541012E-1	1.560215000E+3
-9.056970000E-5	-2.361850000E-6	4.730500000E+0	2.858541012E-1	1.562678000E+3
-8.972040000E-5	-2.622620000E-6	4.743500000E+0	2.858541012E-1	1.565025000E+3
-8.843890000E-5	-2.995150000E-6	4.755400000E+0	2.858541012E-1	1.567483000E+3
-8.742560000E-5	-3.270820000E-6	4.765600000E+0	2.858541012E-1	1.569416000E+3
-8.607700000E-5	-3.725300000E-6	4.776100000E+0	2.858541012E-1	1.572008000E+3
-8.510100000E-5	-3.941390000E-6	4.786900000E+0	2.858541012E-1	1.573949000E+3
-8.311910000E-5	-4.529980000E-6	4.799200000E+0	2.858541012E-1	1.576346000E+3
-8.159920000E-5	-4.917410000E-6	4.811200000E+0	2.858541012E-1	1.578483000E+3
-7.911820000E-5	-5.543260000E-6	4.821300000E+0	2.858541012E-1	1.580918000E+3
-7.718850000E-5	-5.900890000E-6	4.832900000E+0	2.858541012E-1	1.582885000E+3
-7.411880000E-5	-6.370280000E-6	4.843600000E+0	2.858541012E-1	1.585697000E+3
-7.228600000E-5	-6.631050000E-6	4.854800000E+0	2.858541012E-1	1.587276000E+3
-6.901520000E-5	-7.033380000E-6	4.865900000E+0	2.858541012E-1	1.589288000E+3
-6.578160000E-5	-7.264350000E-6	4.876900000E+0	2.858541012E-1	1.592096000E+3
-6.349430000E-5	-7.160040000E-6	4.889400000E+0	2.858541012E-1	1.594089000E+3
-6.111760000E-5	-6.541640000E-6	4.899600000E+0	2.858541012E-1	1.596207000E+3
-5.976130000E-5	-6.087150000E-6	4.910100000E+0	2.858541012E-1	1.598757000E+3
-5.898650000E-5	-5.923240000E-6	4.922400000E+0	2.858541012E-1	1.600747000E+3
-5.796570000E-5	-5.722080000E-6	4.932900000E+0	2.858541012E-1	1.603142000E+3
-5.747400000E-5	-5.804030000E-6	4.943200000E+0	2.858541012E-1	1.605167000E+3
-5.682580000E-5	-5.930690000E-6	4.953800000E+0	2.858541012E-1	1.607554000E+3
-5.640860000E-5	-6.124410000E-6	4.966000000E+0	2.858541012E-1	1.609146000E+3
-5.568590000E-5	-6.362820000E-6	4.977000000E+0	2.858541012E-1	1.611973000E+3
-5.514200000E-5	-6.727900000E-6	4.987100000E+0	2.858541012E-1	1.614099000E+3
-5.469490000E-5	-6.929070000E-6	4.997900000E+0	2.858541012E-1	1.615679000E+3
-5.397970000E-5	-7.323950000E-6	5.010300000E+0	2.858541012E-1	1.618469000E+3
-5.336870000E-5	-7.726310000E-6	5.021300000E+0	2.858541012E-1	1.621297000E+3
-5.289190000E-5	-7.979630000E-6	5.032300000E+0	2.858541012E-1	1.622928000E+3
-5.210960000E-5	-8.374510000E-6	5.043300000E+0	2.858541012E-1	1.625180000E+3
-5.149120000E-5	-8.709790000E-6	5.054800000E+0	2.858541012E-1	1.627435000E+3
-5.072380000E-5	-9.127020000E-6	5.067800000E+0	2.858541012E-1	1.630252000E+3
-5.019480000E-5	-9.410140000E-6	5.078300000E+0	2.858541012E-1	1.631821000E+3
-4.935290000E-5	-9.872080000E-6	5.089300000E+0	2.858541012E-1	1.634278000E+3
-4.853330000E-5	-1.022230000E-5	5.101100000E+0	2.858541012E-1	1.636986000E+3
-4.809370000E-5	-1.041600000E-5	5.112100000E+0	2.858541012E-1	1.638615000E+3
-4.706560000E-5	-1.090030000E-5	5.124000000E+0	2.858541012E-1	1.641398000E+3
-4.625340000E-5	-1.120570000E-5	5.134900000E+0	2.858541012E-1	1.643953000E+3
-4.568720000E-5	-1.136220000E-5	5.145000000E+0	2.858541012E-1	1.645338000E+3
-4.486760000E-5	-1.166020000E-5	5.155700000E+0	2.858541012E-1	1.647288000E+3
-4.401830000E-5	-1.208490000E-5	5.166300000E+0	2.858541012E-1	1.650072000E+3
-4.307950000E-5	-1.241270000E-5	5.180000000E+0	2.858541012E-1	1.652484000E+3
-4.221520000E-5	-1.262880000E-5	5.192000000E+0	2.858541012E-1	1.654471000E+3
-4.130630000E-5	-1.291940000E-5	5.202900000E+0	2.858541012E-1	1.657286000E+3
-4.055370000E-5	-1.323970000E-5	5.214700000E+0	2.858541012E-1	1.659264000E+3
-3.927220000E-5	-1.350050000E-5	5.225200000E+0	2.858541012E-1	1.661807000E+3
-3.866870000E-5	-1.374640000E-5	5.236100000E+0	2.858541012E-1	1.663839000E+3
-3.773000000E-5	-1.398480000E-5	5.246800000E+0	2.858541012E-1	1.666195000E+3
-3.701470000E-5	-1.414130000E-5	5.258900000E+0	2.858541012E-1	1.667804000E+3
-3.578540000E-5	-1.450630000E-5	5.270500000E+0	2.858541012E-1	1.670632000E+3
-3.483170000E-5	-1.467770000E-5	5.280800000E+0	2.858541012E-1	1.673047000E+3
-3.404940000E-5	-1.481180000E-5	5.293300000E+0	2.858541012E-1	1.674603000E+3
-3.272320000E-5	-1.502790000E-5	5.305800000E+0	2.858541012E-1	1.677805000E+3
-3.164280000E-5	-1.517690000E-5	5.316600000E+0	2.858541012E-1	1.679983000E+3
-3.077860000E-5	-1.531110000E-5	5.328800000E+0	2.858541012E-1	1.681943000E+3
-2.938520000E-5	-1.551220000E-5	5.340000000E+0	2.858541012E-1	1.684792000E+3
-2.868490000E-5	-1.548990000E-5	5.350900000E+0	2.858541012E-1	1.686713000E+3
-2.780570000E-5	-1.556440000E-5	5.362800000E+0	2.858541012E-1	1.688737000E+3
-2.648690000E-5	-1.562400000E-5	5.373200000E+0	2.858541012E-1	1.691336000E+3
-2.568970000E-5	-1.557930000E-5	5.384100000E+0	2.858541012E-1	1.693265000E+3
-2.449760000E-5	-1.555690000E-5	5.395100000E+0	2.858541012E-1	1.695717000E+3
-2.374510000E-5	-1.551220000E-5	5.407200000E+0	2.858541012E-1	1.697688000E+3
-2.233700000E-5	-1.536320000E-5	5.419400000E+0	2.858541012E-1	1.700593000E+3
-2.148760000E-5	-1.519920000E-5	5.431000000E+0	2.858541012E-1	1.702636000E+3
-2.042960000E-5	-1.508000000E-5	5.442600000E+0	2.858541012E-1	1.705099000E+3
-1.943120000E-5	-1.495340000E-5	5.454600000E+0	2.858541012E-1	1.707043000E+3
-1.855210000E-5	-1.470010000E-5	5.465100000E+0	2.858541012E-1	1.709445000E+3
-1.746430000E-5	-1.444670000E-5	5.476000000E+0	2.858541012E-1	1.711920000E+3
-1.683100000E-5	-1.424560000E-5	5.487600000E+0	2.858541012E-1	1.713900000E+3
-1.581770000E-5	-1.396990000E-5	5.499700000E+0	2.858541012E-1	1.715902000E+3
-1.483420000E-5	-1.362720000E-5	5.510100000E+0	2.858541012E-1	1.718708000E+3
-1.414870000E-5	-1.333660000E-5	5.520600000E+0	2.858541012E-1	1.720722000E+3
-1.318010000E-5	-1.298640000E-5	5.532300000E+0	2.858541012E-1	1.722771000E+3
-1.235310000E-5	-1.260640000E-5	5.543600000E+0	2.858541012E-1	1.725137000E+3
-1.146650000E-5	-1.216690000E-5	5.557300000E+0	2.858541012E-1	1.728329000E+3
-1.083320000E-5	-1.184650000E-5	5.567600000E+0	2.858541012E-1	1.729945000E+3
-1.000620000E-5	-1.131000000E-5	5.578800000E+0	2.858541012E-1	1.732316000E+3
-9.246230000E-6	-1.088540000E-5	5.590700000E+0	2.858541012E-1	1.735103000E+3
-8.754490000E-6	-1.053520000E-5	5.602500000E+0	2.858541012E-1	1.736727000E+3
-8.076490000E-6	-1.005830000E-5	5.612700000E+0	2.858541012E-1	1.738855000E+3
-7.487860000E-6	-9.611310000E-6	5.623700000E+0	2.858541012E-1	1.741260000E+3
-6.943970000E-6	-9.201530000E-6	5.634800000E+0	2.858541012E-1	1.743786000E+3
-6.400080000E-6	-8.739590000E-6	5.646700000E+0	2.858541012E-1	1.745808000E+3
-5.878540000E-6	-8.329810000E-6	5.657000000E+0	2.858541012E-1	1.747760000E+3
-5.520910000E-6	-7.912570000E-6	5.667500000E+0	2.858541012E-1	1.750178000E+3
-5.029170000E-6	-7.495310000E-6	5.680000000E+0	2.858541012E-1	1.752245000E+3
-4.641740000E-6	-7.078080000E-6	5.690600000E+0	2.858541012E-1	1.754171000E+3
-4.217060000E-6	-6.571440000E-6	5.700900000E+0	2.858541012E-1	1.756985000E+3
-3.874330000E-6	-6.146760000E-6	5.713300000E+0	2.858541012E-1	1.759042000E+3
-3.457080000E-6	-5.684820000E-6	5.725600000E+0	2.858541012E-1	1.761108000E+3
-3.084550000E-6	-5.207980000E-6	5.736200000E+0	2.858541012E-1	1.764086000E+3
-2.726930000E-6	-4.872710000E-6	5.747800000E+0	2.858541012E-1	1.766143000E+3
-2.518310000E-6	-4.515080000E-6	5.758400000E+0	2.858541012E-1	1.767629000E+3
-2.287340000E-6	-4.038240000E-6	5.768900000E+0	2.858541012E-1	1.770505000E+3
-2.026570000E-6	-3.665700000E-6	5.780300000E+0	2.858541012E-1	1.772843000E+3
-1.885000000E-6	-3.516690000E-6	5.791500000E+0	2.858541012E-1	1.774437000E+3
-1.639140000E-6	-2.980250000E-6	5.803400000E+0	2.858541012E-1	1.777245000E+3
-1.519930000E-6	-2.682220000E-6	5.814500000E+0	2.858541012E-1	1.779663000E+3
-1.333660000E-6	-2.354400000E-6	5.825500000E+0	2.858541012E-1	1.781228000E+3
-1.199550000E-6	-2.115980000E-6	5.836400000E+0	2.858541012E-1	1.783649000E+3
-1.087790000E-6	-1.817950000E-6	5.846800000E+0	2.858541012E-1	1.785629000E+3
-9.760330000E-7	-1.527380000E-6	5.858200000E+0	2.858541012E-1	1.788100000E+3
-8.791720000E-7	-1.177200000E-6	5.870400000E+0	2.858541012E-1	1.790871000E+3
-7.897650000E-7	-1.080340000E-6	5.881100000E+0	2.858541012E-1	1.792435000E+3
-6.854570000E-7	-8.270180000E-7	5.892400000E+0	2.858541012E-1	1.794834000E+3
-6.556550000E-7	-5.960500000E-7	5.904100000E+0	2.858541012E-1	1.797791000E+3
-6.258520000E-7	-4.321350000E-7	5.914300000E+0	2.858541012E-1	1.799484000E+3
-5.066430000E-7	-2.458710000E-7	5.925300000E+0	2.858541012E-1	1.801872000E+3
-5.140940000E-7	-1.341110000E-7	5.936400000E+0	2.858541012E-1	1.803501000E+3
-5.066430000E-7	0.000000000E+0	5.947300000E+0	2.858541012E-1	1.806286000E+3
-4.470370000E-7	1.564630000E-7	5.957700000E+0	2.858541012E-1	1.807895000E+3
-3.874320000E-7	2.607720000E-7	5.968200000E+0	2.858541012E-1	1.809975000E+3
-4.023330000E-7	4.395860000E-7	5.979800000E+0	2.858541012E-1	1.812685000E+3
-3.501790000E-7	4.097840000E-7	5.991500000E+0	2.858541012E-1	1.814734000E+3
-4.023330000E-7	6.258520000E-7	6.002200000E+0	2.858541012E-1	1.817526000E+3
