20250501_HM451MoTaZr2_chiAC_vs_T_B_1T.001.txt Thu, May 1, 2025 5:17:47 PM Juan
Magnet: None
Trigger spacing of 0.010000 on column #3
Offsets:	0.000000000E+0	0.000000000E+0	0.000000000E+0	0.000000000E+0	0.000000000E+0

Scale Factors:	1.000000000E+0	1.000000000E+0	1.000000000E+0	1.000000000E+0	1.000000000E+0

1T
Lockin_V_001	Chan2_V_001	Temperature_001	Field_001	Timestamp_001
-2.533220000E-7	5.960510000E-8	6.000400000E+0	9.999551758E+3	2.800000000E-2
-7.450640000E-9	-4.321350000E-7	5.988600000E+0	9.999551758E+3	8.944800000E+1
5.960510000E-8	-3.874320000E-7	5.976900000E+0	9.999551758E+3	9.147900000E+1
1.490130000E-7	-3.799810000E-7	5.964700000E+0	9.999551758E+3	9.346500000E+1
1.341110000E-7	-4.172340000E-7	5.954600000E+0	9.999551758E+3	9.547900000E+1
2.160680000E-7	-3.799810000E-7	5.942900000E+0	9.999551758E+3	9.784700000E+1
1.713640000E-7	-2.756730000E-7	5.932500000E+0	9.999551758E+3	1.003020000E+2
1.862650000E-7	-3.501790000E-7	5.920300000E+0	9.999551758E+3	1.020110000E+2
1.713640000E-7	-4.470370000E-7	5.908900000E+0	9.999551758E+3	1.049460000E+2
1.117590000E-7	-4.619380000E-7	5.896700000E+0	9.999551758E+3	1.069120000E+2
1.117590000E-7	-5.811490000E-7	5.885700000E+0	9.999551758E+3	1.095090000E+2
1.192100000E-7	-4.619380000E-7	5.873800000E+0	9.999551758E+3	1.114720000E+2
3.725310000E-8	-4.395860000E-7	5.862800000E+0	9.999551758E+3	1.138460000E+2
4.470370000E-8	-4.544870000E-7	5.850900000E+0	9.999551758E+3	1.162610000E+2
4.470370000E-8	-2.905740000E-7	5.839500000E+0	9.999551758E+3	1.186830000E+2
8.195680000E-8	-3.203770000E-7	5.828800000E+0	9.999551758E+3	1.206280000E+2
5.960510000E-8	-3.203770000E-7	5.818100000E+0	9.999551758E+3	1.226590000E+2
1.117590000E-7	-2.756730000E-7	5.807600000E+0	9.999551758E+3	1.250320000E+2
1.266610000E-7	-3.129260000E-7	5.797300000E+0	9.999551758E+3	1.270260000E+2
7.450630000E-8	-3.352780000E-7	5.786200000E+0	9.999551758E+3	1.290340000E+2
7.450640000E-9	-3.278270000E-7	5.773800000E+0	9.999551758E+3	1.318940000E+2
4.470370000E-8	-4.246850000E-7	5.761800000E+0	9.999551758E+3	1.342190000E+2
2.980250000E-8	-3.352780000E-7	5.751700000E+0	9.999551758E+3	1.358390000E+2
3.725310000E-8	-4.991930000E-7	5.741300000E+0	9.999551758E+3	1.382300000E+2
1.043090000E-7	-3.874320000E-7	5.730400000E+0	9.999551758E+3	1.402310000E+2
8.195680000E-8	-3.278270000E-7	5.720100000E+0	9.999551758E+3	1.426210000E+2
5.215430000E-8	-2.831240000E-7	5.710100000E+0	9.999551758E+3	1.442960000E+2
5.215430000E-8	-3.650800000E-7	5.699600000E+0	9.999551758E+3	1.466610000E+2
5.960510000E-8	-3.948830000E-7	5.688000000E+0	9.999551758E+3	1.486330000E+2
-3.725310000E-8	-2.458710000E-7	5.677200000E+0	9.999551758E+3	1.506340000E+2
-1.490130000E-8	-2.235180000E-7	5.665300000E+0	9.999551758E+3	1.534380000E+2
8.940740000E-8	-5.289950000E-7	5.655000000E+0	9.999551758E+3	1.554410000E+2
2.980250000E-8	-5.140940000E-7	5.643800000E+0	9.999551758E+3	1.574150000E+2
1.266610000E-7	-5.513470000E-7	5.633600000E+0	9.999551758E+3	1.594250000E+2
9.685800000E-8	-4.619380000E-7	5.622100000E+0	9.999551758E+3	1.618240000E+2
2.235180000E-7	-5.364450000E-7	5.610400000E+0	9.999551758E+3	1.643930000E+2
1.862650000E-7	-5.364450000E-7	5.598800000E+0	9.999551758E+3	1.667870000E+2
8.940740000E-8	-4.917420000E-7	5.586700000E+0	9.999551758E+3	1.687980000E+2
1.490130000E-7	-5.587970000E-7	5.575300000E+0	9.999551758E+3	1.713020000E+2
1.788150000E-7	-4.246850000E-7	5.561600000E+0	9.999551758E+3	1.742470000E+2
1.490130000E-7	-4.246850000E-7	5.550700000E+0	9.999551758E+3	1.761930000E+2
1.490130000E-7	-4.470370000E-7	5.540100000E+0	9.999551758E+3	1.781700000E+2
2.309690000E-7	-5.513470000E-7	5.529800000E+0	9.999551758E+3	1.808670000E+2
2.309690000E-7	-5.886000000E-7	5.516700000E+0	9.999551758E+3	1.828810000E+2
2.235180000E-7	-4.619380000E-7	5.506400000E+0	9.999551758E+3	1.847960000E+2
1.639140000E-7	-4.693880000E-7	5.496300000E+0	9.999551758E+3	1.872100000E+2
2.160680000E-7	-6.035010000E-7	5.486000000E+0	9.999551758E+3	1.898550000E+2
1.490130000E-7	-6.035010000E-7	5.473500000E+0	9.999551758E+3	1.915560000E+2
1.639140000E-7	-4.470370000E-7	5.461300000E+0	9.999551758E+3	1.945030000E+2
1.043090000E-7	-4.321350000E-7	5.450800000E+0	9.999551758E+3	1.963530000E+2
1.564630000E-7	-5.662480000E-7	5.437200000E+0	9.999551758E+3	1.983370000E+2
2.160680000E-7	-5.811490000E-7	5.423800000E+0	9.999551758E+3	2.018620000E+2
1.490130000E-7	-5.587970000E-7	5.411400000E+0	9.999551758E+3	2.041040000E+2
1.341110000E-7	-5.215440000E-7	5.401000000E+0	9.999551758E+3	2.060890000E+2
1.862650000E-7	-4.321350000E-7	5.387500000E+0	9.999551758E+3	2.088630000E+2
2.235180000E-7	-4.693880000E-7	5.376700000E+0	9.999551758E+3	2.108610000E+2
1.862650000E-7	-3.948830000E-7	5.364600000E+0	9.999551758E+3	2.133050000E+2
1.266610000E-7	-5.066430000E-7	5.354300000E+0	9.999551758E+3	2.157180000E+2
1.937160000E-7	-4.470370000E-7	5.341700000E+0	9.999551758E+3	2.176550000E+2
2.309690000E-7	-4.991930000E-7	5.330700000E+0	9.999551758E+3	2.204480000E+2
2.458710000E-7	-5.513470000E-7	5.319500000E+0	9.999551758E+3	2.224500000E+2
2.905740000E-7	-6.109510000E-7	5.309000000E+0	9.999551758E+3	2.243290000E+2
2.458710000E-7	-5.587970000E-7	5.298700000E+0	9.999551758E+3	2.267290000E+2
3.054760000E-7	-5.215440000E-7	5.286100000E+0	9.999551758E+3	2.293090000E+2
2.309690000E-7	-4.172340000E-7	5.275400000E+0	9.999551758E+3	2.311960000E+2
1.564630000E-7	-4.991930000E-7	5.264000000E+0	9.999551758E+3	2.335830000E+2
2.905740000E-7	-5.513470000E-7	5.253300000E+0	9.999551758E+3	2.353780000E+2
1.415620000E-7	-4.842910000E-7	5.243300000E+0	9.999551758E+3	2.373840000E+2
2.533220000E-7	-5.066430000E-7	5.232500000E+0	9.999551758E+3	2.397350000E+2
1.937160000E-7	-5.289950000E-7	5.222000000E+0	9.999551758E+3	2.425780000E+2
2.086170000E-7	-5.140940000E-7	5.211200000E+0	9.999551758E+3	2.440960000E+2
1.788150000E-7	-4.991930000E-7	5.198700000E+0	9.999551758E+3	2.464300000E+2
1.192100000E-7	-5.811490000E-7	5.186900000E+0	9.999551758E+3	2.489910000E+2
1.862650000E-7	-5.811490000E-7	5.174700000E+0	9.999551758E+3	2.518260000E+2
1.341110000E-7	-6.407540000E-7	5.164000000E+0	9.999551758E+3	2.532630000E+2
1.713640000E-7	-6.035010000E-7	5.153600000E+0	9.999551758E+3	2.555410000E+2
1.862650000E-7	-5.215440000E-7	5.143400000E+0	9.999551758E+3	2.575490000E+2
1.862650000E-7	-5.215440000E-7	5.130900000E+0	9.999551758E+3	2.606100000E+2
1.266610000E-7	-5.438960000E-7	5.119300000E+0	9.999551758E+3	2.623060000E+2
2.682230000E-7	-5.736980000E-7	5.108100000E+0	9.999551758E+3	2.647040000E+2
1.862650000E-7	-5.886000000E-7	5.096100000E+0	9.999551758E+3	2.675090000E+2
2.086170000E-7	-6.258520000E-7	5.086000000E+0	9.999551758E+3	2.690600000E+2
1.788150000E-7	-6.407540000E-7	5.075800000E+0	9.999551758E+3	2.713730000E+2
1.788150000E-7	-6.184020000E-7	5.065500000E+0	9.999551758E+3	2.733690000E+2
1.564630000E-7	-6.631050000E-7	5.055300000E+0	9.999551758E+3	2.752500000E+2
1.862650000E-7	-6.109510000E-7	5.043900000E+0	9.999551758E+3	2.777010000E+2
1.564630000E-7	-6.407540000E-7	5.031700000E+0	9.999551758E+3	2.801710000E+2
1.043090000E-7	-7.525120000E-7	5.019500000E+0	9.999551758E+3	2.824600000E+2
8.940740000E-8	-6.631050000E-7	5.008500000E+0	9.999551758E+3	2.850130000E+2
1.043090000E-7	-7.301610000E-7	4.997500000E+0	9.999551758E+3	2.868800000E+2
6.705570000E-8	-6.929080000E-7	4.985800000E+0	9.999551758E+3	2.892320000E+2
1.341110000E-7	-5.513470000E-7	4.974900000E+0	9.999551758E+3	2.917770000E+2
1.713640000E-7	-6.184020000E-7	4.964500000E+0	9.999551758E+3	2.931520000E+2
7.450630000E-8	-7.003580000E-7	4.952700000E+0	9.999551758E+3	2.960210000E+2
5.960510000E-8	-6.780060000E-7	4.941000000E+0	9.999551758E+3	2.983420000E+2
8.940740000E-8	-7.972160000E-7	4.928900000E+0	9.999551758E+3	3.003420000E+2
1.043090000E-7	-8.717220000E-7	4.916400000E+0	9.999551758E+3	3.028920000E+2
-7.450640000E-9	-7.674130000E-7	4.906000000E+0	9.999551758E+3	3.054950000E+2
6.705570000E-8	-8.642710000E-7	4.895500000E+0	9.999551758E+3	3.075090000E+2
5.960510000E-8	-9.536820000E-7	4.885400000E+0	9.999551758E+3	3.089630000E+2
1.415620000E-7	-9.536820000E-7	4.872900000E+0	9.999551758E+3	3.119430000E+2
-3.725310000E-8	-9.834840000E-7	4.861900000E+0	9.999551758E+3	3.144540000E+2
0.000000000E+0	-9.089740000E-7	4.851300000E+0	9.999551758E+3	3.157680000E+2
0.000000000E+0	-1.013290000E-6	4.838200000E+0	9.999551758E+3	3.187630000E+2
6.705570000E-8	-1.072890000E-6	4.827900000E+0	9.999551758E+3	3.205830000E+2
-1.192100000E-7	-1.184650000E-6	4.815900000E+0	9.999551758E+3	3.235360000E+2
-4.470370000E-8	-1.177200000E-6	4.804000000E+0	9.999551758E+3	3.254920000E+2
-8.940740000E-8	-1.147400000E-6	4.792200000E+0	9.999551758E+3	3.281780000E+2
-6.705570000E-8	-1.266610000E-6	4.781600000E+0	9.999551758E+3	3.301560000E+2
-3.725310000E-8	-1.311310000E-6	4.770900000E+0	9.999551758E+3	3.320460000E+2
-9.685800000E-8	-1.385820000E-6	4.760700000E+0	9.999551758E+3	3.341770000E+2
-1.490130000E-7	-1.296410000E-6	4.750600000E+0	9.999551758E+3	3.365700000E+2
-1.564630000E-7	-1.244250000E-6	4.740100000E+0	9.999551758E+3	3.383480000E+2
-1.788150000E-7	-1.333660000E-6	4.729900000E+0	9.999551758E+3	3.409020000E+2
-1.788150000E-7	-1.326210000E-6	4.718500000E+0	9.999551758E+3	3.427310000E+2
-1.341110000E-7	-1.296410000E-6	4.706800000E+0	9.999551758E+3	3.451090000E+2
-1.564630000E-7	-1.363460000E-6	4.693600000E+0	9.999551758E+3	3.472320000E+2
-1.862650000E-7	-1.385820000E-6	4.679900000E+0	9.999551758E+3	3.505200000E+2
-1.937160000E-7	-1.460320000E-6	4.668100000E+0	9.999551758E+3	3.524650000E+2
-9.685800000E-8	-1.393270000E-6	4.656500000E+0	9.999551758E+3	3.553930000E+2
-6.705570000E-8	-1.527380000E-6	4.644300000E+0	9.999551758E+3	3.573050000E+2
-1.788150000E-7	-1.586980000E-6	4.634100000E+0	9.999551758E+3	3.596350000E+2
-1.117590000E-7	-1.624230000E-6	4.623200000E+0	9.999551758E+3	3.620470000E+2
-9.685800000E-8	-1.735990000E-6	4.610900000E+0	9.999551758E+3	3.640340000E+2
-1.862650000E-7	-1.758340000E-6	4.599900000E+0	9.999551758E+3	3.660900000E+2
-2.682230000E-7	-1.803050000E-6	4.589300000E+0	9.999551758E+3	3.688330000E+2
-3.501790000E-7	-1.780700000E-6	4.578700000E+0	9.999551758E+3	3.703460000E+2
-3.650800000E-7	-1.840300000E-6	4.568000000E+0	9.999551758E+3	3.731120000E+2
-3.874320000E-7	-1.840300000E-6	4.557300000E+0	9.999551758E+3	3.751370000E+2
-4.693880000E-7	-1.937170000E-6	4.546400000E+0	9.999551758E+3	3.771220000E+2
-4.395860000E-7	-1.966970000E-6	4.535300000E+0	9.999551758E+3	3.789550000E+2
-4.991930000E-7	-2.011670000E-6	4.524800000E+0	9.999551758E+3	3.815090000E+2
-5.140940000E-7	-2.123430000E-6	4.513500000E+0	9.999551758E+3	3.837640000E+2
-5.066430000E-7	-2.272440000E-6	4.502400000E+0	9.999551758E+3	3.853630000E+2
-5.438960000E-7	-2.190490000E-6	4.489900000E+0	9.999551758E+3	3.883780000E+2
-4.246850000E-7	-2.287340000E-6	4.478800000E+0	9.999551758E+3	3.905710000E+2
-5.513470000E-7	-2.391650000E-6	4.465400000E+0	9.999551758E+3	3.930940000E+2
-5.066430000E-7	-2.458710000E-6	4.454900000E+0	9.999551758E+3	3.951600000E+2
-4.470370000E-7	-2.466160000E-6	4.444200000E+0	9.999551758E+3	3.979030000E+2
-4.544870000E-7	-2.667320000E-6	4.431200000E+0	9.999551758E+3	3.999390000E+2
-3.948830000E-7	-2.734380000E-6	4.417900000E+0	9.999551758E+3	4.028260000E+2
-1.937160000E-7	-3.010050000E-6	4.407800000E+0	9.999551758E+3	4.050840000E+2
-3.054760000E-7	-2.995150000E-6	4.396900000E+0	9.999551758E+3	4.066420000E+2
-2.309690000E-7	-3.106910000E-6	4.385000000E+0	9.999551758E+3	4.096030000E+2
-2.905740000E-7	-3.114360000E-6	4.374300000E+0	9.999551758E+3	4.113740000E+2
-3.352780000E-7	-3.308070000E-6	4.364100000E+0	9.999551758E+3	4.138900000E+2
-4.544870000E-7	-3.464530000E-6	4.351900000E+0	9.999551758E+3	4.160450000E+2
-5.736980000E-7	-3.553940000E-6	4.340800000E+0	9.999551758E+3	4.182080000E+2
-5.587970000E-7	-3.851980000E-6	4.330700000E+0	9.999551758E+3	4.201630000E+2
-7.003580000E-7	-4.045690000E-6	4.319300000E+0	9.999551758E+3	4.225980000E+2
-8.419190000E-7	-4.373520000E-6	4.306600000E+0	9.999551758E+3	4.246080000E+2
-1.080340000E-6	-4.664090000E-6	4.295300000E+0	9.999551758E+3	4.274780000E+2
-1.102690000E-6	-5.014270000E-6	4.283600000E+0	9.999551758E+3	4.293850000E+2
-1.311310000E-6	-5.304840000E-6	4.273300000E+0	9.999551758E+3	4.317410000E+2
-1.795600000E-6	-5.893440000E-6	4.261300000E+0	9.999551758E+3	4.342990000E+2
-2.026570000E-6	-6.578890000E-6	4.251200000E+0	9.999551758E+3	4.361620000E+2
-2.384200000E-6	-6.809860000E-6	4.238700000E+0	9.999551758E+3	4.385890000E+2
-2.875940000E-6	-7.189840000E-6	4.226800000E+0	9.999551758E+3	4.410860000E+2
-3.039850000E-6	-7.636900000E-6	4.215800000E+0	9.999551758E+3	4.430230000E+2
-3.449630000E-6	-8.076490000E-6	4.203100000E+0	9.999551758E+3	4.458700000E+2
-3.919030000E-6	-8.583130000E-6	4.191900000E+0	9.999551758E+3	4.483400000E+2
-4.097850000E-6	-9.007810000E-6	4.181900000E+0	9.999551758E+3	4.497500000E+2
-4.798200000E-6	-9.119570000E-6	4.171700000E+0	9.999551758E+3	4.521670000E+2
-5.312290000E-6	-9.611310000E-6	4.160200000E+0	9.999551758E+3	4.548130000E+2
-5.461300000E-6	-9.924230000E-6	4.148700000E+0	9.999551758E+3	4.565400000E+2
-6.057350000E-6	-1.019990000E-5	4.137200000E+0	9.999551758E+3	4.585560000E+2
-6.444780000E-6	-1.063200000E-5	4.126700000E+0	9.999551758E+3	4.613540000E+2
-6.906720000E-6	-1.085560000E-5	4.115300000E+0	9.999551758E+3	4.628210000E+2
-7.383550000E-6	-1.131000000E-5	4.103000000E+0	9.999551758E+3	4.657610000E+2
-8.076490000E-6	-1.168260000E-5	4.091200000E+0	9.999551758E+3	4.682110000E+2
-8.300000000E-6	-1.202530000E-5	4.079800000E+0	9.999551758E+3	4.701480000E+2
-9.000360000E-6	-1.245000000E-5	4.067600000E+0	9.999551758E+3	4.731000000E+2
-9.439940000E-6	-1.268840000E-5	4.056700000E+0	9.999551758E+3	4.756420000E+2
-9.886980000E-6	-1.279270000E-5	4.046100000E+0	9.999551758E+3	4.769450000E+2
-1.088540000E-5	-1.297150000E-5	4.035700000E+0	9.999551758E+3	4.793680000E+2
-1.128770000E-5	-1.329930000E-5	4.023900000E+0	9.999551758E+3	4.817890000E+2
-1.172730000E-5	-1.345580000E-5	4.013400000E+0	9.999551758E+3	4.832480000E+2
-1.265860000E-5	-1.353030000E-5	4.002300000E+0	9.999551758E+3	4.862700000E+2
-1.306090000E-5	-1.393260000E-5	3.991800000E+0	9.999551758E+3	4.880400000E+2
-1.360480000E-5	-1.417850000E-5	3.979400000E+0	9.999551758E+3	4.900180000E+2
-1.456590000E-5	-1.450630000E-5	3.968200000E+0	9.999551758E+3	4.931100000E+2
-1.520670000E-5	-1.452120000E-5	3.956400000E+0	9.999551758E+3	4.953480000E+2
-1.587730000E-5	-1.466280000E-5	3.945400000E+0	9.999551758E+3	4.968260000E+2
-1.699490000E-5	-1.490870000E-5	3.933400000E+0	9.999551758E+3	4.999730000E+2
-1.788900000E-5	-1.509490000E-5	3.921900000E+0	9.999551758E+3	5.022020000E+2
-1.860420000E-5	-1.511730000E-5	3.909300000E+0	9.999551758E+3	5.041850000E+2
-2.004960000E-5	-1.476710000E-5	3.899100000E+0	9.999551758E+3	5.066920000E+2
-2.102570000E-5	-1.480440000E-5	3.888000000E+0	9.999551758E+3	5.090550000E+2
-2.153230000E-5	-1.486400000E-5	3.876500000E+0	9.999551758E+3	5.109970000E+2
-2.246360000E-5	-1.499810000E-5	3.866300000E+0	9.999551758E+3	5.130850000E+2
-2.336510000E-5	-1.499060000E-5	3.853400000E+0	9.999551758E+3	5.157630000E+2
-2.380470000E-5	-1.531850000E-5	3.843000000E+0	9.999551758E+3	5.172200000E+2
-2.466150000E-5	-1.537810000E-5	3.832200000E+0	9.999551758E+3	5.203050000E+2
-2.534700000E-5	-1.553460000E-5	3.820100000E+0	9.999551758E+3	5.220560000E+2
-2.615910000E-5	-1.564630000E-5	3.809000000E+0	9.999551758E+3	5.245700000E+2
-2.731390000E-5	-1.554200000E-5	3.796600000E+0	9.999551758E+3	5.270200000E+2
-2.817820000E-5	-1.536320000E-5	3.785700000E+0	9.999551758E+3	5.293560000E+2
-2.901270000E-5	-1.547500000E-5	3.773500000E+0	9.999551758E+3	5.313540000E+2
-3.004830000E-5	-1.525890000E-5	3.763200000E+0	9.999551758E+3	5.343120000E+2
-3.122560000E-5	-1.492360000E-5	3.749300000E+0	9.999551758E+3	5.361700000E+2
-3.236560000E-5	-1.467030000E-5	3.739200000E+0	9.999551758E+3	5.381710000E+2
-3.342350000E-5	-1.450630000E-5	3.727700000E+0	9.999551758E+3	5.410850000E+2
-3.407170000E-5	-1.423070000E-5	3.716500000E+0	9.999551758E+3	5.429950000E+2
-3.496580000E-5	-1.422320000E-5	3.706100000E+0	9.999551758E+3	5.450370000E+2
-3.572580000E-5	-1.420830000E-5	3.695400000E+0	9.999551758E+3	5.473770000E+2
-3.647830000E-5	-1.404440000E-5	3.682400000E+0	9.999551758E+3	5.497890000E+2
-3.767780000E-5	-1.388790000E-5	3.669100000E+0	9.999551758E+3	5.527000000E+2
-3.835580000E-5	-1.363460000E-5	3.657500000E+0	9.999551758E+3	5.546890000E+2
-3.926480000E-5	-1.353780000E-5	3.646200000E+0	9.999551758E+3	5.572380000E+2
-4.001730000E-5	-1.347070000E-5	3.636100000E+0	9.999551758E+3	5.595110000E+2
-4.044940000E-5	-1.334400000E-5	3.625800000E+0	9.999551758E+3	5.610180000E+2
-4.148510000E-5	-1.306840000E-5	3.611900000E+0	9.999551758E+3	5.644790000E+2
-4.227480000E-5	-1.304600000E-5	3.597500000E+0	9.999551758E+3	5.665910000E+2
-4.311670000E-5	-1.277780000E-5	3.586200000E+0	9.999551758E+3	5.698320000E+2
-4.383940000E-5	-1.261390000E-5	3.570800000E+0	9.999551758E+3	5.719160000E+2
-4.469630000E-5	-1.255430000E-5	3.557600000E+0	9.999551758E+3	5.751310000E+2
-4.549350000E-5	-1.253190000E-5	3.544100000E+0	9.999551758E+3	5.783010000E+2
-4.629070000E-5	-1.239780000E-5	3.528800000E+0	9.999551758E+3	5.814780000E+2
-4.695380000E-5	-1.237550000E-5	3.513500000E+0	9.999551758E+3	5.846660000E+2
-4.738590000E-5	-1.250210000E-5	3.503200000E+0	9.999551758E+3	5.872140000E+2
-4.807880000E-5	-1.224140000E-5	3.491100000E+0	9.999551758E+3	5.893990000E+2
-4.881640000E-5	-1.180180000E-5	3.476700000E+0	9.999551758E+3	5.925520000E+2
-4.958380000E-5	-1.147400000E-5	3.466500000E+0	9.999551758E+3	5.946850000E+2
-5.029170000E-5	-1.133980000E-5	3.453400000E+0	9.999551758E+3	5.978950000E+2
-5.081320000E-5	-1.107910000E-5	3.439900000E+0	9.999551758E+3	6.000560000E+2
-5.146140000E-5	-1.083320000E-5	3.429100000E+0	9.999551758E+3	6.031050000E+2
-5.197550000E-5	-1.063950000E-5	3.415700000E+0	9.999551758E+3	6.052880000E+2
-5.271310000E-5	-1.053520000E-5	3.398700000E+0	9.999551758E+3	6.089740000E+2
-5.323460000E-5	-1.058730000E-5	3.386000000E+0	9.999551758E+3	6.111460000E+2
-5.361460000E-5	-1.040850000E-5	3.374500000E+0	9.999551758E+3	6.142860000E+2
-5.425540000E-5	-1.028930000E-5	3.360700000E+0	9.999551758E+3	6.164320000E+2
-5.473220000E-5	-1.006580000E-5	3.350000000E+0	9.999551758E+3	6.196230000E+2
-5.529840000E-5	-9.886980000E-6	3.335400000E+0	9.999551758E+3	6.217470000E+2
-5.590940000E-5	-9.693260000E-6	3.319100000E+0	9.999551758E+3	6.253980000E+2
-5.644580000E-5	-9.566600000E-6	3.305300000E+0	9.999551758E+3	6.285490000E+2
-5.687050000E-5	-9.380340000E-6	3.294400000E+0	9.999551758E+3	6.307280000E+2
-5.749640000E-5	-9.253680000E-6	3.281000000E+0	9.999551758E+3	6.338700000E+2
-5.776460000E-5	-9.343090000E-6	3.268900000E+0	9.999551758E+3	6.360090000E+2
-5.815200000E-5	-9.231330000E-6	3.257000000E+0	9.999551758E+3	6.392030000E+2
-5.850220000E-5	-9.059960000E-6	3.245400000E+0	9.999551758E+3	6.413380000E+2
-5.897900000E-5	-8.910950000E-6	3.233700000E+0	9.999551758E+3	6.434780000E+2
-5.944840000E-5	-8.702340000E-6	3.218100000E+0	9.999551758E+3	6.472770000E+2
-5.986560000E-5	-8.583130000E-6	3.205300000E+0	9.999551758E+3	6.493540000E+2
-6.038720000E-5	-8.396860000E-6	3.186300000E+0	9.999551758E+3	6.536930000E+2
-6.087150000E-5	-8.322360000E-6	3.175200000E+0	9.999551758E+3	6.557540000E+2
-6.108030000E-5	-8.300000000E-6	3.160300000E+0	9.999551758E+3	6.590250000E+2
-6.157950000E-5	-8.054140000E-6	3.147900000E+0	9.999551758E+3	6.621580000E+2
-6.186260000E-5	-7.979630000E-6	3.136600000E+0	9.999551758E+3	6.642800000E+2
-6.214580000E-5	-7.867870000E-6	3.125600000E+0	9.999551758E+3	6.664660000E+2
-6.236930000E-5	-7.830620000E-6	3.115400000E+0	9.999551758E+3	6.684470000E+2
-6.282380000E-5	-7.793370000E-6	3.102800000E+0	9.999551758E+3	6.716080000E+2
-6.304730000E-5	-7.614520000E-6	3.091500000E+0	9.999551758E+3	6.738040000E+2
-6.328570000E-5	-7.480410000E-6	3.081200000E+0	9.999551758E+3	6.758730000E+2
-6.353160000E-5	-7.465510000E-6	3.069600000E+0	9.999551758E+3	6.780370000E+2
-6.381470000E-5	-7.465510000E-6	3.057600000E+0	9.999551758E+3	6.812200000E+2
-6.403820000E-5	-7.301600000E-6	3.043900000E+0	9.999551758E+3	6.833530000E+2
-6.450760000E-5	-7.234540000E-6	3.026500000E+0	9.999551758E+3	6.869350000E+2
-6.478330000E-5	-7.145140000E-6	3.013600000E+0	9.999551758E+3	6.905540000E+2
-6.510360000E-5	-7.040830000E-6	2.999100000E+0	9.999551758E+3	6.926850000E+2
-6.538680000E-5	-6.936520000E-6	2.982800000E+0	9.999551758E+3	6.964330000E+2
-6.578160000E-5	-6.780060000E-6	2.970900000E+0	9.999551758E+3	6.996060000E+2
-6.596790000E-5	-6.750260000E-6	2.957600000E+0	9.999551758E+3	7.017480000E+2
-6.630320000E-5	-6.623600000E-6	2.943700000E+0	9.999551758E+3	7.049420000E+2
-6.657140000E-5	-6.526740000E-6	2.933300000E+0	9.999551758E+3	7.070740000E+2
-6.673530000E-5	-6.541640000E-6	2.921700000E+0	9.999551758E+3	7.092510000E+2
-6.707800000E-5	-6.437330000E-6	2.905800000E+0	9.999551758E+3	7.128620000E+2
-6.737610000E-5	-6.377730000E-6	2.895400000E+0	9.999551758E+3	7.149350000E+2
-6.756980000E-5	-6.377730000E-6	2.879100000E+0	9.999551758E+3	7.180450000E+2
-6.780820000E-5	-6.213810000E-6	2.863600000E+0	9.999551758E+3	7.217630000E+2
-6.795720000E-5	-6.146760000E-6	2.853300000E+0	9.999551758E+3	7.238590000E+2
-6.821050000E-5	-6.146760000E-6	2.841700000E+0	9.999551758E+3	7.260050000E+2
-6.841170000E-5	-6.087150000E-6	2.826000000E+0	9.999551758E+3	7.296040000E+2
-6.862780000E-5	-6.012650000E-6	2.811800000E+0	9.999551758E+3	7.328170000E+2
-6.878420000E-5	-5.900890000E-6	2.800600000E+0	9.999551758E+3	7.349400000E+2
-6.904500000E-5	-5.833830000E-6	2.788000000E+0	9.999551758E+3	7.381290000E+2
-6.911950000E-5	-5.796580000E-6	2.776000000E+0	9.999551758E+3	7.402920000E+2
-6.937280000E-5	-5.729530000E-6	2.760700000E+0	9.999551758E+3	7.434710000E+2
-6.959630000E-5	-5.595420000E-6	2.750500000E+0	9.999551758E+3	7.456680000E+2
-6.980500000E-5	-5.617770000E-6	2.737500000E+0	9.999551758E+3	7.488030000E+2
-6.987950000E-5	-5.506010000E-6	2.722700000E+0	9.999551758E+3	7.509350000E+2
-7.008060000E-5	-5.453850000E-6	2.707400000E+0	9.999551758E+3	7.547160000E+2
-7.021470000E-5	-5.282490000E-6	2.696200000E+0	9.999551758E+3	7.572270000E+2
-7.049790000E-5	-5.319740000E-6	2.680300000E+0	9.999551758E+3	7.603860000E+2
-7.075860000E-5	-5.297390000E-6	2.667400000E+0	9.999551758E+3	7.636490000E+2
-7.084800000E-5	-5.260140000E-6	2.654000000E+0	9.999551758E+3	7.657310000E+2
-7.110880000E-5	-5.103680000E-6	2.638800000E+0	9.999551758E+3	7.694530000E+2
-7.116840000E-5	-5.215440000E-6	2.626600000E+0	9.999551758E+3	7.716070000E+2
-7.126530000E-5	-5.155830000E-6	2.616100000E+0	9.999551758E+3	7.741410000E+2
-7.132490000E-5	-5.207980000E-6	2.604500000E+0	9.999551758E+3	7.762680000E+2
-7.140680000E-5	-5.126030000E-6	2.592800000E+0	9.999551758E+3	7.794660000E+2
-7.152600000E-5	-4.917410000E-6	2.576900000E+0	9.999551758E+3	7.816100000E+2
-7.189110000E-5	-5.006820000E-6	2.565300000E+0	9.999551758E+3	7.846700000E+2
-7.197310000E-5	-5.058970000E-6	2.554700000E+0	9.999551758E+3	7.867900000E+2
-7.212210000E-5	-4.991920000E-6	2.541700000E+0	9.999551758E+3	7.895070000E+2
-7.223380000E-5	-4.917410000E-6	2.531300000E+0	9.999551758E+3	7.915980000E+2
-7.239030000E-5	-4.753500000E-6	2.520800000E+0	9.999551758E+3	7.940270000E+2
-7.253930000E-5	-4.664090000E-6	2.510100000E+0	9.999551758E+3	7.961740000E+2
-7.265110000E-5	-4.693890000E-6	2.494000000E+0	9.999551758E+3	7.993560000E+2
-7.276280000E-5	-4.582140000E-6	2.476600000E+0	9.999551758E+3	8.031020000E+2
-7.305340000E-5	-4.559780000E-6	2.464600000E+0	9.999551758E+3	8.063000000E+2
-7.303110000E-5	-4.634290000E-6	2.450400000E+0	9.999551758E+3	8.083770000E+2
-7.317260000E-5	-4.440580000E-6	2.437200000E+0	9.999551758E+3	8.115870000E+2
-7.332160000E-5	-4.425670000E-6	2.427100000E+0	9.999551758E+3	8.137610000E+2
-7.337380000E-5	-4.410770000E-6	2.415600000E+0	9.999551758E+3	8.158920000E+2
-7.348550000E-5	-4.455480000E-6	2.405100000E+0	9.999551758E+3	8.183710000E+2
-7.358240000E-5	-4.507630000E-6	2.393900000E+0	9.999551758E+3	8.205110000E+2
-7.371650000E-5	-4.418220000E-6	2.382500000E+0	9.999551758E+3	8.232000000E+2
-7.373140000E-5	-4.328820000E-6	2.371800000E+0	9.999551758E+3	8.253130000E+2
-7.372400000E-5	-4.366070000E-6	2.355700000E+0	9.999551758E+3	8.285740000E+2
-7.385060000E-5	-4.239410000E-6	2.344600000E+0	9.999551758E+3	8.317010000E+2
-7.391020000E-5	-4.239410000E-6	2.329000000E+0	9.999551758E+3	8.338410000E+2
-7.411140000E-5	-4.269210000E-6	2.314000000E+0	9.999551758E+3	8.374860000E+2
-7.419330000E-5	-4.157450000E-6	2.302300000E+0	9.999551758E+3	8.404920000E+2
-7.429770000E-5	-4.075500000E-6	2.286400000E+0	9.999551758E+3	8.426310000E+2
-7.452120000E-5	-4.008440000E-6	2.269700000E+0	9.999551758E+3	8.463550000E+2
-7.467760000E-5	-4.090400000E-6	2.252400000E+0	9.999551758E+3	8.505180000E+2
-7.479680000E-5	-3.971190000E-6	2.241400000E+0	9.999551758E+3	8.526330000E+2
-7.488630000E-5	-3.956290000E-6	2.225100000E+0	9.999551758E+3	8.558260000E+2
-7.499060000E-5	-4.038240000E-6	2.212100000E+0	9.999551758E+3	8.594650000E+2
-7.508000000E-5	-3.904130000E-6	2.196600000E+0	9.999551758E+3	8.615550000E+2
-7.514700000E-5	-3.919030000E-6	2.184800000E+0	9.999551758E+3	8.646440000E+2
-7.520660000E-5	-3.807260000E-6	2.173800000E+0	9.999551758E+3	8.667660000E+2
-7.525880000E-5	-3.851980000E-6	2.157800000E+0	9.999551758E+3	8.700470000E+2
-7.537050000E-5	-3.740210000E-6	2.145700000E+0	9.999551758E+3	8.732030000E+2
-7.543760000E-5	-3.866880000E-6	2.134200000E+0	9.999551758E+3	8.753010000E+2
-7.562390000E-5	-3.702950000E-6	2.123000000E+0	9.999551758E+3	8.783900000E+2
-7.569090000E-5	-3.784910000E-6	2.107200000E+0	9.999551758E+3	8.805330000E+2
-7.572820000E-5	-3.635900000E-6	2.094400000E+0	9.999551758E+3	8.837000000E+2
-7.575050000E-5	-3.650800000E-6	2.083000000E+0	9.999551758E+3	8.858990000E+2
-7.583250000E-5	-3.635900000E-6	2.067500000E+0	9.999551758E+3	8.891160000E+2
-7.591440000E-5	-3.613550000E-6	2.056000000E+0	9.999551758E+3	8.922130000E+2
-7.602620000E-5	-3.539040000E-6	2.042200000E+0	9.999551758E+3	8.943530000E+2
-7.607830000E-5	-3.680600000E-6	2.029700000E+0	9.999551758E+3	8.976020000E+2
-7.607830000E-5	-3.665700000E-6	2.016800000E+0	9.999551758E+3	8.996950000E+2
-7.619010000E-5	-3.583740000E-6	2.003500000E+0	9.999551758E+3	9.029400000E+2
-7.604850000E-5	-3.628450000E-6	2.015200000E+0	9.999551758E+3	1.034329000E+3
-7.603360000E-5	-3.613550000E-6	2.025300000E+0	9.999551758E+3	1.036776000E+3
-7.594420000E-5	-3.598640000E-6	2.036600000E+0	9.999551758E+3	1.038738000E+3
-7.592930000E-5	-3.665700000E-6	2.046800000E+0	9.999551758E+3	1.041117000E+3
-7.594420000E-5	-3.263370000E-6	2.057900000E+0	9.999551758E+3	1.043140000E+3
-7.572070000E-5	-3.471990000E-6	2.068100000E+0	9.999551758E+3	1.045139000E+3
-7.578780000E-5	-3.427280000E-6	2.078900000E+0	9.999551758E+3	1.047578000E+3
-7.557170000E-5	-3.568840000E-6	2.090200000E+0	9.999551758E+3	1.049317000E+3
-7.551210000E-5	-3.583740000E-6	2.101700000E+0	9.999551758E+3	1.051800000E+3
-7.541520000E-5	-3.665700000E-6	2.112700000E+0	9.999551758E+3	1.054320000E+3
-7.534820000E-5	-3.673150000E-6	2.124200000E+0	9.999551758E+3	1.056458000E+3
-7.531090000E-5	-3.635900000E-6	2.134700000E+0	9.999551758E+3	1.058850000E+3
-7.525130000E-5	-3.665700000E-6	2.146400000E+0	9.999551758E+3	1.060853000E+3
-7.513210000E-5	-3.688050000E-6	2.157500000E+0	9.999551758E+3	1.063033000E+3
-7.508000000E-5	-3.740210000E-6	2.168400000E+0	9.999551758E+3	1.065562000E+3
-7.503530000E-5	-3.747660000E-6	2.179200000E+0	9.999551758E+3	1.067553000E+3
-7.495330000E-5	-3.755110000E-6	2.189500000E+0	9.999551758E+3	1.069390000E+3
-7.484900000E-5	-3.814730000E-6	2.201000000E+0	9.999551758E+3	1.071790000E+3
-7.475210000E-5	-3.844530000E-6	2.211300000E+0	9.999551758E+3	1.074166000E+3
-7.476700000E-5	-3.933940000E-6	2.222100000E+0	9.999551758E+3	1.076227000E+3
-7.470000000E-5	-3.956290000E-6	2.232400000E+0	9.999551758E+3	1.078453000E+3
-7.457330000E-5	-4.038240000E-6	2.244800000E+0	9.999551758E+3	1.080447000E+3
-7.461060000E-5	-4.068050000E-6	2.255100000E+0	9.999551758E+3	1.082986000E+3
-7.430510000E-5	-3.978640000E-6	2.265900000E+0	9.999551758E+3	1.084695000E+3
-7.417100000E-5	-3.933940000E-6	2.277000000E+0	9.999551758E+3	1.087534000E+3
-7.411880000E-5	-3.993540000E-6	2.287100000E+0	9.999551758E+3	1.089120000E+3
-7.414120000E-5	-4.231960000E-6	2.297500000E+0	9.999551758E+3	1.091238000E+3
-7.406670000E-5	-4.328820000E-6	2.309900000E+0	9.999551758E+3	1.093671000E+3
-7.393260000E-5	-4.187260000E-6	2.320200000E+0	9.999551758E+3	1.095924000E+3
-7.397730000E-5	-4.231960000E-6	2.331100000E+0	9.999551758E+3	1.097910000E+3
-7.385060000E-5	-4.246860000E-6	2.346700000E+0	9.999551758E+3	1.100832000E+3
-7.377610000E-5	-4.321370000E-6	2.356700000E+0	9.999551758E+3	1.103268000E+3
-7.371650000E-5	-4.291560000E-6	2.367800000E+0	9.999551758E+3	1.105417000E+3
-7.347810000E-5	-4.261760000E-6	2.380200000E+0	9.999551758E+3	1.107763000E+3
-7.344080000E-5	-4.395870000E-6	2.390400000E+0	9.999551758E+3	1.109942000E+3
-7.341850000E-5	-4.388420000E-6	2.402200000E+0	9.999551758E+3	1.112160000E+3
-7.335890000E-5	-4.492730000E-6	2.413000000E+0	9.999551758E+3	1.114428000E+3
-7.330670000E-5	-4.448030000E-6	2.423200000E+0	9.999551758E+3	1.116549000E+3
-7.315770000E-5	-4.500180000E-6	2.435600000E+0	9.999551758E+3	1.118576000E+3
-7.306090000E-5	-4.671540000E-6	2.445700000E+0	9.999551758E+3	1.121095000E+3
-7.307580000E-5	-4.641740000E-6	2.456000000E+0	9.999551758E+3	1.122709000E+3
-7.292670000E-5	-4.760950000E-6	2.466300000E+0	9.999551758E+3	1.124832000E+3
-7.280010000E-5	-4.798200000E-6	2.476400000E+0	9.999551758E+3	1.127252000E+3
-7.272560000E-5	-4.775850000E-6	2.487600000E+0	9.999551758E+3	1.129240000E+3
-7.254680000E-5	-4.954670000E-6	2.499700000E+0	9.999551758E+3	1.131399000E+3
-7.245740000E-5	-4.969570000E-6	2.514200000E+0	9.999551758E+3	1.134326000E+3
-7.236050000E-5	-4.947210000E-6	2.527100000E+0	9.999551758E+3	1.137232000E+3
-7.225620000E-5	-4.984470000E-6	2.540000000E+0	9.999551758E+3	1.139808000E+3
-7.202520000E-5	-5.096230000E-6	2.551200000E+0	9.999551758E+3	1.142187000E+3
-7.190600000E-5	-5.126030000E-6	2.561300000E+0	9.999551758E+3	1.143763000E+3
-7.171980000E-5	-5.073870000E-6	2.572900000E+0	9.999551758E+3	1.146564000E+3
-7.151860000E-5	-5.207980000E-6	2.584800000E+0	9.999551758E+3	1.148561000E+3
-7.142170000E-5	-5.327190000E-6	2.594900000E+0	9.999551758E+3	1.150881000E+3
-7.125780000E-5	-5.304840000E-6	2.606300000E+0	9.999551758E+3	1.152837000E+3
-7.115350000E-5	-5.416600000E-6	2.617300000E+0	9.999551758E+3	1.155244000E+3
-7.103430000E-5	-5.446400000E-6	2.627600000E+0	9.999551758E+3	1.157090000E+3
-7.087780000E-5	-5.409150000E-6	2.639600000E+0	9.999551758E+3	1.159977000E+3
-7.072880000E-5	-5.416600000E-6	2.650600000E+0	9.999551758E+3	1.161894000E+3
-7.040850000E-5	-5.386800000E-6	2.661800000E+0	9.999551758E+3	1.163910000E+3
-7.028920000E-5	-5.379350000E-6	2.673100000E+0	9.999551758E+3	1.166707000E+3
-7.021470000E-5	-5.416600000E-6	2.683500000E+0	9.999551758E+3	1.168083000E+3
-7.005830000E-5	-5.446400000E-6	2.695000000E+0	9.999551758E+3	1.171012000E+3
-6.996140000E-5	-5.513460000E-6	2.705100000E+0	9.999551758E+3	1.173012000E+3
-6.980500000E-5	-5.535810000E-6	2.716700000E+0	9.999551758E+3	1.175167000E+3
-6.979750000E-5	-5.565610000E-6	2.726800000E+0	9.999551758E+3	1.177115000E+3
-6.954420000E-5	-5.610320000E-6	2.738400000E+0	9.999551758E+3	1.179274000E+3
-6.941750000E-5	-5.640120000E-6	2.750000000E+0	9.999551758E+3	1.182061000E+3
-6.935050000E-5	-5.662470000E-6	2.760900000E+0	9.999551758E+3	1.184043000E+3
-6.919400000E-5	-5.699720000E-6	2.770900000E+0	9.999551758E+3	1.186041000E+3
-6.896300000E-5	-5.722080000E-6	2.781900000E+0	9.999551758E+3	1.188224000E+3
-6.887360000E-5	-5.893440000E-6	2.791900000E+0	9.999551758E+3	1.190219000E+3
-6.862030000E-5	-5.953040000E-6	2.803400000E+0	9.999551758E+3	1.192320000E+3
-6.847880000E-5	-5.960490000E-6	2.817100000E+0	9.999551758E+3	1.195282000E+3
-6.831480000E-5	-5.967940000E-6	2.827400000E+0	9.999551758E+3	1.197240000E+3
-6.802430000E-5	-6.146760000E-6	2.839600000E+0	9.999551758E+3	1.199684000E+3
-6.789760000E-5	-6.176560000E-6	2.850700000E+0	9.999551758E+3	1.201768000E+3
-6.768150000E-5	-6.213810000E-6	2.864500000E+0	9.999551758E+3	1.204607000E+3
-6.751020000E-5	-6.310670000E-6	2.874600000E+0	9.999551758E+3	1.206730000E+3
-6.726430000E-5	-6.414980000E-6	2.886100000E+0	9.999551758E+3	1.209123000E+3
-6.696630000E-5	-6.482030000E-6	2.897500000E+0	9.999551758E+3	1.211117000E+3
-6.689180000E-5	-6.489480000E-6	2.907500000E+0	9.999551758E+3	1.213678000E+3
-6.663850000E-5	-6.668300000E-6	2.918900000E+0	9.999551758E+3	1.215572000E+3
-6.643730000E-5	-6.563990000E-6	2.930000000E+0	9.999551758E+3	1.218171000E+3
-6.625100000E-5	-6.668300000E-6	2.940500000E+0	9.999551758E+3	1.219807000E+3
-6.602750000E-5	-6.780060000E-6	2.951200000E+0	9.999551758E+3	1.222166000E+3
-6.570710000E-5	-6.899270000E-6	2.966000000E+0	9.999551758E+3	1.224737000E+3
-6.558050000E-5	-6.884370000E-6	2.977400000E+0	9.999551758E+3	1.227642000E+3
-6.537190000E-5	-6.906720000E-6	2.989600000E+0	9.999551758E+3	1.229643000E+3
-6.508130000E-5	-7.011030000E-6	3.000600000E+0	9.999551758E+3	1.232048000E+3
-6.492480000E-5	-7.048280000E-6	3.011300000E+0	9.999551758E+3	1.233801000E+3
-6.467150000E-5	-7.063180000E-6	3.022900000E+0	9.999551758E+3	1.236589000E+3
-6.446290000E-5	-7.212190000E-6	3.033100000E+0	9.999551758E+3	1.238184000E+3
-6.415000000E-5	-7.301600000E-6	3.044300000E+0	9.999551758E+3	1.240719000E+3
-6.397120000E-5	-7.413360000E-6	3.054600000E+0	9.999551758E+3	1.242335000E+3
-6.371040000E-5	-7.398460000E-6	3.065000000E+0	9.999551758E+3	1.244695000E+3
-6.342730000E-5	-7.413360000E-6	3.075300000E+0	9.999551758E+3	1.246837000E+3
-6.321120000E-5	-7.532570000E-6	3.086100000E+0	9.999551758E+3	1.248843000E+3
-6.283870000E-5	-7.659260000E-6	3.098100000E+0	9.999551758E+3	1.251789000E+3
-6.270460000E-5	-7.711410000E-6	3.108500000E+0	9.999551758E+3	1.253349000E+3
-6.225750000E-5	-7.890220000E-6	3.118500000E+0	9.999551758E+3	1.255501000E+3
-6.203400000E-5	-7.964730000E-6	3.131600000E+0	9.999551758E+3	1.257910000E+3
-6.175090000E-5	-7.890220000E-6	3.144300000E+0	9.999551758E+3	1.260686000E+3
-6.139320000E-5	-8.046690000E-6	3.154300000E+0	9.999551758E+3	1.262719000E+3
-6.116970000E-5	-8.240400000E-6	3.165900000E+0	9.999551758E+3	1.264699000E+3
-6.074480000E-5	-8.381960000E-6	3.177600000E+0	9.999551758E+3	1.267630000E+3
-6.037970000E-5	-8.471370000E-6	3.189300000E+0	9.999551758E+3	1.269387000E+3
-5.999230000E-5	-8.590580000E-6	3.200800000E+0	9.999551758E+3	1.272157000E+3
-5.972410000E-5	-8.590580000E-6	3.211600000E+0	9.999551758E+3	1.273762000E+3
-5.926960000E-5	-8.702340000E-6	3.224700000E+0	9.999551758E+3	1.276754000E+3
-5.893430000E-5	-8.866250000E-6	3.235900000E+0	9.999551758E+3	1.278851000E+3
-5.849470000E-5	-9.007810000E-6	3.247700000E+0	9.999551758E+3	1.281289000E+3
-5.815950000E-5	-9.127020000E-6	3.258700000E+0	9.999551758E+3	1.283680000E+3
-5.780930000E-5	-9.194070000E-6	3.270900000E+0	9.999551758E+3	1.285617000E+3
-5.736970000E-5	-9.268580000E-6	3.282400000E+0	9.999551758E+3	1.288427000E+3
-5.698970000E-5	-9.410140000E-6	3.294400000E+0	9.999551758E+3	1.290429000E+3
-5.653520000E-5	-9.469750000E-6	3.306200000E+0	9.999551758E+3	1.292951000E+3
-5.620000000E-5	-9.618760000E-6	3.318900000E+0	9.999551758E+3	1.295525000E+3
-5.559650000E-5	-9.819920000E-6	3.331100000E+0	9.999551758E+3	1.297932000E+3
-5.513450000E-5	-9.931680000E-6	3.342500000E+0	9.999551758E+3	1.300350000E+3
-5.470980000E-5	-1.007320000E-5	3.355300000E+0	9.999551758E+3	1.302834000E+3
-5.412130000E-5	-1.025210000E-5	3.367100000E+0	9.999551758E+3	1.305244000E+3
-5.368910000E-5	-1.039360000E-5	3.379400000E+0	9.999551758E+3	1.307368000E+3
-5.307070000E-5	-1.059480000E-5	3.390300000E+0	9.999551758E+3	1.309823000E+3
-5.266090000E-5	-1.057240000E-5	3.400900000E+0	9.999551758E+3	1.312167000E+3
-5.222140000E-5	-1.069160000E-5	3.412500000E+0	9.999551758E+3	1.314171000E+3
-5.160300000E-5	-1.096730000E-5	3.424100000E+0	9.999551758E+3	1.316574000E+3
-5.126020000E-5	-1.109400000E-5	3.434700000E+0	9.999551758E+3	1.318715000E+3
-5.054500000E-5	-1.129510000E-5	3.447600000E+0	9.999551758E+3	1.321481000E+3
-5.016500000E-5	-1.133980000E-5	3.459800000E+0	9.999551758E+3	1.323506000E+3
-4.948700000E-5	-1.154100000E-5	3.472000000E+0	9.999551758E+3	1.326158000E+3
-4.879410000E-5	-1.158570000E-5	3.482700000E+0	9.999551758E+3	1.328573000E+3
-4.821290000E-5	-1.176450000E-5	3.494400000E+0	9.999551758E+3	1.330142000E+3
-4.748280000E-5	-1.194330000E-5	3.506200000E+0	9.999551758E+3	1.332987000E+3
-4.684200000E-5	-1.218920000E-5	3.517100000E+0	9.999551758E+3	1.335421000E+3
-4.640990000E-5	-1.230100000E-5	3.528400000E+0	9.999551758E+3	1.337085000E+3
-4.574680000E-5	-1.254680000E-5	3.539500000E+0	9.999551758E+3	1.339894000E+3
-4.521780000E-5	-1.259900000E-5	3.550400000E+0	9.999551758E+3	1.341495000E+3
-4.453980000E-5	-1.267350000E-5	3.561700000E+0	9.999551758E+3	1.344089000E+3
-4.358610000E-5	-1.293430000E-5	3.572500000E+0	9.999551758E+3	1.346413000E+3
-4.297520000E-5	-1.310560000E-5	3.583600000E+0	9.999551758E+3	1.348464000E+3
-4.257290000E-5	-1.309070000E-5	3.593900000E+0	9.999551758E+3	1.350427000E+3
-4.196940000E-5	-1.323970000E-5	3.604600000E+0	9.999551758E+3	1.352968000E+3
-4.103800000E-5	-1.346330000E-5	3.616800000E+0	9.999551758E+3	1.355003000E+3
-4.037490000E-5	-1.352290000E-5	3.628300000E+0	9.999551758E+3	1.357481000E+3
-3.969690000E-5	-1.362720000E-5	3.641300000E+0	9.999551758E+3	1.359908000E+3
-3.892950000E-5	-1.378360000E-5	3.651700000E+0	9.999551758E+3	1.362288000E+3
-3.806520000E-5	-1.399970000E-5	3.665000000E+0	9.999551758E+3	1.364700000E+3
-3.714140000E-5	-1.412640000E-5	3.676000000E+0	9.999551758E+3	1.367146000E+3
-3.651550000E-5	-1.423070000E-5	3.688000000E+0	9.999551758E+3	1.369214000E+3
-3.563640000E-5	-1.437970000E-5	3.700100000E+0	9.999551758E+3	1.371752000E+3
-3.476460000E-5	-1.450630000E-5	3.711200000E+0	9.999551758E+3	1.373742000E+3
-3.390780000E-5	-1.468520000E-5	3.721300000E+0	9.999551758E+3	1.376187000E+3
-3.325960000E-5	-1.461810000E-5	3.733900000E+0	9.999551758E+3	1.378538000E+3
-3.245500000E-5	-1.463300000E-5	3.744600000E+0	9.999551758E+3	1.380592000E+3
-3.148640000E-5	-1.480440000E-5	3.754900000E+0	9.999551758E+3	1.383099000E+3
-3.082330000E-5	-1.492360000E-5	3.765700000E+0	9.999551758E+3	1.384728000E+3
-2.974280000E-5	-1.501300000E-5	3.777400000E+0	9.999551758E+3	1.387499000E+3
-2.918400000E-5	-1.502790000E-5	3.787500000E+0	9.999551758E+3	1.389177000E+3
-2.811120000E-5	-1.510240000E-5	3.801200000E+0	9.999551758E+3	1.392024000E+3
-2.709790000E-5	-1.519180000E-5	3.812000000E+0	9.999551758E+3	1.394445000E+3
-2.649440000E-5	-1.515450000E-5	3.822400000E+0	9.999551758E+3	1.396054000E+3
-2.550350000E-5	-1.516940000E-5	3.833200000E+0	9.999551758E+3	1.398456000E+3
-2.452740000E-5	-1.516940000E-5	3.845500000E+0	9.999551758E+3	1.401000000E+3
-2.369300000E-5	-1.522160000E-5	3.856400000E+0	9.999551758E+3	1.403092000E+3
-2.297770000E-5	-1.513960000E-5	3.866500000E+0	9.999551758E+3	1.404695000E+3
-2.211340000E-5	-1.508750000E-5	3.877000000E+0	9.999551758E+3	1.407136000E+3
-2.112250000E-5	-1.497570000E-5	3.887900000E+0	9.999551758E+3	1.409880000E+3
-2.052650000E-5	-1.501300000E-5	3.898700000E+0	9.999551758E+3	1.411566000E+3
-1.969950000E-5	-1.485650000E-5	3.909000000E+0	9.999551758E+3	1.413605000E+3
-1.891710000E-5	-1.472240000E-5	3.920100000E+0	9.999551758E+3	1.415657000E+3
-1.788900000E-5	-1.457340000E-5	3.932700000E+0	9.999551758E+3	1.418415000E+3
-1.695760000E-5	-1.440950000E-5	3.945200000E+0	9.999551758E+3	1.420856000E+3
-1.640630000E-5	-1.425300000E-5	3.955500000E+0	9.999551758E+3	1.422801000E+3
-1.551970000E-5	-1.419340000E-5	3.965900000E+0	9.999551758E+3	1.424829000E+3
-1.472990000E-5	-1.399220000E-5	3.976900000E+0	9.999551758E+3	1.427007000E+3
-1.411150000E-5	-1.380600000E-5	3.988500000E+0	9.999551758E+3	1.429740000E+3
-1.330680000E-5	-1.356760000E-5	4.000100000E+0	9.999551758E+3	1.431762000E+3
-1.265860000E-5	-1.332910000E-5	4.010600000E+0	9.999551758E+3	1.433882000E+3
-1.188370000E-5	-1.317270000E-5	4.022800000E+0	9.999551758E+3	1.436294000E+3
-1.133980000E-5	-1.283000000E-5	4.033000000E+0	9.999551758E+3	1.438295000E+3
-1.077360000E-5	-1.267350000E-5	4.043100000E+0	9.999551758E+3	1.440449000E+3
-1.025210000E-5	-1.240530000E-5	4.055300000E+0	9.999551758E+3	1.442825000E+3
-9.596410000E-6	-1.215940000E-5	4.065800000E+0	9.999551758E+3	1.444961000E+3
-8.992910000E-6	-1.193590000E-5	4.076800000E+0	9.999551758E+3	1.447401000E+3
-8.553320000E-6	-1.178690000E-5	4.087900000E+0	9.999551758E+3	1.449025000E+3
-8.039230000E-6	-1.152610000E-5	4.099100000E+0	9.999551758E+3	1.451738000E+3
-7.659260000E-6	-1.127280000E-5	4.109200000E+0	9.999551758E+3	1.453336000E+3
-7.070630000E-6	-1.088540000E-5	4.120600000E+0	9.999551758E+3	1.456191000E+3
-6.750260000E-6	-1.071400000E-5	4.130600000E+0	9.999551758E+3	1.457748000E+3
-6.169110000E-6	-1.029680000E-5	4.141800000E+0	9.999551758E+3	1.460180000E+3
-5.789130000E-6	-1.011790000E-5	4.154000000E+0	9.999551758E+3	1.462602000E+3
-5.289940000E-6	-9.663460000E-6	4.164500000E+0	9.999551758E+3	1.464692000E+3
-4.917410000E-6	-9.380340000E-6	4.174800000E+0	9.999551758E+3	1.466842000E+3
-4.462930000E-6	-9.015260000E-6	4.187100000E+0	9.999551758E+3	1.469220000E+3
-4.015890000E-6	-8.709790000E-6	4.198100000E+0	9.999551758E+3	1.470858000E+3
-3.546490000E-6	-8.411760000E-6	4.211600000E+0	9.999551758E+3	1.474081000E+3
-3.099460000E-6	-7.920030000E-6	4.223300000E+0	9.999551758E+3	1.476439000E+3
-2.786530000E-6	-7.532570000E-6	4.234800000E+0	9.999551758E+3	1.478619000E+3
-2.354400000E-6	-7.100430000E-6	4.245200000E+0	9.999551758E+3	1.480724000E+3
-2.026570000E-6	-6.787510000E-6	4.256000000E+0	9.999551758E+3	1.483074000E+3
-1.683840000E-6	-6.392630000E-6	4.266200000E+0	9.999551758E+3	1.484704000E+3
-1.370910000E-6	-5.953040000E-6	4.276800000E+0	9.999551758E+3	1.487487000E+3
-1.147400000E-6	-5.684820000E-6	4.288000000E+0	9.999551758E+3	1.489113000E+3
-9.089740000E-7	-5.170730000E-6	4.298100000E+0	9.999551758E+3	1.491546000E+3
-7.301610000E-7	-4.917410000E-6	4.308500000E+0	9.999551758E+3	1.493484000E+3
-4.842910000E-7	-4.440580000E-6	4.319000000E+0	9.999551758E+3	1.495979000E+3
-4.693880000E-7	-4.246860000E-6	4.331200000E+0	9.999551758E+3	1.497902000E+3
-3.501790000E-7	-4.023340000E-6	4.341300000E+0	9.999551758E+3	1.499937000E+3
-2.533220000E-7	-3.799810000E-6	4.351500000E+0	9.999551758E+3	1.502475000E+3
-1.341110000E-7	-3.688050000E-6	4.361800000E+0	9.999551758E+3	1.504298000E+3
-6.705570000E-8	-3.509240000E-6	4.373300000E+0	9.999551758E+3	1.506155000E+3
-8.195680000E-8	-3.226120000E-6	4.384800000E+0	9.999551758E+3	1.508958000E+3
-3.725310000E-8	-3.270820000E-6	4.395100000E+0	9.999551758E+3	1.510958000E+3
5.960510000E-8	-3.188860000E-6	4.406800000E+0	9.999551758E+3	1.512996000E+3
8.195680000E-8	-3.039850000E-6	4.418600000E+0	9.999551758E+3	1.515568000E+3
1.564630000E-7	-2.861040000E-6	4.428900000E+0	9.999551758E+3	1.517514000E+3
1.788150000E-7	-2.771630000E-6	4.439600000E+0	9.999551758E+3	1.520067000E+3
5.960510000E-8	-2.652420000E-6	4.450000000E+0	9.999551758E+3	1.522079000E+3
1.341110000E-7	-2.637520000E-6	4.461600000E+0	9.999551758E+3	1.523638000E+3
2.309690000E-7	-2.421450000E-6	4.474600000E+0	9.999551758E+3	1.526440000E+3
1.788150000E-7	-2.376750000E-6	4.485200000E+0	9.999551758E+3	1.528849000E+3
2.533220000E-7	-2.332050000E-6	4.496100000E+0	9.999551758E+3	1.531239000E+3
2.458710000E-7	-2.235190000E-6	4.507700000E+0	9.999551758E+3	1.532840000E+3
2.533220000E-7	-2.183030000E-6	4.518500000E+0	9.999551758E+3	1.535615000E+3
1.639140000E-7	-2.108530000E-6	4.532300000E+0	9.999551758E+3	1.538049000E+3
2.980250000E-7	-2.041470000E-6	4.544100000E+0	9.999551758E+3	1.540574000E+3
2.607720000E-7	-1.966970000E-6	4.555400000E+0	9.999551758E+3	1.542557000E+3
2.756730000E-7	-1.907360000E-6	4.566000000E+0	9.999551758E+3	1.544971000E+3
3.278270000E-7	-1.870100000E-6	4.576600000E+0	9.999551758E+3	1.547561000E+3
3.948830000E-7	-1.735990000E-6	4.587000000E+0	9.999551758E+3	1.549143000E+3
5.587970000E-7	-1.624230000E-6	4.599900000E+0	9.999551758E+3	1.551567000E+3
5.513470000E-7	-1.564630000E-6	4.612100000E+0	9.999551758E+3	1.554023000E+3
5.289950000E-7	-1.601880000E-6	4.624000000E+0	9.999551758E+3	1.556815000E+3
4.917420000E-7	-1.579530000E-6	4.635200000E+0	9.999551758E+3	1.559232000E+3
7.003580000E-7	-1.266610000E-6	4.646500000E+0	9.999551758E+3	1.560823000E+3
6.929080000E-7	-1.169750000E-6	4.659400000E+0	9.999551758E+3	1.563801000E+3
7.301610000E-7	-1.207000000E-6	4.670800000E+0	9.999551758E+3	1.566152000E+3
6.333030000E-7	-1.117590000E-6	4.683500000E+0	9.999551758E+3	1.568172000E+3
6.556550000E-7	-1.244250000E-6	4.695100000E+0	9.999551758E+3	1.570618000E+3
6.184020000E-7	-1.288960000E-6	4.705500000E+0	9.999551758E+3	1.572560000E+3
5.140940000E-7	-1.333660000E-6	4.718800000E+0	9.999551758E+3	1.575744000E+3
5.587970000E-7	-1.288960000E-6	4.728900000E+0	9.999551758E+3	1.577370000E+3
5.736980000E-7	-1.303860000E-6	4.739800000E+0	9.999551758E+3	1.579512000E+3
5.587970000E-7	-1.259160000E-6	4.750600000E+0	9.999551758E+3	1.582373000E+3
5.140940000E-7	-1.229350000E-6	4.761000000E+0	9.999551758E+3	1.583896000E+3
5.140940000E-7	-1.274060000E-6	4.771200000E+0	9.999551758E+3	1.585887000E+3
4.395860000E-7	-1.162300000E-6	4.782400000E+0	9.999551758E+3	1.588287000E+3
4.395860000E-7	-1.043090000E-6	4.793200000E+0	9.999551758E+3	1.590706000E+3
6.184020000E-7	-1.050540000E-6	4.805200000E+0	9.999551758E+3	1.592442000E+3
5.438960000E-7	-1.050540000E-6	4.815600000E+0	9.999551758E+3	1.594882000E+3
6.258520000E-7	-1.087790000E-6	4.827000000E+0	9.999551758E+3	1.597392000E+3
5.960500000E-7	-1.154850000E-6	4.838900000E+0	9.999551758E+3	1.599343000E+3
6.333030000E-7	-1.087790000E-6	4.851000000E+0	9.999551758E+3	1.602165000E+3
6.258520000E-7	-1.102690000E-6	4.861800000E+0	9.999551758E+3	1.604147000E+3
6.854570000E-7	-1.020740000E-6	4.872800000E+0	9.999551758E+3	1.606135000E+3
7.152590000E-7	-1.057990000E-6	4.885100000E+0	9.999551758E+3	1.608960000E+3
6.631050000E-7	-1.080340000E-6	4.896400000E+0	9.999551758E+3	1.611115000E+3
6.929080000E-7	-9.760330000E-7	4.908400000E+0	9.999551758E+3	1.613464000E+3
6.109510000E-7	-1.005840000E-6	4.919300000E+0	9.999551758E+3	1.615873000E+3
5.960500000E-7	-1.080340000E-6	4.930500000E+0	9.999551758E+3	1.617911000E+3
6.631050000E-7	-9.536820000E-7	4.941500000E+0	9.999551758E+3	1.620325000E+3
6.482040000E-7	-9.536820000E-7	4.952700000E+0	9.999551758E+3	1.621928000E+3
6.482040000E-7	-9.387770000E-7	4.964100000E+0	9.999551758E+3	1.624398000E+3
6.780060000E-7	-9.685830000E-7	4.975900000E+0	9.999551758E+3	1.626806000E+3
6.333030000E-7	-8.419190000E-7	4.988500000E+0	9.999551758E+3	1.629606000E+3
6.333030000E-7	-8.121170000E-7	4.999700000E+0	9.999551758E+3	1.631688000E+3
6.407540000E-7	-8.642710000E-7	5.012100000E+0	9.999551758E+3	1.634003000E+3
6.482040000E-7	-8.270180000E-7	5.024200000E+0	9.999551758E+3	1.636404000E+3
6.854570000E-7	-8.344690000E-7	5.037300000E+0	9.999551758E+3	1.639679000E+3
6.556550000E-7	-7.748640000E-7	5.048500000E+0	9.999551758E+3	1.641507000E+3
6.556550000E-7	-7.301610000E-7	5.060800000E+0	9.999551758E+3	1.643951000E+3
6.780060000E-7	-7.525120000E-7	5.071600000E+0	9.999551758E+3	1.646328000E+3
6.631050000E-7	-8.195680000E-7	5.082500000E+0	9.999551758E+3	1.647925000E+3
5.289950000E-7	-9.834840000E-7	5.095600000E+0	9.999551758E+3	1.650681000E+3
6.929080000E-7	-7.227100000E-7	5.106900000E+0	9.999551758E+3	1.653119000E+3
7.227100000E-7	-5.587970000E-7	5.117400000E+0	9.999551758E+3	1.655485000E+3
6.780060000E-7	-6.109510000E-7	5.129000000E+0	9.999551758E+3	1.657482000E+3
6.780060000E-7	-5.289950000E-7	5.141300000E+0	9.999551758E+3	1.660075000E+3
7.525120000E-7	-5.289950000E-7	5.152300000E+0	9.999551758E+3	1.662460000E+3
6.929080000E-7	-5.886000000E-7	5.162900000E+0	9.999551758E+3	1.664083000E+3
7.003580000E-7	-4.544870000E-7	5.173300000E+0	9.999551758E+3	1.666402000E+3
6.631050000E-7	-6.929080000E-7	5.184300000E+0	9.999551758E+3	1.668899000E+3
6.482040000E-7	-5.215440000E-7	5.197200000E+0	9.999551758E+3	1.670934000E+3
6.929080000E-7	-5.811490000E-7	5.208400000E+0	9.999551758E+3	1.673394000E+3
7.152590000E-7	-5.513470000E-7	5.218900000E+0	9.999551758E+3	1.675736000E+3
6.780060000E-7	-5.587970000E-7	5.230000000E+0	9.999551758E+3	1.678168000E+3
7.227100000E-7	-7.227100000E-7	5.242200000E+0	9.999551758E+3	1.679772000E+3
6.631050000E-7	-6.854570000E-7	5.253100000E+0	9.999551758E+3	1.682582000E+3
7.525120000E-7	-6.482040000E-7	5.263700000E+0	9.999551758E+3	1.684619000E+3
6.705560000E-7	-7.003580000E-7	5.274100000E+0	9.999551758E+3	1.686943000E+3
6.780060000E-7	-7.003580000E-7	5.285300000E+0	9.999551758E+3	1.688698000E+3
6.929080000E-7	-5.886000000E-7	5.296200000E+0	9.999551758E+3	1.690707000E+3
6.482040000E-7	-6.184020000E-7	5.307700000E+0	9.999551758E+3	1.693482000E+3
6.258520000E-7	-6.258520000E-7	5.320900000E+0	9.999551758E+3	1.695636000E+3
6.035010000E-7	-5.811490000E-7	5.331800000E+0	9.999551758E+3	1.698178000E+3
7.078090000E-7	-5.736980000E-7	5.342400000E+0	9.999551758E+3	1.700049000E+3
6.780060000E-7	-6.035010000E-7	5.353100000E+0	9.999551758E+3	1.702443000E+3
6.631050000E-7	-6.482040000E-7	5.365400000E+0	9.999551758E+3	1.705229000E+3
6.556550000E-7	-6.780060000E-7	5.377600000E+0	9.999551758E+3	1.707253000E+3
7.525120000E-7	-4.470370000E-7	5.388900000E+0	9.999551758E+3	1.709237000E+3
6.929080000E-7	-5.140940000E-7	5.399700000E+0	9.999551758E+3	1.712029000E+3
7.376110000E-7	-5.736980000E-7	5.410800000E+0	9.999551758E+3	1.713622000E+3
6.854570000E-7	-6.482040000E-7	5.422900000E+0	9.999551758E+3	1.716593000E+3
6.780060000E-7	-6.556550000E-7	5.435700000E+0	9.999551758E+3	1.718569000E+3
6.854570000E-7	-6.482040000E-7	5.446000000E+0	9.999551758E+3	1.721132000E+3
7.599630000E-7	-6.407540000E-7	5.456500000E+0	9.999551758E+3	1.723126000E+3
6.929080000E-7	-6.109510000E-7	5.469300000E+0	9.999551758E+3	1.725555000E+3
7.450620000E-7	-5.811490000E-7	5.483200000E+0	9.999551758E+3	1.728336000E+3
7.078090000E-7	-5.438960000E-7	5.494600000E+0	9.999551758E+3	1.731194000E+3
7.450620000E-7	-4.693880000E-7	5.505600000E+0	9.999551758E+3	1.732729000E+3
8.195680000E-7	-4.842910000E-7	5.516600000E+0	9.999551758E+3	1.735123000E+3
7.450620000E-7	-5.289950000E-7	5.528600000E+0	9.999551758E+3	1.738042000E+3
7.599630000E-7	-5.513470000E-7	5.539300000E+0	9.999551758E+3	1.739713000E+3
7.152590000E-7	-5.438960000E-7	5.550200000E+0	9.999551758E+3	1.741707000E+3
7.599630000E-7	-6.407540000E-7	5.560700000E+0	9.999551758E+3	1.744064000E+3
7.227100000E-7	-5.364450000E-7	5.572900000E+0	9.999551758E+3	1.746149000E+3
7.003580000E-7	-5.662480000E-7	5.584400000E+0	9.999551758E+3	1.748046000E+3
7.078090000E-7	-5.736980000E-7	5.596100000E+0	9.999551758E+3	1.750867000E+3
6.929080000E-7	-4.693880000E-7	5.607000000E+0	9.999551758E+3	1.753380000E+3
7.748640000E-7	-3.874320000E-7	5.617800000E+0	9.999551758E+3	1.755459000E+3
8.046660000E-7	-3.129260000E-7	5.628800000E+0	9.999551758E+3	1.757397000E+3
7.078090000E-7	-2.682230000E-7	5.640800000E+0	9.999551758E+3	1.759797000E+3
7.227100000E-7	-2.682230000E-7	5.651000000E+0	9.999551758E+3	1.762220000E+3
7.525120000E-7	-2.905740000E-7	5.661300000E+0	9.999551758E+3	1.764190000E+3
7.525120000E-7	-2.458710000E-7	5.673200000E+0	9.999551758E+3	1.766192000E+3
7.301610000E-7	-5.662480000E-7	5.684100000E+0	9.999551758E+3	1.768580000E+3
8.344690000E-7	-3.203770000E-7	5.697500000E+0	9.999551758E+3	1.771439000E+3
7.897650000E-7	-2.533220000E-7	5.708000000E+0	9.999551758E+3	1.773168000E+3
8.121170000E-7	-2.980250000E-7	5.718400000E+0	9.999551758E+3	1.775663000E+3
7.227100000E-7	-4.470370000E-7	5.730100000E+0	9.999551758E+3	1.777650000E+3
7.674130000E-7	-3.874320000E-7	5.743600000E+0	9.999551758E+3	1.780461000E+3
7.823150000E-7	-2.309690000E-7	5.755600000E+0	9.999551758E+3	1.782483000E+3
7.599630000E-7	-3.203770000E-7	5.766100000E+0	9.999551758E+3	1.784854000E+3
7.674130000E-7	-3.799810000E-7	5.776200000E+0	9.999551758E+3	1.787316000E+3
7.748640000E-7	-4.991930000E-7	5.787400000E+0	9.999551758E+3	1.788854000E+3
7.823150000E-7	-4.619380000E-7	5.797800000E+0	9.999551758E+3	1.791321000E+3
7.227100000E-7	-5.662480000E-7	5.809100000E+0	9.999551758E+3	1.793408000E+3
7.450620000E-7	-5.736980000E-7	5.820500000E+0	9.999551758E+3	1.796236000E+3
7.599630000E-7	-5.811490000E-7	5.832400000E+0	9.999551758E+3	1.798218000E+3
7.525120000E-7	-4.917420000E-7	5.843500000E+0	9.999551758E+3	1.800195000E+3
7.823150000E-7	-4.544870000E-7	5.853500000E+0	9.999551758E+3	1.802198000E+3
7.450620000E-7	-5.140940000E-7	5.864200000E+0	9.999551758E+3	1.804602000E+3
7.301610000E-7	-4.768410000E-7	5.874400000E+0	9.999551758E+3	1.807057000E+3
7.003580000E-7	-4.768410000E-7	5.884800000E+0	9.999551758E+3	1.808646000E+3
7.599630000E-7	-4.470370000E-7	5.895300000E+0	9.999551758E+3	1.810615000E+3
6.929080000E-7	-4.470370000E-7	5.906500000E+0	9.999551758E+3	1.813188000E+3
7.525120000E-7	-4.917420000E-7	5.918100000E+0	9.999551758E+3	1.815569000E+3
7.525120000E-7	-3.725310000E-7	5.928300000E+0	9.999551758E+3	1.817156000E+3
7.078090000E-7	-3.054760000E-7	5.941100000E+0	9.999551758E+3	1.820011000E+3
7.748640000E-7	-3.725310000E-7	5.951600000E+0	9.999551758E+3	1.822385000E+3
7.003580000E-7	-3.203770000E-7	5.962800000E+0	9.999551758E+3	1.824363000E+3
6.929080000E-7	-3.650800000E-7	5.974700000E+0	9.999551758E+3	1.826367000E+3
7.674130000E-7	-3.650800000E-7	5.984900000E+0	9.999551758E+3	1.828911000E+3
7.599630000E-7	-4.470370000E-7	5.996200000E+0	9.999551758E+3	1.831285000E+3
6.705560000E-7	-4.991930000E-7	6.007200000E+0	9.999551758E+3	1.834503000E+3
