20240415a_HM449HfTa4Zr_chiAC_vs_T_B_3.001.txt Tue, Apr 15, 2025 5:01:01 PM Juan Gabe
Magnet: None
Trigger spacing of 0.010000 on column #3
Offsets:	0.000000000E+0	0.000000000E+0	0.000000000E+0	0.000000000E+0	0.000000000E+0

Scale Factors:	1.000000000E+0	1.000000000E+0	1.000000000E+0	1.000000000E+0	1.000000000E+0

30000 Oe (3 T)
Lockin_V_001	Chan2_V_001	Temperture_001	Field_001	Timestamp_001
-2.101820000E-5	3.077100000E-6	7.500100000E+0	2.999940820E+4	3.000000000E-2
-2.470620000E-5	-4.917410000E-6	7.488300000E+0	2.999940820E+4	6.194800000E+1
-2.322360000E-5	-4.567240000E-6	7.476900000E+0	2.999940820E+4	6.395500000E+1
-2.343960000E-5	-4.880160000E-6	7.466800000E+0	2.999940820E+4	6.573200000E+1
-2.369300000E-5	-5.193080000E-6	7.455400000E+0	2.999940820E+4	6.766700000E+1
-2.405060000E-5	-6.176560000E-6	7.443300000E+0	2.999940820E+4	7.008700000E+1
-2.463170000E-5	-7.301600000E-6	7.431900000E+0	2.999940820E+4	7.257700000E+1
-2.423690000E-5	-6.675750000E-6	7.421500000E+0	2.999940820E+4	7.447500000E+1
-2.449760000E-5	-5.468760000E-6	7.409600000E+0	2.999940820E+4	7.647800000E+1
-2.478070000E-5	-5.900890000E-6	7.399500000E+0	2.999940820E+4	7.847200000E+1
-2.369300000E-5	-7.122780000E-6	7.388600000E+0	2.999940820E+4	8.117300000E+1
-2.406550000E-5	-6.251070000E-6	7.377500000E+0	2.999940820E+4	8.343700000E+1
-2.362590000E-5	-6.698100000E-6	7.365800000E+0	2.999940820E+4	8.546700000E+1
-2.356630000E-5	-6.586340000E-6	7.355300000E+0	2.999940820E+4	8.742100000E+1
-2.398350000E-5	-6.437330000E-6	7.343000000E+0	2.999940820E+4	8.982400000E+1
-2.381220000E-5	-5.781680000E-6	7.332100000E+0	2.999940820E+4	9.221600000E+1
-2.352900000E-5	-5.379350000E-6	7.321600000E+0	2.999940820E+4	9.462500000E+1
-2.323850000E-5	-5.677370000E-6	7.310600000E+0	2.999940820E+4	9.661100000E+1
-2.401330000E-5	-5.669920000E-6	7.299800000E+0	2.999940820E+4	9.860100000E+1
-2.405060000E-5	-4.611940000E-6	7.287700000E+0	2.999940820E+4	1.010640000E+2
-2.433370000E-5	-6.251070000E-6	7.276700000E+0	2.999940820E+4	1.034970000E+2
-2.450510000E-5	-4.716250000E-6	7.265300000E+0	2.999940820E+4	1.054600000E+2
-2.404310000E-5	-4.641740000E-6	7.255100000E+0	2.999940820E+4	1.070460000E+2
-2.530230000E-5	-5.535810000E-6	7.244200000E+0	2.999940820E+4	1.098200000E+2
-2.640500000E-5	-5.461300000E-6	7.233600000E+0	2.999940820E+4	1.118350000E+2
-2.508620000E-5	-6.288320000E-6	7.222500000E+0	2.999940820E+4	1.142240000E+2
-2.495960000E-5	-5.200530000E-6	7.209200000E+0	2.999940820E+4	1.165890000E+2
-2.413250000E-5	-5.036620000E-6	7.197700000E+0	2.999940820E+4	1.189980000E+2
-2.553330000E-5	-5.498560000E-6	7.186800000E+0	2.999940820E+4	1.214160000E+2
-2.511600000E-5	-6.534190000E-6	7.174700000E+0	2.999940820E+4	1.238680000E+2
-2.424430000E-5	-6.705550000E-6	7.164200000E+0	2.999940820E+4	1.255540000E+2
-2.476580000E-5	-7.875320000E-6	7.152400000E+0	2.999940820E+4	1.279430000E+2
-2.527250000E-5	-7.480410000E-6	7.141000000E+0	2.999940820E+4	1.303290000E+2
-2.566740000E-5	-7.286700000E-6	7.130400000E+0	2.999940820E+4	1.323120000E+2
-2.369300000E-5	-6.437330000E-6	7.118800000E+0	2.999940820E+4	1.347310000E+2
-2.483290000E-5	-7.651800000E-6	7.108300000E+0	2.999940820E+4	1.371290000E+2
-2.517560000E-5	-7.353750000E-6	7.097900000E+0	2.999940820E+4	1.391680000E+2
-2.373020000E-5	-6.049900000E-6	7.085500000E+0	2.999940820E+4	1.415610000E+2
-2.482550000E-5	-6.482030000E-6	7.074700000E+0	2.999940820E+4	1.434410000E+2
-2.450510000E-5	-6.906720000E-6	7.064400000E+0	2.999940820E+4	1.458360000E+2
-2.402080000E-5	-5.744430000E-6	7.053900000E+0	2.999940820E+4	1.483220000E+2
-2.413250000E-5	-5.759330000E-6	7.043500000E+0	2.999940820E+4	1.499410000E+2
-2.480310000E-5	-5.163280000E-6	7.032500000E+0	2.999940820E+4	1.519590000E+2
-2.548860000E-5	-4.813100000E-6	7.021600000E+0	2.999940820E+4	1.545030000E+2
-2.483290000E-5	-4.522530000E-6	7.011400000E+0	2.999940820E+4	1.564540000E+2
-2.419220000E-5	-3.740210000E-6	6.998100000E+0	2.999940820E+4	1.589710000E+2
-2.452740000E-5	-4.015890000E-6	6.987600000E+0	2.999940820E+4	1.609710000E+2
-2.428160000E-5	-4.231960000E-6	6.976000000E+0	2.999940820E+4	1.633900000E+2
-2.396120000E-5	-3.732760000E-6	6.964200000E+0	2.999940820E+4	1.658950000E+2
-2.402080000E-5	-4.313920000E-6	6.953400000E+0	2.999940820E+4	1.679560000E+2
-2.340240000E-5	-3.084550000E-6	6.943300000E+0	2.999940820E+4	1.695900000E+2
-2.276160000E-5	-3.136710000E-6	6.932600000E+0	2.999940820E+4	1.720440000E+2
-2.366320000E-5	-3.576290000E-6	6.922300000E+0	2.999940820E+4	1.740610000E+2
-2.457960000E-5	-3.106910000E-6	6.911900000E+0	2.999940820E+4	1.765170000E+2
-2.407290000E-5	-3.188860000E-6	6.899300000E+0	2.999940820E+4	1.790070000E+2
-2.352900000E-5	-2.443800000E-6	6.888800000E+0	2.999940820E+4	1.807610000E+2
-2.396860000E-5	-2.458710000E-6	6.878700000E+0	2.999940820E+4	1.827140000E+2
-2.383450000E-5	-3.121810000E-6	6.868600000E+0	2.999940820E+4	1.846170000E+2
-2.367060000E-5	-2.913190000E-6	6.857500000E+0	2.999940820E+4	1.870280000E+2
-2.341730000E-5	-3.814730000E-6	6.847000000E+0	2.999940820E+4	1.896970000E+2
-2.318630000E-5	-2.935540000E-6	6.836200000E+0	2.999940820E+4	1.912400000E+2
-2.196440000E-5	-3.576290000E-6	6.823100000E+0	2.999940820E+4	1.937740000E+2
-2.299260000E-5	-5.431500000E-6	6.812300000E+0	2.999940820E+4	1.963110000E+2
-2.300010000E-5	-4.187260000E-6	6.800400000E+0	2.999940820E+4	1.985610000E+2
-2.321610000E-5	-4.887610000E-6	6.789600000E+0	2.999940820E+4	2.005130000E+2
-2.286590000E-5	-4.701350000E-6	6.778900000E+0	2.999940820E+4	2.027250000E+2
-2.318630000E-5	-4.507630000E-6	6.767900000E+0	2.999940820E+4	2.047070000E+2
-2.156210000E-5	-3.486890000E-6	6.755000000E+0	2.999940820E+4	2.077690000E+2
-2.133860000E-5	-3.136710000E-6	6.743700000E+0	2.999940820E+4	2.102080000E+2
-2.209850000E-5	-3.181410000E-6	6.732400000E+0	2.999940820E+4	2.118930000E+2
-2.063080000E-5	-3.129260000E-6	6.720900000E+0	2.999940820E+4	2.140570000E+2
-2.094370000E-5	-2.980250000E-6	6.709200000E+0	2.999940820E+4	2.169810000E+2
-1.982610000E-5	-2.644970000E-6	6.696900000E+0	2.999940820E+4	2.195200000E+2
-2.121940000E-5	-3.486890000E-6	6.686400000E+0	2.999940820E+4	2.212690000E+2
-2.047430000E-5	-3.427280000E-6	6.675100000E+0	2.999940820E+4	2.233110000E+2
-2.028800000E-5	-3.993540000E-6	6.664400000E+0	2.999940820E+4	2.259450000E+2
-2.077980000E-5	-3.375130000E-6	6.653700000E+0	2.999940820E+4	2.279260000E+2
-2.142050000E-5	-3.680600000E-6	6.642200000E+0	2.999940820E+4	2.300590000E+2
-2.122680000E-5	-5.543260000E-6	6.630600000E+0	2.999940820E+4	2.326580000E+2
-2.235930000E-5	-6.161660000E-6	6.619700000E+0	2.999940820E+4	2.343760000E+2
-2.267220000E-5	-5.267590000E-6	6.608100000E+0	2.999940820E+4	2.374010000E+2
-2.361100000E-5	-4.813100000E-6	6.596300000E+0	2.999940820E+4	2.398290000E+2
-2.411760000E-5	-5.394250000E-6	6.583800000E+0	2.999940820E+4	2.420990000E+2
-2.437840000E-5	-6.124410000E-6	6.571200000E+0	2.999940820E+4	2.441060000E+2
-2.504900000E-5	-6.116960000E-6	6.560500000E+0	2.999940820E+4	2.466530000E+2
-2.387920000E-5	-5.006820000E-6	6.549600000E+0	2.999940820E+4	2.489790000E+2
-2.463920000E-5	-6.064800000E-6	6.537900000E+0	2.999940820E+4	2.508810000E+2
-2.396120000E-5	-5.193080000E-6	6.526700000E+0	2.999940820E+4	2.528410000E+2
-2.454230000E-5	-5.707170000E-6	6.515300000E+0	2.999940820E+4	2.555700000E+2
-2.462430000E-5	-6.295770000E-6	6.502700000E+0	2.999940820E+4	2.583420000E+2
-2.488510000E-5	-7.167490000E-6	6.491400000E+0	2.999940820E+4	2.600690000E+2
-2.521290000E-5	-6.891820000E-6	6.481200000E+0	2.999940820E+4	2.626260000E+2
-2.568230000E-5	-6.541640000E-6	6.469100000E+0	2.999940820E+4	2.647350000E+2
-2.445290000E-5	-7.070630000E-6	6.457200000E+0	2.999940820E+4	2.673330000E+2
-2.507130000E-5	-7.472960000E-6	6.446600000E+0	2.999940820E+4	2.689950000E+2
-2.439330000E-5	-6.563990000E-6	6.434300000E+0	2.999940820E+4	2.713900000E+2
-2.408780000E-5	-6.742800000E-6	6.423900000E+0	2.999940820E+4	2.741050000E+2
-2.264990000E-5	-6.355370000E-6	6.413400000E+0	2.999940820E+4	2.760420000E+2
-2.300010000E-5	-5.655020000E-6	6.401400000E+0	2.999940820E+4	2.782010000E+2
-2.331300000E-5	-5.714620000E-6	6.388800000E+0	2.999940820E+4	2.808750000E+2
-2.213580000E-5	-5.200530000E-6	6.377400000E+0	2.999940820E+4	2.832630000E+2
-2.247850000E-5	-5.513460000E-6	6.365400000E+0	2.999940820E+4	2.855800000E+2
-2.306710000E-5	-5.729530000E-6	6.354500000E+0	2.999940820E+4	2.879160000E+2
-2.186010000E-5	-5.587960000E-6	6.341400000E+0	2.999940820E+4	2.900590000E+2
-2.244130000E-5	-5.513460000E-6	6.331200000E+0	2.999940820E+4	2.925900000E+2
-2.174840000E-5	-5.140930000E-6	6.320400000E+0	2.999940820E+4	2.947300000E+2
-2.172600000E-5	-4.574690000E-6	6.309800000E+0	2.999940820E+4	2.963320000E+2
-2.121190000E-5	-4.157450000E-6	6.299200000E+0	2.999940820E+4	2.990250000E+2
-2.212830000E-5	-4.187260000E-6	6.288800000E+0	2.999940820E+4	3.006300000E+2
-2.236680000E-5	-5.275040000E-6	6.275700000E+0	2.999940820E+4	3.032770000E+2
-2.183030000E-5	-5.342100000E-6	6.265200000E+0	2.999940820E+4	3.057130000E+2
-2.202400000E-5	-5.587960000E-6	6.252900000E+0	2.999940820E+4	3.081970000E+2
-2.179310000E-5	-5.744430000E-6	6.242300000E+0	2.999940820E+4	3.102140000E+2
-2.199420000E-5	-5.215440000E-6	6.230800000E+0	2.999940820E+4	3.125030000E+2
-2.267970000E-5	-6.392630000E-6	6.219200000E+0	2.999940820E+4	3.152690000E+2
-2.166640000E-5	-5.632670000E-6	6.208000000E+0	2.999940820E+4	3.167800000E+2
-2.063080000E-5	-5.520910000E-6	6.196800000E+0	2.999940820E+4	3.192550000E+2
-2.126410000E-5	-5.133480000E-6	6.186000000E+0	2.999940820E+4	3.210480000E+2
-2.107040000E-5	-5.893440000E-6	6.174100000E+0	2.999940820E+4	3.239560000E+2
-2.125660000E-5	-5.453850000E-6	6.163600000E+0	2.999940820E+4	3.259440000E+2
-1.985590000E-5	-4.865260000E-6	6.152800000E+0	2.999940820E+4	3.278270000E+2
-2.075740000E-5	-4.164900000E-6	6.142700000E+0	2.999940820E+4	3.302620000E+2
-2.123430000E-5	-4.187260000E-6	6.130800000E+0	2.999940820E+4	3.325340000E+2
-2.122680000E-5	-5.289940000E-6	6.120100000E+0	2.999940820E+4	3.344980000E+2
-2.111510000E-5	-4.656640000E-6	6.108900000E+0	2.999940820E+4	3.366760000E+2
-2.108530000E-5	-4.969570000E-6	6.097900000E+0	2.999940820E+4	3.387440000E+2
-2.147270000E-5	-4.977020000E-6	6.084700000E+0	2.999940820E+4	3.416850000E+2
-2.010180000E-5	-4.731150000E-6	6.074300000E+0	2.999940820E+4	3.437950000E+2
-2.046690000E-5	-4.731150000E-6	6.063800000E+0	2.999940820E+4	3.459720000E+2
-2.066060000E-5	-4.291560000E-6	6.053700000E+0	2.999940820E+4	3.475490000E+2
-2.066060000E-5	-4.701350000E-6	6.043300000E+0	2.999940820E+4	3.502330000E+2
-2.063820000E-5	-4.656640000E-6	6.030800000E+0	2.999940820E+4	3.529130000E+2
-2.123430000E-5	-4.760950000E-6	6.020400000E+0	2.999940820E+4	3.543650000E+2
-2.129390000E-5	-4.939760000E-6	6.009000000E+0	2.999940820E+4	3.567740000E+2
-2.126410000E-5	-4.962120000E-6	5.997700000E+0	2.999940820E+4	3.590260000E+2
-2.096610000E-5	-4.842910000E-6	5.986000000E+0	2.999940820E+4	3.612920000E+2
-2.072020000E-5	-5.118580000E-6	5.975600000E+0	2.999940820E+4	3.637010000E+2
-2.055630000E-5	-4.522530000E-6	5.964000000E+0	2.999940820E+4	3.654780000E+2
-2.101080000E-5	-4.790750000E-6	5.953400000E+0	2.999940820E+4	3.679700000E+2
-2.116720000E-5	-5.006820000E-6	5.942900000E+0	2.999940820E+4	3.701200000E+2
-2.227740000E-5	-4.753500000E-6	5.931200000E+0	2.999940820E+4	3.726260000E+2
-2.155460000E-5	-4.060600000E-6	5.920000000E+0	2.999940820E+4	3.744180000E+2
-2.135350000E-5	-4.768400000E-6	5.908300000E+0	2.999940820E+4	3.771980000E+2
-2.146520000E-5	-5.058970000E-6	5.896000000E+0	2.999940820E+4	3.794760000E+2
-2.229970000E-5	-4.023340000E-6	5.884500000E+0	2.999940820E+4	3.816860000E+2
-2.197930000E-5	-5.476210000E-6	5.872600000E+0	2.999940820E+4	3.841160000E+2
-2.158440000E-5	-4.880160000E-6	5.862600000E+0	2.999940820E+4	3.858530000E+2
-2.272440000E-5	-5.401700000E-6	5.850700000E+0	2.999940820E+4	3.882170000E+2
-2.236680000E-5	-5.371900000E-6	5.839900000E+0	2.999940820E+4	3.908790000E+2
-2.169620000E-5	-4.641740000E-6	5.829600000E+0	2.999940820E+4	3.928810000E+2
-2.148760000E-5	-5.371900000E-6	5.819500000E+0	2.999940820E+4	3.946980000E+2
-2.124170000E-5	-4.507630000E-6	5.808800000E+0	2.999940820E+4	3.967750000E+2
-2.093620000E-5	-4.947210000E-6	5.796100000E+0	2.999940820E+4	3.992880000E+2
-2.110760000E-5	-5.170730000E-6	5.785200000E+0	2.999940820E+4	4.014240000E+2
-2.127150000E-5	-4.276660000E-6	5.773700000E+0	2.999940820E+4	4.040130000E+2
-2.078720000E-5	-5.267590000E-6	5.763400000E+0	2.999940820E+4	4.062860000E+2
-2.153970000E-5	-5.073870000E-6	5.751200000E+0	2.999940820E+4	4.084780000E+2
-2.104800000E-5	-5.021720000E-6	5.741100000E+0	2.999940820E+4	4.099660000E+2
-2.088410000E-5	-5.237790000E-6	5.731100000E+0	2.999940820E+4	4.127530000E+2
-2.108530000E-5	-5.781680000E-6	5.720300000E+0	2.999940820E+4	4.147630000E+2
-2.045200000E-5	-5.133480000E-6	5.709400000E+0	2.999940820E+4	4.170580000E+2
-2.105550000E-5	-5.409150000E-6	5.695800000E+0	2.999940820E+4	4.190650000E+2
-2.232210000E-5	-5.200530000E-6	5.685500000E+0	2.999940820E+4	4.219550000E+2
-2.161430000E-5	-5.118580000E-6	5.675100000E+0	2.999940820E+4	4.232750000E+2
-2.142050000E-5	-5.133480000E-6	5.662200000E+0	2.999940820E+4	4.262050000E+2
-2.083940000E-5	-5.453850000E-6	5.649600000E+0	2.999940820E+4	4.284970000E+2
-2.146520000E-5	-5.640120000E-6	5.637700000E+0	2.999940820E+4	4.310090000E+2
-2.122680000E-5	-5.148380000E-6	5.626300000E+0	2.999940820E+4	4.335430000E+2
-2.166640000E-5	-5.014270000E-6	5.616000000E+0	2.999940820E+4	4.357830000E+2
-2.099590000E-5	-4.917410000E-6	5.604700000E+0	2.999940820E+4	4.379270000E+2
-2.121940000E-5	-5.289940000E-6	5.592900000E+0	2.999940820E+4	4.396780000E+2
-2.171110000E-5	-5.200530000E-6	5.580600000E+0	2.999940820E+4	4.426790000E+2
-2.141310000E-5	-5.118580000E-6	5.567300000E+0	2.999940820E+4	4.448760000E+2
-2.043710000E-5	-4.641740000E-6	5.557200000E+0	2.999940820E+4	4.473980000E+2
-2.039240000E-5	-5.483660000E-6	5.546900000E+0	2.999940820E+4	4.492710000E+2
-2.014650000E-5	-4.209610000E-6	5.534300000E+0	2.999940820E+4	4.516860000E+2
-1.933440000E-5	-4.641740000E-6	5.523600000E+0	2.999940820E+4	4.541790000E+2
-1.944610000E-5	-3.770010000E-6	5.513300000E+0	2.999940820E+4	4.556010000E+2
-1.852970000E-5	-3.404930000E-6	5.500400000E+0	2.999940820E+4	4.585350000E+2
-1.908850000E-5	-3.866880000E-6	5.490000000E+0	2.999940820E+4	4.608480000E+2
-1.905130000E-5	-3.740210000E-6	5.477800000E+0	2.999940820E+4	4.627320000E+2
-2.002730000E-5	-4.820550000E-6	5.467400000E+0	2.999940820E+4	4.651240000E+2
-1.896930000E-5	-4.291560000E-6	5.456200000E+0	2.999940820E+4	4.671200000E+2
-1.957280000E-5	-4.790750000E-6	5.444400000E+0	2.999940820E+4	4.697400000E+2
-2.001980000E-5	-5.245240000E-6	5.433200000E+0	2.999940820E+4	4.723400000E+2
-1.993790000E-5	-5.655020000E-6	5.421300000E+0	2.999940820E+4	4.742000000E+2
-1.989320000E-5	-5.185630000E-6	5.409900000E+0	2.999940820E+4	4.765960000E+2
-1.984850000E-5	-5.275040000E-6	5.398800000E+0	2.999940820E+4	4.789770000E+2
-1.934180000E-5	-4.120200000E-6	5.385300000E+0	2.999940820E+4	4.817010000E+2
-1.984850000E-5	-4.343720000E-6	5.373800000E+0	2.999940820E+4	4.834720000E+2
-2.121940000E-5	-4.336270000E-6	5.363700000E+0	2.999940820E+4	4.861830000E+2
-2.017630000E-5	-4.634290000E-6	5.353500000E+0	2.999940820E+4	4.877000000E+2
-2.048180000E-5	-5.729530000E-6	5.340900000E+0	2.999940820E+4	4.906060000E+2
-2.029550000E-5	-5.066420000E-6	5.330800000E+0	2.999940820E+4	4.924790000E+2
-2.011670000E-5	-5.334640000E-6	5.320400000E+0	2.999940820E+4	4.944670000E+2
-1.987080000E-5	-4.947210000E-6	5.305700000E+0	2.999940820E+4	4.975430000E+2
-1.961750000E-5	-4.649190000E-6	5.294500000E+0	2.999940820E+4	4.992500000E+2
-2.031040000E-5	-5.289940000E-6	5.282200000E+0	2.999940820E+4	5.021960000E+2
-2.022840000E-5	-4.187260000E-6	5.271000000E+0	2.999940820E+4	5.045230000E+2
-1.981870000E-5	-3.933940000E-6	5.258700000E+0	2.999940820E+4	5.065130000E+2
-2.052650000E-5	-4.269210000E-6	5.245200000E+0	2.999940820E+4	5.093770000E+2
-2.044450000E-5	-4.589590000E-6	5.234400000E+0	2.999940820E+4	5.116660000E+2
-1.986340000E-5	-3.762560000E-6	5.224200000E+0	2.999940820E+4	5.141730000E+2
-2.052650000E-5	-4.462930000E-6	5.214000000E+0	2.999940820E+4	5.155660000E+2
-2.023590000E-5	-4.224510000E-6	5.202600000E+0	2.999940820E+4	5.180430000E+2
-2.077980000E-5	-3.568840000E-6	5.192500000E+0	2.999940820E+4	5.203090000E+2
-2.048180000E-5	-3.844530000E-6	5.180700000E+0	2.999940820E+4	5.223290000E+2
-2.077980000E-5	-3.635900000E-6	5.169800000E+0	2.999940820E+4	5.252410000E+2
-2.000490000E-5	-3.904130000E-6	5.158300000E+0	2.999940820E+4	5.271340000E+2
-1.977400000E-5	-3.688050000E-6	5.147300000E+0	2.999940820E+4	5.291460000E+2
-1.971440000E-5	-3.553940000E-6	5.133600000E+0	2.999940820E+4	5.315760000E+2
-2.041470000E-5	-3.814730000E-6	5.119800000E+0	2.999940820E+4	5.344370000E+2
-1.905130000E-5	-3.479440000E-6	5.108600000E+0	2.999940820E+4	5.369550000E+2
-1.927480000E-5	-3.412380000E-6	5.094800000E+0	2.999940820E+4	5.396980000E+2
-2.037000000E-5	-3.561390000E-6	5.084500000E+0	2.999940820E+4	5.420580000E+2
-2.016880000E-5	-3.509240000E-6	5.073300000E+0	2.999940820E+4	5.441930000E+2
-1.956530000E-5	-3.062200000E-6	5.062800000E+0	2.999940820E+4	5.464460000E+2
-2.013900000E-5	-2.935540000E-6	5.049900000E+0	2.999940820E+4	5.486080000E+2
-1.921520000E-5	-3.866880000E-6	5.038300000E+0	2.999940820E+4	5.512980000E+2
-1.984100000E-5	-3.986090000E-6	5.027600000E+0	2.999940820E+4	5.532360000E+2
-1.997510000E-5	-3.859430000E-6	5.016400000E+0	2.999940820E+4	5.551700000E+2
-1.946100000E-5	-3.367680000E-6	5.005100000E+0	2.999940820E+4	5.571200000E+2
-1.979630000E-5	-3.173960000E-6	4.994500000E+0	2.999940820E+4	5.601760000E+2
-1.930460000E-5	-3.278270000E-6	4.981500000E+0	2.999940820E+4	5.623470000E+2
-1.882770000E-5	-3.755110000E-6	4.969500000E+0	2.999940820E+4	5.648190000E+2
-1.949080000E-5	-4.179800000E-6	4.957800000E+0	2.999940820E+4	5.667170000E+2
-2.001980000E-5	-4.470380000E-6	4.946100000E+0	2.999940820E+4	5.696640000E+2
-1.876070000E-5	-4.112750000E-6	4.933400000E+0	2.999940820E+4	5.715760000E+2
-1.920770000E-5	-4.515080000E-6	4.920400000E+0	2.999940820E+4	5.743040000E+2
-1.897670000E-5	-5.036620000E-6	4.909100000E+0	2.999940820E+4	5.772080000E+2
-1.925240000E-5	-5.170730000E-6	4.898600000E+0	2.999940820E+4	5.792200000E+2
-1.980380000E-5	-5.848730000E-6	4.887000000E+0	2.999940820E+4	5.806990000E+2
-1.876810000E-5	-5.304840000E-6	4.873800000E+0	2.999940820E+4	5.840400000E+2
-2.018370000E-5	-6.109510000E-6	4.860400000E+0	2.999940820E+4	5.865470000E+2
-1.983360000E-5	-6.325570000E-6	4.850300000E+0	2.999940820E+4	5.882940000E+2
-2.096610000E-5	-6.943970000E-6	4.840000000E+0	2.999940820E+4	5.909790000E+2
-2.072020000E-5	-6.906720000E-6	4.829400000E+0	2.999940820E+4	5.927380000E+2
-2.088410000E-5	-7.040830000E-6	4.816900000E+0	2.999940820E+4	5.946890000E+2
-2.129390000E-5	-7.547470000E-6	4.804900000E+0	2.999940820E+4	5.976270000E+2
-2.075000000E-5	-7.286700000E-6	4.792600000E+0	2.999940820E+4	6.003050000E+2
-2.180050000E-5	-7.718860000E-6	4.782100000E+0	2.999940820E+4	6.022930000E+2
-2.169620000E-5	-7.957280000E-6	4.768800000E+0	2.999940820E+4	6.047150000E+2
-2.336510000E-5	-8.598030000E-6	4.755500000E+0	2.999940820E+4	6.075970000E+2
-2.357380000E-5	-8.136090000E-6	4.743600000E+0	2.999940820E+4	6.100480000E+2
-2.356630000E-5	-8.843900000E-6	4.733500000E+0	2.999940820E+4	6.114600000E+2
-2.533210000E-5	-1.019990000E-5	4.720700000E+0	2.999940820E+4	6.144610000E+2
-2.477330000E-5	-9.998740000E-6	4.706300000E+0	2.999940820E+4	6.168400000E+2
-2.621130000E-5	-1.077360000E-5	4.695700000E+0	2.999940820E+4	6.198680000E+2
-2.641990000E-5	-1.148890000E-5	4.684200000E+0	2.999940820E+4	6.216750000E+2
-2.826760000E-5	-1.153360000E-5	4.672400000E+0	2.999940820E+4	6.241580000E+2
-2.872210000E-5	-1.146650000E-5	4.659900000E+0	2.999940820E+4	6.265000000E+2
-3.033140000E-5	-1.145160000E-5	4.649800000E+0	2.999940820E+4	6.289800000E+2
-3.050280000E-5	-1.204020000E-5	4.639700000E+0	2.999940820E+4	6.310730000E+2
-3.097230000E-5	-1.272560000E-5	4.627100000E+0	2.999940820E+4	6.331800000E+2
-3.317020000E-5	-1.289700000E-5	4.615500000E+0	2.999940820E+4	6.357790000E+2
-3.282750000E-5	-1.249470000E-5	4.605000000E+0	2.999940820E+4	6.375930000E+2
-3.494350000E-5	-1.234570000E-5	4.594800000E+0	2.999940820E+4	6.399890000E+2
-3.565130000E-5	-1.306840000E-5	4.584100000E+0	2.999940820E+4	6.415140000E+2
-3.524150000E-5	-1.330680000E-5	4.573400000E+0	2.999940820E+4	6.443920000E+2
-3.584500000E-5	-1.305350000E-5	4.562600000E+0	2.999940820E+4	6.464470000E+2
-3.758840000E-5	-1.413380000E-5	4.549800000E+0	2.999940820E+4	6.482540000E+2
-3.781190000E-5	-1.376870000E-5	4.536600000E+0	2.999940820E+4	6.512300000E+2
-3.882520000E-5	-1.372400000E-5	4.525800000E+0	2.999940820E+4	6.532150000E+2
-3.896680000E-5	-1.356010000E-5	4.513700000E+0	2.999940820E+4	6.560000000E+2
-3.848990000E-5	-1.358250000E-5	4.503200000E+0	2.999940820E+4	6.579790000E+2
-4.041220000E-5	-1.420090000E-5	4.491400000E+0	2.999940820E+4	6.599880000E+2
-4.097840000E-5	-1.426790000E-5	4.480800000E+0	2.999940820E+4	6.623020000E+2
-4.187990000E-5	-1.463300000E-5	4.470800000E+0	2.999940820E+4	6.648080000E+2
-4.243870000E-5	-1.452120000E-5	4.457900000E+0	2.999940820E+4	6.668950000E+2
-4.363080000E-5	-1.432010000E-5	4.446100000E+0	2.999940820E+4	6.695470000E+2
-4.408530000E-5	-1.490870000E-5	4.434500000E+0	2.999940820E+4	6.715600000E+2
-4.581390000E-5	-1.435730000E-5	4.423800000E+0	2.999940820E+4	6.737330000E+2
-4.615660000E-5	-1.382830000E-5	4.411900000E+0	2.999940820E+4	6.763910000E+2
-4.522530000E-5	-1.391030000E-5	4.398000000E+0	2.999940820E+4	6.784220000E+2
-4.563500000E-5	-1.416360000E-5	4.387100000E+0	2.999940820E+4	6.818320000E+2
-4.706560000E-5	-1.412640000E-5	4.375600000E+0	2.999940820E+4	6.831680000E+2
-4.797450000E-5	-1.393260000E-5	4.365300000E+0	2.999940820E+4	6.855620000E+2
-4.732630000E-5	-1.443930000E-5	4.351900000E+0	2.999940820E+4	6.879710000E+2
-4.901760000E-5	-1.459570000E-5	4.340200000E+0	2.999940820E+4	6.904390000E+2
-5.012770000E-5	-1.395500000E-5	4.328400000E+0	2.999940820E+4	6.933800000E+2
-5.041090000E-5	-1.478950000E-5	4.316500000E+0	2.999940820E+4	6.954370000E+2
-5.204250000E-5	-1.370910000E-5	4.304400000E+0	2.999940820E+4	6.976790000E+2
-5.245980000E-5	-1.394010000E-5	4.292100000E+0	2.999940820E+4	7.001160000E+2
-5.352520000E-5	-1.364210000E-5	4.278600000E+0	2.999940820E+4	7.026350000E+2
-5.725050000E-5	-1.385070000E-5	4.267300000E+0	2.999940820E+4	7.049310000E+2
-5.766770000E-5	-1.358250000E-5	4.255400000E+0	2.999940820E+4	7.078220000E+2
-5.864380000E-5	-1.392520000E-5	4.243600000E+0	2.999940820E+4	7.098270000E+2
-5.897900000E-5	-1.422320000E-5	4.230900000E+0	2.999940820E+4	7.122160000E+2
-6.014130000E-5	-1.387300000E-5	4.217200000E+0	2.999940820E+4	7.151730000E+2
-6.099810000E-5	-1.399220000E-5	4.205900000E+0	2.999940820E+4	7.171680000E+2
-6.024560000E-5	-1.391030000E-5	4.194400000E+0	2.999940820E+4	7.202050000E+2
-6.061820000E-5	-1.396990000E-5	4.182500000E+0	2.999940820E+4	7.219780000E+2
-6.146780000E-5	-1.405930000E-5	4.170800000E+0	2.999940820E+4	7.243920000E+2
-6.196690000E-5	-1.330680000E-5	4.158900000E+0	2.999940820E+4	7.274330000E+2
-6.297280000E-5	-1.361230000E-5	4.147800000E+0	2.999940820E+4	7.288240000E+2
-6.403080000E-5	-1.296410000E-5	4.136700000E+0	2.999940820E+4	7.317240000E+2
-6.429150000E-5	-1.330680000E-5	4.126700000E+0	2.999940820E+4	7.330570000E+2
-6.473860000E-5	-1.317270000E-5	4.115100000E+0	2.999940820E+4	7.359270000E+2
-6.626590000E-5	-1.286720000E-5	4.103300000E+0	2.999940820E+4	7.379350000E+2
-6.718240000E-5	-1.269580000E-5	4.090200000E+0	2.999940820E+4	7.403740000E+2
-6.812860000E-5	-1.207000000E-5	4.078000000E+0	2.999940820E+4	7.427870000E+2
-6.789760000E-5	-1.273310000E-5	4.066200000E+0	2.999940820E+4	7.452890000E+2
-6.924620000E-5	-1.188370000E-5	4.054600000E+0	2.999940820E+4	7.482040000E+2
-7.041590000E-5	-1.160060000E-5	4.042600000E+0	2.999940820E+4	7.501680000E+2
-7.055750000E-5	-1.220410000E-5	4.031700000E+0	2.999940820E+4	7.524620000E+2
-7.089270000E-5	-1.229350000E-5	4.021000000E+0	2.999940820E+4	7.545180000E+2
-7.184640000E-5	-1.218920000E-5	4.010300000E+0	2.999940820E+4	7.563300000E+2
-7.201780000E-5	-1.216690000E-5	3.998100000E+0	2.999940820E+4	7.588800000E+2
-7.302360000E-5	-1.152610000E-5	3.985300000E+0	2.999940820E+4	7.619130000E+2
-7.268090000E-5	-1.039360000E-5	3.973600000E+0	2.999940820E+4	7.636940000E+2
-7.271070000E-5	-1.065440000E-5	3.961800000E+0	2.999940820E+4	7.661010000E+2
-7.406670000E-5	-1.052770000E-5	3.950100000E+0	2.999940820E+4	7.686960000E+2
-7.313540000E-5	-1.003600000E-5	3.938400000E+0	2.999940820E+4	7.708610000E+2
-7.476700000E-5	-1.221900000E-5	3.926600000E+0	2.999940820E+4	7.733950000E+2
-7.606340000E-5	-1.213710000E-5	3.916600000E+0	2.999940820E+4	7.754120000E+2
-7.707670000E-5	-1.226370000E-5	3.904700000E+0	2.999940820E+4	7.776830000E+2
-7.632420000E-5	-1.206250000E-5	3.891200000E+0	2.999940820E+4	7.801700000E+2
-7.770260000E-5	-1.131750000E-5	3.878100000E+0	2.999940820E+4	7.831690000E+2
-7.654770000E-5	-1.102690000E-5	3.867400000E+0	2.999940820E+4	7.856850000E+2
-7.619010000E-5	-1.118340000E-5	3.857000000E+0	2.999940820E+4	7.869790000E+2
-7.736730000E-5	-1.045320000E-5	3.847000000E+0	2.999940820E+4	7.893660000E+2
-7.776960000E-5	-1.116100000E-5	3.835100000E+0	2.999940820E+4	7.917840000E+2
-7.877550000E-5	-1.091520000E-5	3.822500000E+0	2.999940820E+4	7.937590000E+2
-7.924480000E-5	-1.164530000E-5	3.810600000E+0	2.999940820E+4	7.968020000E+2
-7.880530000E-5	-9.633660000E-6	3.798500000E+0	2.999940820E+4	7.988500000E+2
-7.946090000E-5	-1.028190000E-5	3.786700000E+0	2.999940820E+4	8.009590000E+2
-7.952800000E-5	-1.063200000E-5	3.775000000E+0	2.999940820E+4	8.039880000E+2
-8.035500000E-5	-8.910950000E-6	3.759900000E+0	2.999940820E+4	8.064260000E+2
-8.151730000E-5	-8.791740000E-6	3.748800000E+0	2.999940820E+4	8.090050000E+2
-8.132360000E-5	-7.666710000E-6	3.737800000E+0	2.999940820E+4	8.112740000E+2
-8.181530000E-5	-7.942380000E-6	3.726400000E+0	2.999940820E+4	8.132810000E+2
-8.244110000E-5	-7.882770000E-6	3.714900000E+0	2.999940820E+4	8.158050000E+2
-8.294030000E-5	-7.331400000E-6	3.703200000E+0	2.999940820E+4	8.180450000E+2
-8.270190000E-5	-7.607070000E-6	3.692300000E+0	2.999940820E+4	8.204410000E+2
-8.425160000E-5	-7.890220000E-6	3.682200000E+0	2.999940820E+4	8.225510000E+2
-8.419950000E-5	-7.689060000E-6	3.671800000E+0	2.999940820E+4	8.239590000E+2
-8.423670000E-5	-6.757710000E-6	3.661700000E+0	2.999940820E+4	8.264720000E+2
-8.398340000E-5	-7.763560000E-6	3.649800000E+0	2.999940820E+4	8.287230000E+2
-8.505630000E-5	-7.890220000E-6	3.638700000E+0	2.999940820E+4	8.307180000E+2
-8.510840000E-5	-7.145140000E-6	3.626500000E+0	2.999940820E+4	8.336840000E+2
-8.614410000E-5	-7.204740000E-6	3.610500000E+0	2.999940820E+4	8.360250000E+2
-8.625580000E-5	-6.906720000E-6	3.593200000E+0	2.999940820E+4	8.403000000E+2
-8.629310000E-5	-7.420810000E-6	3.581300000E+0	2.999940820E+4	8.424140000E+2
-8.750750000E-5	-9.141920000E-6	3.570500000E+0	2.999940820E+4	8.451190000E+2
-8.767140000E-5	-8.173350000E-6	3.552000000E+0	2.999940820E+4	8.482820000E+2
-8.803650000E-5	-7.771010000E-6	3.539900000E+0	2.999940820E+4	8.519070000E+2
-8.884120000E-5	-7.756110000E-6	3.525700000E+0	2.999940820E+4	8.540950000E+2
-8.742560000E-5	-8.001980000E-6	3.510200000E+0	2.999940820E+4	8.577750000E+2
-8.832710000E-5	-8.128640000E-6	3.495300000E+0	2.999940820E+4	8.609390000E+2
-8.847610000E-5	-7.115330000E-6	3.478500000E+0	2.999940820E+4	8.646190000E+2
-8.899020000E-5	-6.742800000E-6	3.461300000E+0	2.999940820E+4	8.677530000E+2
-8.937020000E-5	-8.627830000E-6	3.449100000E+0	2.999940820E+4	8.709470000E+2
-8.915410000E-5	-7.145140000E-6	3.436200000E+0	2.999940820E+4	8.730910000E+2
-8.975760000E-5	-6.981220000E-6	3.421900000E+0	2.999940820E+4	8.768130000E+2
-8.973530000E-5	-7.465510000E-6	3.411700000E+0	2.999940820E+4	8.778930000E+2
-9.036110000E-5	-7.428260000E-6	3.401100000E+0	2.999940820E+4	8.815120000E+2
-9.064420000E-5	-7.569820000E-6	3.387300000E+0	2.999940820E+4	8.836310000E+2
-9.063680000E-5	-7.346300000E-6	3.375400000E+0	2.999940820E+4	8.868580000E+2
-9.021950000E-5	-7.353750000E-6	3.364000000E+0	2.999940820E+4	8.889520000E+2
-8.904240000E-5	-7.197290000E-6	3.352800000E+0	2.999940820E+4	8.910980000E+2
-8.947450000E-5	-6.817310000E-6	3.340200000E+0	2.999940820E+4	8.937960000E+2
-9.073360000E-5	-6.802410000E-6	3.327000000E+0	2.999940820E+4	8.969680000E+2
-9.037600000E-5	-5.707170000E-6	3.313600000E+0	2.999940820E+4	8.990860000E+2
-9.112110000E-5	-6.616140000E-6	3.301100000E+0	2.999940820E+4	9.021870000E+2
-9.086030000E-5	-6.623600000E-6	3.289900000E+0	2.999940820E+4	9.042570000E+2
-9.172460000E-5	-6.221260000E-6	3.271900000E+0	2.999940820E+4	9.078730000E+2
-9.241000000E-5	-6.757710000E-6	3.259300000E+0	2.999940820E+4	9.109570000E+2
-9.101680000E-5	-5.967940000E-6	3.248100000E+0	2.999940820E+4	9.135980000E+2
-9.276760000E-5	-6.571440000E-6	3.234900000E+0	2.999940820E+4	9.157940000E+2
-9.202260000E-5	-6.638500000E-6	3.216200000E+0	2.999940820E+4	9.193510000E+2
-9.184380000E-5	-6.303220000E-6	3.199500000E+0	2.999940820E+4	9.234610000E+2
-9.355000000E-5	-6.675750000E-6	3.188600000E+0	2.999940820E+4	9.261390000E+2
-9.232060000E-5	-7.130230000E-6	3.177800000E+0	2.999940820E+4	9.283270000E+2
-9.271550000E-5	-7.152590000E-6	3.167600000E+0	2.999940820E+4	9.303940000E+2
-9.433970000E-5	-6.586340000E-6	3.153100000E+0	2.999940820E+4	9.329710000E+2
-9.477190000E-5	-7.540020000E-6	3.136700000E+0	2.999940820E+4	9.367160000E+2
-9.500280000E-5	-6.884370000E-6	3.125900000E+0	2.999940820E+4	9.388060000E+2
-9.496560000E-5	-7.152590000E-6	3.109500000E+0	2.999940820E+4	9.424280000E+2
-9.542750000E-5	-6.645950000E-6	3.099100000E+0	2.999940820E+4	9.445400000E+2
-9.519650000E-5	-6.340470000E-6	3.088100000E+0	2.999940820E+4	9.477840000E+2
-9.563610000E-5	-6.891820000E-6	3.073700000E+0	2.999940820E+4	9.499300000E+2
-9.446640000E-5	-7.204740000E-6	3.057000000E+0	2.999940820E+4	9.536150000E+2
-9.524870000E-5	-6.489480000E-6	3.044000000E+0	2.999940820E+4	9.568200000E+2
-9.374370000E-5	-5.669920000E-6	3.031000000E+0	2.999940820E+4	9.589300000E+2
-9.380330000E-5	-5.915790000E-6	3.019900000E+0	2.999940820E+4	9.620540000E+2
-9.399700000E-5	-5.766780000E-6	3.006500000E+0	2.999940820E+4	9.641570000E+2
-9.381070000E-5	-6.169110000E-6	2.993400000E+0	2.999940820E+4	9.673430000E+2
-9.358720000E-5	-7.078080000E-6	2.981500000E+0	2.999940820E+4	9.694950000E+2
-9.401190000E-5	-6.265970000E-6	2.969000000E+0	2.999940820E+4	9.727250000E+2
-9.497300000E-5	-7.249440000E-6	2.957200000E+0	2.999940820E+4	9.748060000E+2
-9.559890000E-5	-6.236170000E-6	2.945800000E+0	2.999940820E+4	9.769310000E+2
-9.593410000E-5	-6.586340000E-6	2.932400000E+0	2.999940820E+4	9.802140000E+2
-9.537530000E-5	-6.139310000E-6	2.921000000E+0	2.999940820E+4	9.823310000E+2
-9.631410000E-5	-6.213810000E-6	2.906500000E+0	2.999940820E+4	9.854950000E+2
-9.615770000E-5	-6.087150000E-6	2.895100000E+0	2.999940820E+4	9.876110000E+2
-9.706660000E-5	-6.452230000E-6	2.880600000E+0	2.999940820E+4	9.908230000E+2
-9.726030000E-5	-6.452230000E-6	2.866700000E+0	2.999940820E+4	9.944130000E+2
-9.703680000E-5	-7.435710000E-6	2.851700000E+0	2.999940820E+4	9.965250000E+2
-9.616510000E-5	-7.852970000E-6	2.835600000E+0	2.999940820E+4	1.000352000E+3
-9.685800000E-5	-9.074870000E-6	2.820700000E+0	2.999940820E+4	1.003871000E+3
-9.737960000E-5	-9.439940000E-6	2.806400000E+0	2.999940820E+4	1.006033000E+3
-9.854180000E-5	-8.858800000E-6	2.789000000E+0	2.999940820E+4	1.010136000E+3
-9.857910000E-5	-8.784290000E-6	2.778400000E+0	2.999940820E+4	1.012249000E+3
-9.995000000E-5	-9.022710000E-6	2.766900000E+0	2.999940820E+4	1.015007000E+3
-9.923470000E-5	-8.679980000E-6	2.756800000E+0	2.999940820E+4	1.017050000E+3
-9.809480000E-5	-7.599620000E-6	2.739200000E+0	2.999940820E+4	1.020262000E+3
-9.787870000E-5	-8.396860000E-6	2.724100000E+0	2.999940820E+4	1.023846000E+3
-9.877280000E-5	-9.633660000E-6	2.712800000E+0	2.999940820E+4	1.026055000E+3
-9.837050000E-5	-9.208980000E-6	2.697800000E+0	2.999940820E+4	1.029198000E+3
-9.823640000E-5	-9.268580000E-6	2.687300000E+0	2.999940820E+4	1.031329000E+3
-9.866850000E-5	-9.223880000E-6	2.675000000E+0	2.999940820E+4	1.033969000E+3
-9.927200000E-5	-8.530970000E-6	2.664800000E+0	2.999940820E+4	1.036171000E+3
-9.977860000E-5	-9.000360000E-6	2.652100000E+0	2.999940820E+4	1.039309000E+3
-9.952530000E-5	-7.949830000E-6	2.637400000E+0	2.999940820E+4	1.041454000E+3
-9.997240000E-5	-7.733760000E-6	2.627100000E+0	2.999940820E+4	1.044705000E+3
-1.000990000E-4	-7.793370000E-6	2.613700000E+0	2.999940820E+4	1.046841000E+3
-9.995000000E-5	-7.577270000E-6	2.597000000E+0	2.999940820E+4	1.050401000E+3
-1.000470000E-4	-8.344710000E-6	2.579700000E+0	2.999940820E+4	1.054104000E+3
-9.997240000E-5	-9.372890000E-6	2.564500000E+0	2.999940820E+4	1.057694000E+3
-9.967430000E-5	-9.439940000E-6	2.550900000E+0	2.999940820E+4	1.059892000E+3
-9.923470000E-5	-9.320730000E-6	2.534400000E+0	2.999940820E+4	1.063579000E+3
-9.889200000E-5	-9.052510000E-6	2.522500000E+0	2.999940820E+4	1.066791000E+3
-1.012540000E-4	-9.998740000E-6	2.506100000E+0	2.999940820E+4	1.068978000E+3
-1.013880000E-4	-9.603860000E-6	2.495700000E+0	2.999940820E+4	1.071998000E+3
-1.004490000E-4	-8.180800000E-6	2.483100000E+0	2.999940820E+4	1.074137000E+3
-1.010010000E-4	-8.538420000E-6	2.470800000E+0	2.999940820E+4	1.077314000E+3
-1.017750000E-4	-8.873700000E-6	2.459600000E+0	2.999940820E+4	1.079482000E+3
-1.008960000E-4	-1.049790000E-5	2.444100000E+0	2.999940820E+4	1.082727000E+3
-1.026690000E-4	-9.715620000E-6	2.429500000E+0	2.999940820E+4	1.086241000E+3
-1.033030000E-4	-9.007810000E-6	2.417500000E+0	2.999940820E+4	1.088382000E+3
-1.034290000E-4	-9.261130000E-6	2.403600000E+0	2.999940820E+4	1.091671000E+3
-1.042340000E-4	-7.435710000E-6	2.392400000E+0	2.999940820E+4	1.093726000E+3
-1.044800000E-4	-8.508620000E-6	2.378500000E+0	2.999940820E+4	1.096951000E+3
-1.046810000E-4	-8.709790000E-6	2.360700000E+0	2.999940820E+4	1.100172000E+3
-1.035640000E-4	-8.329810000E-6	2.344900000E+0	2.999940820E+4	1.103850000E+3
-1.019770000E-4	-9.052510000E-6	2.331600000E+0	2.999940820E+4	1.107056000E+3
-1.023940000E-4	-8.888600000E-6	2.319900000E+0	2.999940820E+4	1.109249000E+3
-1.031090000E-4	-7.964730000E-6	2.303900000E+0	2.999940820E+4	1.112409000E+3
-1.030940000E-4	-8.225500000E-6	2.289100000E+0	2.999940820E+4	1.115610000E+3
-1.025730000E-4	-9.164270000E-6	2.277900000E+0	2.999940820E+4	1.118796000E+3
-1.030270000E-4	-8.307460000E-6	2.262500000E+0	2.999940820E+4	1.120948000E+3
-1.037130000E-4	-8.896050000E-6	2.249300000E+0	2.999940820E+4	1.124104000E+3
-1.035640000E-4	-9.194070000E-6	2.236800000E+0	2.999940820E+4	1.127224000E+3
-1.036230000E-4	-9.037610000E-6	2.222300000E+0	2.999940820E+4	1.129388000E+3
-1.031540000E-4	-9.097220000E-6	2.209900000E+0	2.999940820E+4	1.132533000E+3
-1.046740000E-4	-9.223880000E-6	2.198600000E+0	2.999940820E+4	1.134617000E+3
-1.045620000E-4	-8.530970000E-6	2.184900000E+0	2.999940820E+4	1.137832000E+3
-1.036830000E-4	-8.061590000E-6	2.173000000E+0	2.999940820E+4	1.139949000E+3
-1.043610000E-4	-9.067410000E-6	2.156300000E+0	2.999940820E+4	1.143222000E+3
-1.044870000E-4	-8.806640000E-6	2.142100000E+0	2.999940820E+4	1.146767000E+3
-1.037130000E-4	-9.194070000E-6	2.131100000E+0	2.999940820E+4	1.148909000E+3
-1.040330000E-4	-9.089770000E-6	2.114900000E+0	2.999940820E+4	1.152106000E+3
-1.036310000E-4	-8.933300000E-6	2.102400000E+0	2.999940820E+4	1.155269000E+3
-1.041820000E-4	-8.829000000E-6	2.089700000E+0	2.999940820E+4	1.157428000E+3
-1.041890000E-4	-8.426660000E-6	2.078800000E+0	2.999940820E+4	1.160111000E+3
-1.059630000E-4	-8.769390000E-6	2.067900000E+0	2.999940820E+4	1.162251000E+3
-1.059030000E-4	-7.882770000E-6	2.051100000E+0	2.999940820E+4	1.165420000E+3
-1.054560000E-4	-7.703960000E-6	2.035700000E+0	2.999940820E+4	1.169025000E+3
-1.045620000E-4	-8.262750000E-6	2.025600000E+0	2.999940820E+4	1.171783000E+3
-1.045100000E-4	-7.249440000E-6	2.009300000E+0	2.999940820E+4	1.174233000E+3
-1.046590000E-4	-8.910950000E-6	1.997500000E+0	2.999940820E+4	1.177293000E+3
-1.049940000E-4	-1.455850000E-5	2.008900000E+0	2.999940820E+4	1.305808000E+3
-1.049570000E-4	-1.405930000E-5	2.019400000E+0	2.999940820E+4	1.307792000E+3
-1.040700000E-4	-1.451380000E-5	2.029700000E+0	2.999940820E+4	1.309757000E+3
-1.050090000E-4	-1.448400000E-5	2.040000000E+0	2.999940820E+4	1.311793000E+3
-1.038840000E-4	-1.533340000E-5	2.050100000E+0	2.999940820E+4	1.314182000E+3
-1.029600000E-4	-1.250960000E-5	2.062500000E+0	2.999940820E+4	1.316174000E+3
-1.033770000E-4	-1.242020000E-5	2.072700000E+0	2.999940820E+4	1.318582000E+3
-1.026470000E-4	-1.375380000E-5	2.084000000E+0	2.999940820E+4	1.320797000E+3
-1.020960000E-4	-1.414130000E-5	2.095400000E+0	2.999940820E+4	1.323116000E+3
-1.022450000E-4	-1.389540000E-5	2.105600000E+0	2.999940820E+4	1.325492000E+3
-1.022670000E-4	-1.321740000E-5	2.117800000E+0	2.999940820E+4	1.327608000E+3
-1.026170000E-4	-1.367190000E-5	2.128400000E+0	2.999940820E+4	1.329515000E+3
-1.019240000E-4	-1.274800000E-5	2.139100000E+0	2.999940820E+4	1.331902000E+3
-1.031090000E-4	-1.285230000E-5	2.152000000E+0	2.999940820E+4	1.334315000E+3
-1.030790000E-4	-1.250960000E-5	2.163700000E+0	2.999940820E+4	1.336955000E+3
-1.027140000E-4	-1.351540000E-5	2.174900000E+0	2.999940820E+4	1.338970000E+3
-1.017680000E-4	-1.343350000E-5	2.185300000E+0	2.999940820E+4	1.340828000E+3
-1.024090000E-4	-1.302370000E-5	2.195500000E+0	2.999940820E+4	1.343220000E+3
-1.025430000E-4	-1.265110000E-5	2.208400000E+0	2.999940820E+4	1.345635000E+3
-1.020810000E-4	-1.198060000E-5	2.219900000E+0	2.999940820E+4	1.348016000E+3
-1.013580000E-4	-1.040110000E-5	2.230400000E+0	2.999940820E+4	1.350495000E+3
-1.002260000E-4	-9.268580000E-6	2.240500000E+0	2.999940820E+4	1.352281000E+3
-1.012320000E-4	-8.799190000E-6	2.251400000E+0	2.999940820E+4	1.354442000E+3
-1.019320000E-4	-1.007320000E-5	2.263000000E+0	2.999940820E+4	1.356661000E+3
-1.026400000E-4	-9.268580000E-6	2.274800000E+0	2.999940820E+4	1.359056000E+3
-1.010820000E-4	-1.044580000E-5	2.286300000E+0	2.999940820E+4	1.361040000E+3
-1.010300000E-4	-1.039360000E-5	2.299800000E+0	2.999940820E+4	1.363876000E+3
-1.020210000E-4	-1.066180000E-5	2.309900000E+0	2.999940820E+4	1.365883000E+3
-1.019020000E-4	-1.168260000E-5	2.322400000E+0	2.999940820E+4	1.368540000E+3
-1.021330000E-4	-1.273310000E-5	2.332600000E+0	2.999940820E+4	1.370275000E+3
-1.008370000E-4	-1.288210000E-5	2.344300000E+0	2.999940820E+4	1.373142000E+3
-1.013950000E-4	-1.193590000E-5	2.355800000E+0	2.999940820E+4	1.375126000E+3
-1.006130000E-4	-9.812470000E-6	2.366700000E+0	2.999940820E+4	1.377614000E+3
-1.013660000E-4	-1.049050000E-5	2.378200000E+0	2.999940820E+4	1.379615000E+3
-1.016560000E-4	-1.210730000E-5	2.390600000E+0	2.999940820E+4	1.382135000E+3
-1.015820000E-4	-1.176450000E-5	2.402700000E+0	2.999940820E+4	1.384288000E+3
-1.018800000E-4	-1.262130000E-5	2.413000000E+0	2.999940820E+4	1.386698000E+3
-1.020810000E-4	-1.317270000E-5	2.423900000E+0	2.999940820E+4	1.388741000E+3
-1.019840000E-4	-1.426050000E-5	2.436500000E+0	2.999940820E+4	1.391423000E+3
-1.003600000E-4	-1.367190000E-5	2.448600000E+0	2.999940820E+4	1.393759000E+3
-1.016110000E-4	-1.259900000E-5	2.459300000E+0	2.999940820E+4	1.395969000E+3
-1.008960000E-4	-1.298640000E-5	2.469700000E+0	2.999940820E+4	1.398318000E+3
-1.008590000E-4	-1.323970000E-5	2.480100000E+0	2.999940820E+4	1.399904000E+3
-1.007320000E-4	-1.505770000E-5	2.491500000E+0	2.999940820E+4	1.402816000E+3
-1.002480000E-4	-1.410400000E-5	2.502700000E+0	2.999940820E+4	1.404417000E+3
-1.002480000E-4	-1.478950000E-5	2.512800000E+0	2.999940820E+4	1.406623000E+3
-9.942100000E-5	-1.366440000E-5	2.527000000E+0	2.999940820E+4	1.409486000E+3
-1.006210000E-4	-1.335150000E-5	2.538500000E+0	2.999940820E+4	1.412032000E+3
-1.001590000E-4	-1.245000000E-5	2.549400000E+0	2.999940820E+4	1.414023000E+3
-9.995000000E-5	-1.186880000E-5	2.560600000E+0	2.999940820E+4	1.416021000E+3
-9.962220000E-5	-1.246490000E-5	2.571100000E+0	2.999940820E+4	1.418550000E+3
-9.946570000E-5	-1.300130000E-5	2.583600000E+0	2.999940820E+4	1.420404000E+3
-9.942850000E-5	-1.217430000E-5	2.594700000E+0	2.999940820E+4	1.423127000E+3
-9.973390000E-5	-1.273310000E-5	2.605900000E+0	2.999940820E+4	1.425507000E+3
-9.949550000E-5	-1.270330000E-5	2.619300000E+0	2.999940820E+4	1.427609000E+3
-9.901870000E-5	-1.320990000E-5	2.629500000E+0	2.999940820E+4	1.430115000E+3
-9.879520000E-5	-1.283000000E-5	2.639800000E+0	2.999940820E+4	1.431757000E+3
-9.799800000E-5	-1.245740000E-5	2.652000000E+0	2.999940820E+4	1.434550000E+3
-9.819910000E-5	-1.268090000E-5	2.662200000E+0	2.999940820E+4	1.436942000E+3
-9.913790000E-5	-1.334400000E-5	2.672700000E+0	2.999940820E+4	1.438554000E+3
-9.793830000E-5	-1.326210000E-5	2.684100000E+0	2.999940820E+4	1.441070000E+3
-9.803520000E-5	-1.360480000E-5	2.695200000E+0	2.999940820E+4	1.443198000E+3
-9.868340000E-5	-1.209980000E-5	2.705400000E+0	2.999940820E+4	1.445011000E+3
-9.793830000E-5	-1.175710000E-5	2.717000000E+0	2.999940820E+4	1.447795000E+3
-9.754350000E-5	-1.316520000E-5	2.731700000E+0	2.999940820E+4	1.450309000E+3
-9.744660000E-5	-1.254680000E-5	2.742000000E+0	2.999940820E+4	1.452312000E+3
-9.708150000E-5	-1.176450000E-5	2.754500000E+0	2.999940820E+4	1.455050000E+3
-9.670160000E-5	-1.327700000E-5	2.764900000E+0	2.999940820E+4	1.456839000E+3
-9.683570000E-5	-1.387300000E-5	2.775100000E+0	2.999940820E+4	1.459230000E+3
-9.665680000E-5	-1.305350000E-5	2.786800000E+0	2.999940820E+4	1.461227000E+3
-9.703680000E-5	-1.131750000E-5	2.798200000E+0	2.999940820E+4	1.463739000E+3
-9.688780000E-5	-1.174960000E-5	2.809400000E+0	2.999940820E+4	1.465862000E+3
-9.753600000E-5	-1.209980000E-5	2.821800000E+0	2.999940820E+4	1.468680000E+3
-9.691020000E-5	-1.203270000E-5	2.832000000E+0	2.999940820E+4	1.470296000E+3
-9.684310000E-5	-1.312800000E-5	2.843200000E+0	2.999940820E+4	1.472819000E+3
-9.615020000E-5	-1.253940000E-5	2.853500000E+0	2.999940820E+4	1.474809000E+3
-9.615020000E-5	-1.305350000E-5	2.864300000E+0	2.999940820E+4	1.476576000E+3
-9.510710000E-5	-1.257660000E-5	2.874900000E+0	2.999940820E+4	1.479343000E+3
-9.534550000E-5	-1.332910000E-5	2.885700000E+0	2.999940820E+4	1.480939000E+3
-9.329660000E-5	-1.325460000E-5	2.896600000E+0	2.999940820E+4	1.483928000E+3
-9.430990000E-5	-1.329930000E-5	2.907700000E+0	2.999940820E+4	1.485460000E+3
-9.422800000E-5	-1.224140000E-5	2.917900000E+0	2.999940820E+4	1.487693000E+3
-9.353510000E-5	-1.254680000E-5	2.928500000E+0	2.999940820E+4	1.489659000E+3
-9.260370000E-5	-1.139200000E-5	2.940600000E+0	2.999940820E+4	1.492026000E+3
-9.303590000E-5	-1.323230000E-5	2.954100000E+0	2.999940820E+4	1.494820000E+3
-9.284960000E-5	-1.314290000E-5	2.965700000E+0	2.999940820E+4	1.497078000E+3
-9.311040000E-5	-1.329930000E-5	2.976500000E+0	2.999940820E+4	1.499479000E+3
-9.352760000E-5	-1.216690000E-5	2.987100000E+0	2.999940820E+4	1.501497000E+3
-9.349040000E-5	-1.197310000E-5	2.999400000E+0	2.999940820E+4	1.503624000E+3
-9.366170000E-5	-1.327700000E-5	3.011600000E+0	2.999940820E+4	1.506444000E+3
-9.387030000E-5	-1.404440000E-5	3.022200000E+0	2.999940820E+4	1.508047000E+3
-9.300610000E-5	-1.368680000E-5	3.032400000E+0	2.999940820E+4	1.510448000E+3
-9.251430000E-5	-1.119830000E-5	3.043300000E+0	2.999940820E+4	1.512990000E+3
-9.197040000E-5	-1.250210000E-5	3.055700000E+0	2.999940820E+4	1.514965000E+3
-9.186610000E-5	-1.347820000E-5	3.066800000E+0	2.999940820E+4	1.517924000E+3
-9.217900000E-5	-1.317270000E-5	3.078200000E+0	2.999940820E+4	1.519504000E+3
-9.238020000E-5	-1.358250000E-5	3.090000000E+0	2.999940820E+4	1.522079000E+3
-9.246220000E-5	-1.327700000E-5	3.100000000E+0	2.999940820E+4	1.524178000E+3
-9.260370000E-5	-1.411150000E-5	3.110100000E+0	2.999940820E+4	1.526189000E+3
-9.121050000E-5	-1.381340000E-5	3.120500000E+0	2.999940820E+4	1.527768000E+3
-9.126260000E-5	-1.363460000E-5	3.131500000E+0	2.999940820E+4	1.530157000E+3
-9.117320000E-5	-1.376130000E-5	3.142900000E+0	2.999940820E+4	1.532562000E+3
-9.025680000E-5	-1.271820000E-5	3.154000000E+0	2.999940820E+4	1.534971000E+3
-8.989920000E-5	-1.464040000E-5	3.165500000E+0	2.999940820E+4	1.537471000E+3
-8.941490000E-5	-1.317270000E-5	3.176100000E+0	2.999940820E+4	1.539298000E+3
-8.997370000E-5	-1.305350000E-5	3.186300000E+0	2.999940820E+4	1.541237000E+3
-9.080810000E-5	-1.408910000E-5	3.200100000E+0	2.999940820E+4	1.544072000E+3
-9.171710000E-5	-1.515450000E-5	3.210400000E+0	2.999940820E+4	1.546477000E+3
-9.116580000E-5	-1.489380000E-5	3.220900000E+0	2.999940820E+4	1.548182000E+3
-9.101680000E-5	-1.432750000E-5	3.231400000E+0	2.999940820E+4	1.550739000E+3
-9.074850000E-5	-1.397730000E-5	3.242200000E+0	2.999940820E+4	1.552694000E+3
-9.039840000E-5	-1.426790000E-5	3.253200000E+0	2.999940820E+4	1.554337000E+3
-9.047290000E-5	-1.520670000E-5	3.263400000E+0	2.999940820E+4	1.556735000E+3
-9.085280000E-5	-1.562400000E-5	3.274200000E+0	2.999940820E+4	1.559085000E+3
-8.994390000E-5	-1.478200000E-5	3.284300000E+0	2.999940820E+4	1.560686000E+3
-9.049520000E-5	-1.563140000E-5	3.294500000E+0	2.999940820E+4	1.563245000E+3
-8.957130000E-5	-1.387300000E-5	3.304700000E+0	2.999940820E+4	1.565246000E+3
-8.949680000E-5	-1.490120000E-5	3.314700000E+0	2.999940820E+4	1.566966000E+3
-8.905730000E-5	-1.381340000E-5	3.326300000E+0	2.999940820E+4	1.569417000E+3
-8.975020000E-5	-1.537070000E-5	3.336500000E+0	2.999940820E+4	1.571118000E+3
-8.824510000E-5	-1.540790000E-5	3.347600000E+0	2.999940820E+4	1.573547000E+3
-8.939250000E-5	-1.630940000E-5	3.358800000E+0	2.999940820E+4	1.575950000E+3
-8.858790000E-5	-1.516200000E-5	3.369200000E+0	2.999940820E+4	1.577646000E+3
-8.891570000E-5	-1.498320000E-5	3.380300000E+0	2.999940820E+4	1.580553000E+3
-8.886350000E-5	-1.564630000E-5	3.390600000E+0	2.999940820E+4	1.582040000E+3
-8.716480000E-5	-1.619770000E-5	3.401200000E+0	2.999940820E+4	1.584898000E+3
-8.739580000E-5	-1.470010000E-5	3.412900000E+0	2.999940820E+4	1.586521000E+3
-8.797690000E-5	-1.502790000E-5	3.424800000E+0	2.999940820E+4	1.588969000E+3
-8.750010000E-5	-1.557180000E-5	3.436200000E+0	2.999940820E+4	1.591368000E+3
-8.714990000E-5	-1.472990000E-5	3.448300000E+0	2.999940820E+4	1.593431000E+3
-8.713500000E-5	-1.522160000E-5	3.460100000E+0	2.999940820E+4	1.596624000E+3
-8.712010000E-5	-1.499060000E-5	3.470900000E+0	2.999940820E+4	1.598107000E+3
-8.595780000E-5	-1.542280000E-5	3.482300000E+0	2.999940820E+4	1.600928000E+3
-8.501900000E-5	-1.446910000E-5	3.495500000E+0	2.999940820E+4	1.602897000E+3
-8.542140000E-5	-1.613810000E-5	3.507200000E+0	2.999940820E+4	1.605265000E+3
-8.486260000E-5	-1.448400000E-5	3.517800000E+0	2.999940820E+4	1.607677000E+3
-8.425910000E-5	-1.494590000E-5	3.530100000E+0	2.999940820E+4	1.610175000E+3
-8.466140000E-5	-1.534090000E-5	3.540400000E+0	2.999940820E+4	1.611755000E+3
-8.469120000E-5	-1.551220000E-5	3.551900000E+0	2.999940820E+4	1.614700000E+3
-8.464650000E-5	-1.618280000E-5	3.562000000E+0	2.999940820E+4	1.616303000E+3
-8.474340000E-5	-1.589970000E-5	3.573900000E+0	2.999940820E+4	1.619087000E+3
-8.432610000E-5	-1.617530000E-5	3.584500000E+0	2.999940820E+4	1.621094000E+3
-8.343210000E-5	-1.529620000E-5	3.597800000E+0	2.999940820E+4	1.623222000E+3
-8.337250000E-5	-1.691290000E-5	3.608300000E+0	2.999940820E+4	1.626071000E+3
-8.203880000E-5	-1.631690000E-5	3.619700000E+0	2.999940820E+4	1.627907000E+3
-8.204630000E-5	-1.592200000E-5	3.631200000E+0	2.999940820E+4	1.630178000E+3
-8.115960000E-5	-1.669690000E-5	3.642400000E+0	2.999940820E+4	1.632582000E+3
-8.077970000E-5	-1.703210000E-5	3.652400000E+0	2.999940820E+4	1.634573000E+3
-7.987070000E-5	-1.683100000E-5	3.662900000E+0	2.999940820E+4	1.636592000E+3
-7.866370000E-5	-1.689060000E-5	3.676800000E+0	2.999940820E+4	1.639357000E+3
-7.864130000E-5	-1.657020000E-5	3.689100000E+0	2.999940820E+4	1.641685000E+3
-7.779200000E-5	-1.578040000E-5	3.699100000E+0	2.999940820E+4	1.644010000E+3
-7.724810000E-5	-1.717370000E-5	3.711000000E+0	2.999940820E+4	1.646020000E+3
-7.745670000E-5	-1.718120000E-5	3.721100000E+0	2.999940820E+4	1.648435000E+3
-7.736730000E-5	-1.692780000E-5	3.733500000E+0	2.999940820E+4	1.650852000E+3
-7.714380000E-5	-1.727060000E-5	3.743600000E+0	2.999940820E+4	1.652570000E+3
-7.657750000E-5	-1.756860000E-5	3.754200000E+0	2.999940820E+4	1.654982000E+3
-7.680850000E-5	-1.824660000E-5	3.766900000E+0	2.999940820E+4	1.657368000E+3
-7.646580000E-5	-1.875320000E-5	3.777600000E+0	2.999940820E+4	1.659765000E+3
-7.569090000E-5	-1.814970000E-5	3.788600000E+0	2.999940820E+4	1.662074000E+3
-7.401450000E-5	-1.661490000E-5	3.801000000E+0	2.999940820E+4	1.664301000E+3
-7.414860000E-5	-1.558670000E-5	3.812400000E+0	2.999940820E+4	1.666313000E+3
-7.450630000E-5	-1.790390000E-5	3.824300000E+0	2.999940820E+4	1.669096000E+3
-7.456590000E-5	-1.875320000E-5	3.835300000E+0	2.999940820E+4	1.670839000E+3
-7.394750000E-5	-1.934930000E-5	3.847000000E+0	2.999940820E+4	1.673632000E+3
-7.472980000E-5	-2.083190000E-5	3.863400000E+0	2.999940820E+4	1.676603000E+3
-7.382830000E-5	-2.009430000E-5	3.875500000E+0	2.999940820E+4	1.679365000E+3
-7.379100000E-5	-1.995280000E-5	3.885700000E+0	2.999940820E+4	1.681361000E+3
-7.344080000E-5	-2.063080000E-5	3.896300000E+0	2.999940820E+4	1.683511000E+3
-7.206250000E-5	-2.086170000E-5	3.908100000E+0	2.999940820E+4	1.685528000E+3
-7.092250000E-5	-2.105550000E-5	3.919900000E+0	2.999940820E+4	1.687888000E+3
-7.163780000E-5	-2.051160000E-5	3.930200000E+0	2.999940820E+4	1.690686000E+3
-7.071390000E-5	-2.022100000E-5	3.940300000E+0	2.999940820E+4	1.692285000E+3
-6.976770000E-5	-2.125660000E-5	3.953400000E+0	2.999940820E+4	1.694308000E+3
-6.860540000E-5	-2.088410000E-5	3.966000000E+0	2.999940820E+4	1.697469000E+3
-6.914930000E-5	-2.078720000E-5	3.976400000E+0	2.999940820E+4	1.699379000E+3
-6.850110000E-5	-2.034020000E-5	3.987200000E+0	2.999940820E+4	1.701740000E+3
-6.824030000E-5	-2.136090000E-5	3.998900000E+0	2.999940820E+4	1.703759000E+3
-6.748780000E-5	-2.167390000E-5	4.010000000E+0	2.999940820E+4	1.706143000E+3
-6.688430000E-5	-2.186010000E-5	4.023800000E+0	2.999940820E+4	1.708525000E+3
-6.576670000E-5	-2.151740000E-5	4.034500000E+0	2.999940820E+4	1.710940000E+3
-6.523030000E-5	-2.103310000E-5	4.044800000E+0	2.999940820E+4	1.713088000E+3
-6.454480000E-5	-2.224010000E-5	4.056300000E+0	2.999940820E+4	1.715212000E+3
-6.489500000E-5	-2.197930000E-5	4.067400000E+0	2.999940820E+4	1.717200000E+3
-6.315160000E-5	-2.143540000E-5	4.080100000E+0	2.999940820E+4	1.720006000E+3
-6.253320000E-5	-2.110760000E-5	4.092600000E+0	2.999940820E+4	1.722461000E+3
-6.211600000E-5	-2.151740000E-5	4.104700000E+0	2.999940820E+4	1.725197000E+3
-6.102790000E-5	-2.152480000E-5	4.118300000E+0	2.999940820E+4	1.727607000E+3
-6.146030000E-5	-2.191970000E-5	4.130000000E+0	2.999940820E+4	1.729995000E+3
-6.105800000E-5	-2.150250000E-5	4.140200000E+0	2.999940820E+4	1.732011000E+3
-6.018600000E-5	-2.072760000E-5	4.151400000E+0	2.999940820E+4	1.734652000E+3
-5.991780000E-5	-2.244130000E-5	4.163700000E+0	2.999940820E+4	1.736675000E+3
-5.866610000E-5	-2.128640000E-5	4.175600000E+0	2.999940820E+4	1.739054000E+3
-5.827120000E-5	-2.197930000E-5	4.185800000E+0	2.999940820E+4	1.741470000E+3
-5.861400000E-5	-2.188250000E-5	4.197700000E+0	2.999940820E+4	1.743459000E+3
-5.726540000E-5	-2.267220000E-5	4.209300000E+0	2.999940820E+4	1.745867000E+3
-5.617020000E-5	-2.250090000E-5	4.219500000E+0	2.999940820E+4	1.748409000E+3
-5.573060000E-5	-2.284360000E-5	4.231500000E+0	2.999940820E+4	1.750127000E+3
-5.520160000E-5	-2.159930000E-5	4.242700000E+0	2.999940820E+4	1.752568000E+3
-5.474710000E-5	-2.264240000E-5	4.252800000E+0	2.999940820E+4	1.754925000E+3
-5.292920000E-5	-2.302240000E-5	4.265700000E+0	2.999940820E+4	1.756933000E+3
-5.314520000E-5	-2.313420000E-5	4.277100000E+0	2.999940820E+4	1.759761000E+3
-5.200530000E-5	-2.325340000E-5	4.289500000E+0	2.999940820E+4	1.761726000E+3
-5.142410000E-5	-2.337260000E-5	4.301400000E+0	2.999940820E+4	1.764124000E+3
-5.067910000E-5	-2.316400000E-5	4.313000000E+0	2.999940820E+4	1.766943000E+3
-4.936780000E-5	-2.387180000E-5	4.325300000E+0	2.999940820E+4	1.768963000E+3
-4.918900000E-5	-2.381960000E-5	4.335800000E+0	2.999940820E+4	1.770667000E+3
-4.839180000E-5	-2.267970000E-5	4.346000000E+0	2.999940820E+4	1.773454000E+3
-4.807880000E-5	-2.395370000E-5	4.357600000E+0	2.999940820E+4	1.775495000E+3
-4.661850000E-5	-2.367060000E-5	4.368700000E+0	2.999940820E+4	1.778046000E+3
-4.568720000E-5	-2.318630000E-5	4.379700000E+0	2.999940820E+4	1.780007000E+3
-4.592560000E-5	-2.325340000E-5	4.391600000E+0	2.999940820E+4	1.782395000E+3
-4.490490000E-5	-2.324590000E-5	4.401700000E+0	2.999940820E+4	1.784534000E+3
-4.389160000E-5	-2.291810000E-5	4.412700000E+0	2.999940820E+4	1.786610000E+3
-4.340730000E-5	-2.294050000E-5	4.424300000E+0	2.999940820E+4	1.788918000E+3
-4.316140000E-5	-2.372280000E-5	4.434800000E+0	2.999940820E+4	1.790928000E+3
-4.249830000E-5	-2.317140000E-5	4.445600000E+0	2.999940820E+4	1.793071000E+3
-4.173840000E-5	-2.302990000E-5	4.456000000E+0	2.999940820E+4	1.795106000E+3
-4.030790000E-5	-2.295540000E-5	4.469600000E+0	2.999940820E+4	1.798247000E+3
-3.893700000E-5	-2.239660000E-5	4.481500000E+0	2.999940820E+4	1.800315000E+3
-3.791620000E-5	-2.275420000E-5	4.494500000E+0	2.999940820E+4	1.803068000E+3
-3.793860000E-5	-2.272440000E-5	4.505800000E+0	2.999940820E+4	1.805474000E+3
-3.683590000E-5	-2.208360000E-5	4.516800000E+0	2.999940820E+4	1.807067000E+3
-3.617280000E-5	-2.222520000E-5	4.527400000E+0	2.999940820E+4	1.809643000E+3
-3.514460000E-5	-2.273930000E-5	4.537900000E+0	2.999940820E+4	1.811616000E+3
-3.515210000E-5	-2.217300000E-5	4.549600000E+0	2.999940820E+4	1.814008000E+3
-3.458580000E-5	-2.139820000E-5	4.561800000E+0	2.999940820E+4	1.816409000E+3
-3.407920000E-5	-2.075000000E-5	4.572900000E+0	2.999940820E+4	1.818943000E+3
-3.383330000E-5	-2.163660000E-5	4.583200000E+0	2.999940820E+4	1.820608000E+3
-3.272320000E-5	-2.193460000E-5	4.593900000E+0	2.999940820E+4	1.822676000E+3
-3.291690000E-5	-2.186010000E-5	4.604100000E+0	2.999940820E+4	1.825091000E+3
-3.170250000E-5	-2.017630000E-5	4.616600000E+0	2.999940820E+4	1.827116000E+3
-3.037610000E-5	-2.075000000E-5	4.628000000E+0	2.999940820E+4	1.829877000E+3
-2.935540000E-5	-2.133110000E-5	4.639100000E+0	2.999940820E+4	1.831873000E+3
-2.897540000E-5	-2.124920000E-5	4.650100000E+0	2.999940820E+4	1.833920000E+3
-2.815590000E-5	-2.039980000E-5	4.662400000E+0	2.999940820E+4	1.836804000E+3
-2.820800000E-5	-2.060100000E-5	4.672700000E+0	2.999940820E+4	1.838834000E+3
-2.791740000E-5	-2.089150000E-5	4.683800000E+0	2.999940820E+4	1.840796000E+3
-2.816330000E-5	-2.069780000E-5	4.694100000E+0	2.999940820E+4	1.842429000E+3
-2.717980000E-5	-2.054880000E-5	4.706400000E+0	2.999940820E+4	1.845233000E+3
-2.634540000E-5	-1.980380000E-5	4.719200000E+0	2.999940820E+4	1.847758000E+3
-2.557800000E-5	-2.022100000E-5	4.732500000E+0	2.999940820E+4	1.850538000E+3
-2.606970000E-5	-2.030290000E-5	4.744600000E+0	2.999940820E+4	1.852952000E+3
-2.440820000E-5	-1.963240000E-5	4.755400000E+0	2.999940820E+4	1.855344000E+3
-2.418470000E-5	-1.928970000E-5	4.767600000E+0	2.999940820E+4	1.857378000E+3
-2.366320000E-5	-1.772500000E-5	4.779100000E+0	2.999940820E+4	1.860144000E+3
-2.346200000E-5	-1.763560000E-5	4.790300000E+0	2.999940820E+4	1.862150000E+3
-2.252320000E-5	-1.691290000E-5	4.800600000E+0	2.999940820E+4	1.864409000E+3
-2.261260000E-5	-1.736740000E-5	4.811400000E+0	2.999940820E+4	1.866018000E+3
-2.148010000E-5	-1.640630000E-5	4.823100000E+0	2.999940820E+4	1.868790000E+3
-2.110020000E-5	-1.622000000E-5	4.835300000E+0	2.999940820E+4	1.871211000E+3
-2.139070000E-5	-1.590710000E-5	4.846500000E+0	2.999940820E+4	1.873630000E+3
-2.052650000E-5	-1.601140000E-5	4.858900000E+0	2.999940820E+4	1.875599000E+3
-2.065310000E-5	-1.598910000E-5	4.870800000E+0	2.999940820E+4	1.878464000E+3
-2.072020000E-5	-1.595930000E-5	4.882500000E+0	2.999940820E+4	1.880413000E+3
-1.995280000E-5	-1.560910000E-5	4.895700000E+0	2.999940820E+4	1.883319000E+3
-1.934180000E-5	-1.464040000E-5	4.905700000E+0	2.999940820E+4	1.885400000E+3
-2.019860000E-5	-1.502040000E-5	4.916200000E+0	2.999940820E+4	1.886933000E+3
-1.982610000E-5	-1.450630000E-5	4.928300000E+0	2.999940820E+4	1.889735000E+3
-1.966960000E-5	-1.458830000E-5	4.939200000E+0	2.999940820E+4	1.891864000E+3
-1.992300000E-5	-1.437970000E-5	4.949600000E+0	2.999940820E+4	1.894243000E+3
-1.931950000E-5	-1.450630000E-5	4.963100000E+0	2.999940820E+4	1.896286000E+3
-1.975910000E-5	-1.373890000E-5	4.974800000E+0	2.999940820E+4	1.899071000E+3
-1.951320000E-5	-1.356010000E-5	4.985500000E+0	2.999940820E+4	1.901523000E+3
-1.904380000E-5	-1.353780000E-5	4.996500000E+0	2.999940820E+4	1.903101000E+3
-1.985590000E-5	-1.347820000E-5	5.009900000E+0	2.999940820E+4	1.905861000E+3
-1.979630000E-5	-1.318010000E-5	5.020800000E+0	2.999940820E+4	1.907998000E+3
-1.984850000E-5	-1.260640000E-5	5.031700000E+0	2.999940820E+4	1.910781000E+3
-1.940140000E-5	-1.224880000E-5	5.043000000E+0	2.999940820E+4	1.912647000E+3
-1.954300000E-5	-1.326210000E-5	5.054500000E+0	2.999940820E+4	1.914904000E+3
-1.958770000E-5	-1.343350000E-5	5.064900000E+0	2.999940820E+4	1.917367000E+3
-1.970690000E-5	-1.282250000E-5	5.076900000E+0	2.999940820E+4	1.919339000E+3
-1.891710000E-5	-1.280020000E-5	5.088000000E+0	2.999940820E+4	1.921299000E+3
-1.912580000E-5	-1.242760000E-5	5.099800000E+0	2.999940820E+4	1.924121000E+3
-1.914070000E-5	-1.260640000E-5	5.113300000E+0	2.999940820E+4	1.926535000E+3
-1.926730000E-5	-1.165280000E-5	5.124600000E+0	2.999940820E+4	1.928931000E+3
-1.931950000E-5	-1.219670000E-5	5.135500000E+0	2.999940820E+4	1.930946000E+3
-1.858190000E-5	-1.268090000E-5	5.146100000E+0	2.999940820E+4	1.933526000E+3
-1.858930000E-5	-1.224140000E-5	5.156400000E+0	2.999940820E+4	1.935445000E+3
-1.811990000E-5	-1.227120000E-5	5.167600000E+0	2.999940820E+4	1.937209000E+3
-1.841800000E-5	-1.231590000E-5	5.179900000E+0	2.999940820E+4	1.939970000E+3
-1.879050000E-5	-1.263620000E-5	5.190000000E+0	2.999940820E+4	1.942447000E+3
-1.791880000E-5	-1.202530000E-5	5.201600000E+0	2.999940820E+4	1.944005000E+3
-1.786660000E-5	-1.136220000E-5	5.212200000E+0	2.999940820E+4	1.946381000E+3
-1.753880000E-5	-1.160810000E-5	5.224500000E+0	2.999940820E+4	1.948783000E+3
-1.764310000E-5	-1.235310000E-5	5.235400000E+0	2.999940820E+4	1.951594000E+3
-1.847760000E-5	-1.256920000E-5	5.246400000E+0	2.999940820E+4	1.953221000E+3
-1.805290000E-5	-1.235310000E-5	5.257300000E+0	2.999940820E+4	1.955361000E+3
-1.730040000E-5	-1.207000000E-5	5.268500000E+0	2.999940820E+4	1.957328000E+3
-1.733020000E-5	-1.207740000E-5	5.279500000E+0	2.999940820E+4	1.960590000E+3
-1.760580000E-5	-1.183900000E-5	5.291400000E+0	2.999940820E+4	1.962171000E+3
-1.811250000E-5	-1.227120000E-5	5.303600000E+0	2.999940820E+4	1.964509000E+3
-1.815720000E-5	-1.235310000E-5	5.313800000E+0	2.999940820E+4	1.967080000E+3
-1.803800000E-5	-1.192840000E-5	5.324600000E+0	2.999940820E+4	1.969065000E+3
-1.922260000E-5	-1.187630000E-5	5.336400000E+0	2.999940820E+4	1.971044000E+3
-1.867870000E-5	-1.146650000E-5	5.348600000E+0	2.999940820E+4	1.973843000E+3
-1.854460000E-5	-1.184650000E-5	5.359900000E+0	2.999940820E+4	1.976247000E+3
-1.853720000E-5	-1.215200000E-5	5.370200000E+0	2.999940820E+4	1.977908000E+3
-1.784430000E-5	-1.209980000E-5	5.382100000E+0	2.999940820E+4	1.980705000E+3
-1.741960000E-5	-1.222650000E-5	5.393900000E+0	2.999940820E+4	1.983036000E+3
-1.809010000E-5	-1.274800000E-5	5.404000000E+0	2.999940820E+4	1.984706000E+3
-1.808270000E-5	-1.215200000E-5	5.414700000E+0	2.999940820E+4	1.987239000E+3
-1.939400000E-5	-1.193590000E-5	5.427000000E+0	2.999940820E+4	1.989312000E+3
-1.903630000E-5	-1.200290000E-5	5.437700000E+0	2.999940820E+4	1.991326000E+3
-1.932690000E-5	-1.226370000E-5	5.449100000E+0	2.999940820E+4	1.994126000E+3
-1.937910000E-5	-1.259900000E-5	5.459900000E+0	2.999940820E+4	1.995767000E+3
-1.889480000E-5	-1.210730000E-5	5.470400000E+0	2.999940820E+4	1.998542000E+3
-1.896930000E-5	-1.218180000E-5	5.483500000E+0	2.999940820E+4	2.000899000E+3
-1.872340000E-5	-1.162300000E-5	5.494100000E+0	2.999940820E+4	2.002565000E+3
-1.854460000E-5	-1.163790000E-5	5.506500000E+0	2.999940820E+4	2.005312000E+3
-1.885010000E-5	-1.177940000E-5	5.516600000E+0	2.999940820E+4	2.007530000E+3
-1.869360000E-5	-1.206250000E-5	5.526800000E+0	2.999940820E+4	2.009449000E+3
-1.995280000E-5	-1.327700000E-5	5.537800000E+0	2.999940820E+4	2.011848000E+3
-1.925240000E-5	-1.316520000E-5	5.549100000E+0	2.999940820E+4	2.013909000E+3
-1.922260000E-5	-1.364210000E-5	5.559700000E+0	2.999940820E+4	2.016303000E+3
-1.896930000E-5	-1.302370000E-5	5.571900000E+0	2.999940820E+4	2.018243000E+3
-1.889480000E-5	-1.305350000E-5	5.583000000E+0	2.999940820E+4	2.021032000E+3
-1.922260000E-5	-1.264370000E-5	5.593500000E+0	2.999940820E+4	2.023037000E+3
-1.941630000E-5	-1.265860000E-5	5.604200000E+0	2.999940820E+4	2.024647000E+3
-1.929710000E-5	-1.209240000E-5	5.616200000E+0	2.999940820E+4	2.027166000E+3
-1.990060000E-5	-1.230100000E-5	5.628100000E+0	2.999940820E+4	2.029568000E+3
-1.858190000E-5	-1.308330000E-5	5.639600000E+0	2.999940820E+4	2.032002000E+3
-1.902890000E-5	-1.282250000E-5	5.649600000E+0	2.999940820E+4	2.034407000E+3
-1.899910000E-5	-1.227860000E-5	5.661100000E+0	2.999940820E+4	2.035977000E+3
-1.882770000E-5	-1.273310000E-5	5.671800000E+0	2.999940820E+4	2.038560000E+3
-1.882770000E-5	-1.242020000E-5	5.682500000E+0	2.999940820E+4	2.040583000E+3
-1.981120000E-5	-1.215200000E-5	5.694400000E+0	2.999940820E+4	2.042902000E+3
-1.948340000E-5	-1.247980000E-5	5.705400000E+0	2.999940820E+4	2.045303000E+3
-2.062330000E-5	-1.197310000E-5	5.715500000E+0	2.999940820E+4	2.047444000E+3
-1.967710000E-5	-1.282250000E-5	5.727900000E+0	2.999940820E+4	2.049508000E+3
-1.898420000E-5	-1.268840000E-5	5.738400000E+0	2.999940820E+4	2.051878000E+3
-1.899910000E-5	-1.265110000E-5	5.750400000E+0	2.999940820E+4	2.053840000E+3
-2.001240000E-5	-1.249470000E-5	5.761200000E+0	2.999940820E+4	2.056273000E+3
-2.006450000E-5	-1.221900000E-5	5.773200000E+0	2.999940820E+4	2.059088000E+3
-1.951320000E-5	-1.251700000E-5	5.784700000E+0	2.999940820E+4	2.060775000E+3
-1.965470000E-5	-1.234570000E-5	5.795300000E+0	2.999940820E+4	2.062776000E+3
-2.052650000E-5	-1.215940000E-5	5.805800000E+0	2.999940820E+4	2.065208000E+3
-2.026570000E-5	-1.225630000E-5	5.815900000E+0	2.999940820E+4	2.067651000E+3
-2.027310000E-5	-1.204760000E-5	5.827300000E+0	2.999940820E+4	2.069571000E+3
-2.007940000E-5	-1.095990000E-5	5.838700000E+0	2.999940820E+4	2.071627000E+3
-1.951320000E-5	-1.125040000E-5	5.849100000E+0	2.999940820E+4	2.074024000E+3
-2.003470000E-5	-1.212220000E-5	5.860000000E+0	2.999940820E+4	2.076439000E+3
-1.953550000E-5	-1.199550000E-5	5.871200000E+0	2.999940820E+4	2.077987000E+3
-1.987830000E-5	-1.244250000E-5	5.883300000E+0	2.999940820E+4	2.080791000E+3
-2.036260000E-5	-1.209980000E-5	5.893500000E+0	2.999940820E+4	2.082795000E+3
-2.047430000E-5	-1.233820000E-5	5.903800000E+0	2.999940820E+4	2.084782000E+3
-1.999000000E-5	-1.222650000E-5	5.914500000E+0	2.999940820E+4	2.086927000E+3
-1.995280000E-5	-1.216690000E-5	5.925100000E+0	2.999940820E+4	2.088549000E+3
-1.925990000E-5	-1.174960000E-5	5.935700000E+0	2.999940820E+4	2.091400000E+3
-1.961750000E-5	-1.125790000E-5	5.948700000E+0	2.999940820E+4	2.093751000E+3
-1.957280000E-5	-1.186140000E-5	5.960100000E+0	2.999940820E+4	2.096233000E+3
-1.890970000E-5	-1.149630000E-5	5.970200000E+0	2.999940820E+4	2.097851000E+3
-1.937910000E-5	-1.207000000E-5	5.980900000E+0	2.999940820E+4	2.100639000E+3
-1.900650000E-5	-1.256170000E-5	5.991700000E+0	2.999940820E+4	2.102627000E+3
-1.861910000E-5	-1.231590000E-5	6.002100000E+0	2.999940820E+4	2.104244000E+3
-1.893950000E-5	-1.223390000E-5	6.012200000E+0	2.999940820E+4	2.106315000E+3
-1.880540000E-5	-1.188370000E-5	6.022600000E+0	2.999940820E+4	2.108648000E+3
-1.852970000E-5	-1.204760000E-5	6.033300000E+0	2.999940820E+4	2.110829000E+3
-1.814970000E-5	-1.268090000E-5	6.045300000E+0	2.999940820E+4	2.113170000E+3
-1.841050000E-5	-1.180920000E-5	6.057600000E+0	2.999940820E+4	2.115197000E+3
-1.845520000E-5	-1.221900000E-5	6.067700000E+0	2.999940820E+4	2.117706000E+3
-1.829130000E-5	-1.247980000E-5	6.078200000E+0	2.999940820E+4	2.119730000E+3
-1.761330000E-5	-1.169750000E-5	6.089100000E+0	2.999940820E+4	2.122131000E+3
-1.769520000E-5	-1.180920000E-5	6.099800000E+0	2.999940820E+4	2.124153000E+3
-1.800820000E-5	-1.175710000E-5	6.110500000E+0	2.999940820E+4	2.126102000E+3
-1.772500000E-5	-1.242020000E-5	6.121700000E+0	2.999940820E+4	2.128558000E+3
-1.823170000E-5	-1.254680000E-5	6.133300000E+0	2.999940820E+4	2.130494000E+3
-1.823170000E-5	-1.259150000E-5	6.146600000E+0	2.999940820E+4	2.133346000E+3
-1.708430000E-5	-1.233820000E-5	6.157700000E+0	2.999940820E+4	2.135301000E+3
-1.744190000E-5	-1.236800000E-5	6.169800000E+0	2.999940820E+4	2.137713000E+3
-1.782190000E-5	-1.320250000E-5	6.180300000E+0	2.999940820E+4	2.140579000E+3
-1.846270000E-5	-1.283740000E-5	6.190700000E+0	2.999940820E+4	2.142105000E+3
-1.795600000E-5	-1.295660000E-5	6.201200000E+0	2.999940820E+4	2.144081000E+3
-1.811250000E-5	-1.283740000E-5	6.214200000E+0	2.999940820E+4	2.146555000E+3
-1.718120000E-5	-1.300130000E-5	6.225200000E+0	2.999940820E+4	2.149700000E+3
-1.750900000E-5	-1.288210000E-5	6.237800000E+0	2.999940820E+4	2.151851000E+3
-1.728550000E-5	-1.246490000E-5	6.249300000E+0	2.999940820E+4	2.153832000E+3
-1.751640000E-5	-1.209980000E-5	6.260600000E+0	2.999940820E+4	2.156232000E+3
-1.748660000E-5	-1.282250000E-5	6.272900000E+0	2.999940820E+4	2.158393000E+3
-1.746430000E-5	-1.300880000E-5	6.285300000E+0	2.999940820E+4	2.161153000E+3
-1.845520000E-5	-1.305350000E-5	6.297600000E+0	2.999940820E+4	2.163179000E+3
-1.718860000E-5	-1.179430000E-5	6.307900000E+0	2.999940820E+4	2.165976000E+3
-1.767290000E-5	-1.297150000E-5	6.321300000E+0	2.999940820E+4	2.168351000E+3
-1.779960000E-5	-1.296410000E-5	6.332800000E+0	2.999940820E+4	2.170415000E+3
-1.738980000E-5	-1.244250000E-5	6.344600000E+0	2.999940820E+4	2.173152000E+3
-1.767290000E-5	-1.265860000E-5	6.355700000E+0	2.999940820E+4	2.175546000E+3
-1.763560000E-5	-1.204760000E-5	6.370400000E+0	2.999940820E+4	2.177714000E+3
-1.828380000E-5	-1.273310000E-5	6.381800000E+0	2.999940820E+4	2.180249000E+3
-1.830620000E-5	-1.206250000E-5	6.393800000E+0	2.999940820E+4	2.182641000E+3
-1.920030000E-5	-1.256920000E-5	6.405700000E+0	2.999940820E+4	2.185024000E+3
-1.881280000E-5	-1.243510000E-5	6.416700000E+0	2.999940820E+4	2.187843000E+3
-1.917050000E-5	-1.317270000E-5	6.427600000E+0	2.999940820E+4	2.189473000E+3
-1.880540000E-5	-1.265860000E-5	6.438400000E+0	2.999940820E+4	2.191452000E+3
-1.869360000E-5	-1.237550000E-5	6.450600000E+0	2.999940820E+4	2.194228000E+3
-1.878300000E-5	-1.284490000E-5	6.461900000E+0	2.999940820E+4	2.196699000E+3
-1.820190000E-5	-1.297900000E-5	6.473700000E+0	2.999940820E+4	2.198646000E+3
-1.855950000E-5	-1.302370000E-5	6.486200000E+0	2.999940820E+4	2.201039000E+3
-1.891710000E-5	-1.314290000E-5	6.496400000E+0	2.999940820E+4	2.203417000E+3
-1.906620000E-5	-1.285980000E-5	6.507000000E+0	2.999940820E+4	2.205825000E+3
-1.923010000E-5	-1.265860000E-5	6.518000000E+0	2.999940820E+4	2.207442000E+3
-1.880540000E-5	-1.256170000E-5	6.528800000E+0	2.999940820E+4	2.209547000E+3
-1.858930000E-5	-1.271070000E-5	6.539300000E+0	2.999940820E+4	2.211843000E+3
-1.925240000E-5	-1.241270000E-5	6.550800000E+0	2.999940820E+4	2.214637000E+3
-1.921520000E-5	-1.317270000E-5	6.561700000E+0	2.999940820E+4	2.216236000E+3
-1.890970000E-5	-1.254680000E-5	6.572100000E+0	2.999940820E+4	2.218644000E+3
-1.916300000E-5	-1.261390000E-5	6.583200000E+0	2.999940820E+4	2.220407000E+3
-1.984100000E-5	-1.289700000E-5	6.593400000E+0	2.999940820E+4	2.222758000E+3
-1.811990000E-5	-1.261390000E-5	6.603700000E+0	2.999940820E+4	2.224929000E+3
-1.883520000E-5	-1.268090000E-5	6.615100000E+0	2.999940820E+4	2.227297000E+3
-1.900650000E-5	-1.306090000E-5	6.626100000E+0	2.999940820E+4	2.229289000E+3
-1.918540000E-5	-1.264370000E-5	6.638100000E+0	2.999940820E+4	2.231773000E+3
-1.977400000E-5	-1.276290000E-5	6.649200000E+0	2.999940820E+4	2.234126000E+3
-1.972180000E-5	-1.280760000E-5	6.659300000E+0	2.999940820E+4	2.235704000E+3
-1.960260000E-5	-1.259150000E-5	6.670000000E+0	2.999940820E+4	2.238127000E+3
-1.911830000E-5	-1.210730000E-5	6.681500000E+0	2.999940820E+4	2.240621000E+3
-1.885750000E-5	-1.215940000E-5	6.691900000E+0	2.999940820E+4	2.242568000E+3
-1.905130000E-5	-1.231590000E-5	6.702200000E+0	2.999940820E+4	2.244647000E+3
-1.925990000E-5	-1.293430000E-5	6.712400000E+0	2.999940820E+4	2.246238000E+3
-1.970690000E-5	-1.334400000E-5	6.722400000E+0	2.999940820E+4	2.248625000E+3
-1.903630000E-5	-1.271820000E-5	6.732700000E+0	2.999940820E+4	2.250630000E+3
-1.972930000E-5	-1.132490000E-5	6.743700000E+0	2.999940820E+4	2.252805000E+3
-1.961000000E-5	-1.224880000E-5	6.755300000E+0	2.999940820E+4	2.255192000E+3
-1.914070000E-5	-1.232330000E-5	6.767500000E+0	2.999940820E+4	2.257148000E+3
-1.986340000E-5	-1.223390000E-5	6.779000000E+0	2.999940820E+4	2.259986000E+3
-1.947590000E-5	-1.201780000E-5	6.791100000E+0	2.999940820E+4	2.262377000E+3
-2.016140000E-5	-1.269580000E-5	6.801900000E+0	2.999940820E+4	2.264373000E+3
-1.989320000E-5	-1.221160000E-5	6.812000000E+0	2.999940820E+4	2.266369000E+3
-1.966220000E-5	-1.087050000E-5	6.823800000E+0	2.999940820E+4	2.268812000E+3
-2.014650000E-5	-1.161550000E-5	6.834600000E+0	2.999940820E+4	2.270757000E+3
-2.001980000E-5	-1.163790000E-5	6.845800000E+0	2.999940820E+4	2.273582000E+3
-2.010920000E-5	-1.115360000E-5	6.856500000E+0	2.999940820E+4	2.275173000E+3
-1.986340000E-5	-1.155590000E-5	6.866800000E+0	2.999940820E+4	2.277159000E+3
-2.118210000E-5	-1.108650000E-5	6.877300000E+0	2.999940820E+4	2.279553000E+3
-2.058610000E-5	-1.146650000E-5	6.888100000E+0	2.999940820E+4	2.282038000E+3
-2.083940000E-5	-1.169750000E-5	6.900300000E+0	2.999940820E+4	2.283578000E+3
-2.073510000E-5	-1.039360000E-5	6.911200000E+0	2.999940820E+4	2.286146000E+3
-2.041470000E-5	-1.117590000E-5	6.923800000E+0	2.999940820E+4	2.288486000E+3
-2.104800000E-5	-1.076610000E-5	6.934100000E+0	2.999940820E+4	2.290892000E+3
-2.115980000E-5	-1.048300000E-5	6.944800000E+0	2.999940820E+4	2.293322000E+3
-2.106290000E-5	-1.059480000E-5	6.955500000E+0	2.999940820E+4	2.294903000E+3
-2.087660000E-5	-1.032660000E-5	6.965600000E+0	2.999940820E+4	2.297299000E+3
-2.046690000E-5	-1.034150000E-5	6.975900000E+0	2.999940820E+4	2.299293000E+3
-2.045940000E-5	-9.737970000E-6	6.986400000E+0	2.999940820E+4	2.301764000E+3
-2.072760000E-5	-9.179170000E-6	6.999200000E+0	2.999940820E+4	2.303494000E+3
-2.052650000E-5	-9.842280000E-6	7.010200000E+0	2.999940820E+4	2.305849000E+3
-2.087660000E-5	-9.760320000E-6	7.021400000E+0	2.999940820E+4	2.308632000E+3
-2.115230000E-5	-9.238780000E-6	7.032600000E+0	2.999940820E+4	2.310791000E+3
-2.089150000E-5	-8.940750000E-6	7.044100000E+0	2.999940820E+4	2.312821000E+3
-2.093620000E-5	-9.976390000E-6	7.055600000E+0	2.999940820E+4	2.314755000E+3
-2.109270000E-5	-1.060970000E-5	7.067500000E+0	2.999940820E+4	2.317569000E+3
-2.025820000E-5	-1.103440000E-5	7.079200000E+0	2.999940820E+4	2.319962000E+3
-2.098100000E-5	-1.064690000E-5	7.090600000E+0	2.999940820E+4	2.322373000E+3
-2.063820000E-5	-1.046810000E-5	7.101700000E+0	2.999940820E+4	2.323991000E+3
-2.086920000E-5	-1.067670000E-5	7.113500000E+0	2.999940820E+4	2.326798000E+3
-2.115980000E-5	-1.090770000E-5	7.124900000E+0	2.999940820E+4	2.328770000E+3
-2.092130000E-5	-1.093010000E-5	7.135300000E+0	2.999940820E+4	2.331210000E+3
-2.057120000E-5	-1.025950000E-5	7.147400000E+0	2.999940820E+4	2.333945000E+3
-2.110020000E-5	-1.102690000E-5	7.158700000E+0	2.999940820E+4	2.335750000E+3
-2.098100000E-5	-1.077360000E-5	7.168800000E+0	2.999940820E+4	2.337679000E+3
-2.008690000E-5	-1.064690000E-5	7.180100000E+0	2.999940820E+4	2.340093000E+3
-1.980380000E-5	-1.114610000E-5	7.192100000E+0	2.999940820E+4	2.342594000E+3
-2.006450000E-5	-1.086300000E-5	7.203300000E+0	2.999940820E+4	2.344887000E+3
-2.045200000E-5	-1.126530000E-5	7.214000000E+0	2.999940820E+4	2.346915000E+3
-2.065310000E-5	-1.118340000E-5	7.225600000E+0	2.999940820E+4	2.349382000E+3
-2.074250000E-5	-1.113120000E-5	7.237200000E+0	2.999940820E+4	2.351718000E+3
-2.113000000E-5	-1.046070000E-5	7.248100000E+0	2.999940820E+4	2.353266000E+3
-1.996770000E-5	-1.055750000E-5	7.258900000E+0	2.999940820E+4	2.355689000E+3
-2.054880000E-5	-1.049790000E-5	7.270000000E+0	2.999940820E+4	2.357819000E+3
-2.045200000E-5	-1.026700000E-5	7.280700000E+0	2.999940820E+4	2.360225000E+3
-2.050410000E-5	-1.014030000E-5	7.290900000E+0	2.999940820E+4	2.362596000E+3
-2.022840000E-5	-9.819920000E-6	7.302300000E+0	2.999940820E+4	2.364595000E+3
-2.031040000E-5	-1.049050000E-5	7.312700000E+0	2.999940820E+4	2.366212000E+3
-1.969200000E-5	-1.052030000E-5	7.324600000E+0	2.999940820E+4	2.369012000E+3
-1.955790000E-5	-9.946580000E-6	7.335100000E+0	2.999940820E+4	2.371021000E+3
-2.045940000E-5	-1.076610000E-5	7.346700000E+0	2.999940820E+4	2.373812000E+3
-2.058610000E-5	-1.044580000E-5	7.357400000E+0	2.999940820E+4	2.375497000E+3
-1.996770000E-5	-1.084070000E-5	7.368200000E+0	2.999940820E+4	2.377401000E+3
-1.977400000E-5	-1.067670000E-5	7.378900000E+0	2.999940820E+4	2.379802000E+3
-1.938650000E-5	-1.026700000E-5	7.389000000E+0	2.999940820E+4	2.381836000E+3
-1.948340000E-5	-9.998740000E-6	7.399200000E+0	2.999940820E+4	2.384658000E+3
-1.925990000E-5	-1.035640000E-5	7.410600000E+0	2.999940820E+4	2.386053000E+3
-1.934930000E-5	-1.072140000E-5	7.421900000E+0	2.999940820E+4	2.388518000E+3
-1.974420000E-5	-1.028190000E-5	7.432000000E+0	2.999940820E+4	2.390473000E+3
-2.019120000E-5	-9.514450000E-6	7.443500000E+0	2.999940820E+4	2.392853000E+3
-2.038490000E-5	-8.970560000E-6	7.453800000E+0	2.999940820E+4	2.394569000E+3
-2.061590000E-5	-1.153360000E-5	7.466600000E+0	2.999940820E+4	2.397288000E+3
-2.010180000E-5	-1.120570000E-5	7.477000000E+0	2.999940820E+4	2.399267000E+3
-2.022100000E-5	-1.107910000E-5	7.489200000E+0	2.999940820E+4	2.401651000E+3
-2.067550000E-5	-1.050540000E-5	7.500400000E+0	2.999940820E+4	2.404072000E+3
