20240415a_HM449HfTa4Zr_chiAC_vs_T_B_0.001.txt Tue, Apr 15, 2025 6:33:50 PM Juan Gabe
Magnet: None
Trigger spacing of 0.010000 on column #3
Offsets:	0.000000000E+0	0.000000000E+0	0.000000000E+0	0.000000000E+0	0.000000000E+0

Scale Factors:	1.000000000E+0	1.000000000E+0	1.000000000E+0	1.000000000E+0	1.000000000E+0

No field long sweep
Lockin_V_001	Chan2_V_001	Temperture_001	Field_001	Timestamp_001
0.000000000E+0	-7.450640000E-9	7.498500000E+0	-1.354045570E-1	2.700000000E-2
7.450640000E-9	-4.470370000E-8	7.486400000E+0	-1.354045570E-1	4.522200000E+1
-2.980250000E-8	-3.725310000E-8	7.474500000E+0	-1.354045570E-1	4.676900000E+1
3.725310000E-8	7.450640000E-9	7.462900000E+0	-1.354045570E-1	4.838300000E+1
-2.980250000E-8	7.450640000E-9	7.452800000E+0	-1.354045570E-1	5.082100000E+1
1.490130000E-8	-3.725310000E-8	7.440100000E+0	-1.354045570E-1	5.316200000E+1
-5.215430000E-8	7.450640000E-9	7.428500000E+0	-1.354045570E-1	5.563900000E+1
-2.980250000E-8	-2.980250000E-8	7.416700000E+0	-1.354045570E-1	5.756800000E+1
-5.960510000E-8	-5.960510000E-8	7.405200000E+0	-1.354045570E-1	5.999600000E+1
-1.490130000E-8	2.980250000E-8	7.394400000E+0	-1.354045570E-1	6.243500000E+1
-3.725310000E-8	3.725310000E-8	7.383400000E+0	-1.354045570E-1	6.493000000E+1
-2.980250000E-8	0.000000000E+0	7.371900000E+0	-1.354045570E-1	6.694200000E+1
-5.215430000E-8	0.000000000E+0	7.359600000E+0	-1.354045570E-1	6.929900000E+1
-1.490130000E-8	4.470370000E-8	7.349500000E+0	-1.354045570E-1	7.132800000E+1
-5.960510000E-8	-2.980250000E-8	7.336100000E+0	-1.354045570E-1	7.336800000E+1
-6.705570000E-8	5.960510000E-8	7.325100000E+0	-1.354045570E-1	7.609900000E+1
-1.490130000E-8	-3.725310000E-8	7.314600000E+0	-1.354045570E-1	7.810800000E+1
-2.235190000E-8	-1.490130000E-8	7.303500000E+0	-1.354045570E-1	8.020200000E+1
-5.215430000E-8	-8.940740000E-8	7.292500000E+0	-1.354045570E-1	8.252000000E+1
-7.450630000E-8	-4.470370000E-7	7.281400000E+0	-1.354045570E-1	8.533600000E+1
-3.948830000E-7	-1.363460000E-6	7.269000000E+0	-1.354045570E-1	8.731100000E+1
-1.594430000E-6	-3.732760000E-6	7.258900000E+0	-1.354045570E-1	8.944100000E+1
-4.440580000E-6	-7.241990000E-6	7.248000000E+0	-1.354045570E-1	9.156300000E+1
-1.025210000E-5	-1.165280000E-5	7.237500000E+0	-1.354045570E-1	9.382700000E+1
-1.700980000E-5	-1.473730000E-5	7.225300000E+0	-1.354045570E-1	9.588600000E+1
-2.893820000E-5	-1.698740000E-5	7.213500000E+0	-1.354045570E-1	9.829700000E+1
-3.664960000E-5	-1.727060000E-5	7.203000000E+0	-1.354045570E-1	1.002240000E+2
-4.652170000E-5	-1.643610000E-5	7.192100000E+0	-1.354045570E-1	1.026490000E+2
-5.447140000E-5	-1.484160000E-5	7.181200000E+0	-1.354045570E-1	1.050970000E+2
-6.090130000E-5	-1.278530000E-5	7.170700000E+0	-1.354045570E-1	1.070320000E+2
-6.559540000E-5	-1.078100000E-5	7.160400000E+0	-1.354045570E-1	1.086260000E+2
-7.051280000E-5	-8.143540000E-6	7.149700000E+0	-1.354045570E-1	1.110790000E+2
-7.364200000E-5	-6.720450000E-6	7.137800000E+0	-1.354045570E-1	1.134780000E+2
-7.580270000E-5	-5.781680000E-6	7.126500000E+0	-1.354045570E-1	1.158210000E+2
-7.763550000E-5	-4.932310000E-6	7.114800000E+0	-1.354045570E-1	1.178300000E+2
-7.955780000E-5	-4.060600000E-6	7.102700000E+0	-1.354045570E-1	1.206360000E+2
-8.098080000E-5	-3.546490000E-6	7.089200000E+0	-1.354045570E-1	1.238230000E+2
-8.152470000E-5	-3.397480000E-6	7.078700000E+0	-1.354045570E-1	1.249100000E+2
-8.279130000E-5	-2.980250000E-6	7.067900000E+0	-1.354045570E-1	1.276890000E+2
-8.334270000E-5	-2.779080000E-6	7.055100000E+0	-1.354045570E-1	1.299030000E+2
-8.417710000E-5	-2.533210000E-6	7.042900000E+0	-1.354045570E-1	1.326500000E+2
-8.466140000E-5	-2.414000000E-6	7.032400000E+0	-1.354045570E-1	1.346290000E+2
-8.522770000E-5	-2.294790000E-6	7.019900000E+0	-1.354045570E-1	1.368040000E+2
-8.603980000E-5	-2.242640000E-6	7.008500000E+0	-1.354045570E-1	1.396170000E+2
-8.658370000E-5	-2.302240000E-6	6.995200000E+0	-1.354045570E-1	1.421700000E+2
-8.700090000E-5	-2.317150000E-6	6.983700000E+0	-1.354045570E-1	1.440920000E+2
-8.774600000E-5	-2.548110000E-6	6.971500000E+0	-1.354045570E-1	1.468910000E+2
-8.838670000E-5	-2.734380000E-6	6.960100000E+0	-1.354045570E-1	1.490600000E+2
-8.890820000E-5	-2.995150000E-6	6.949500000E+0	-1.354045570E-1	1.510020000E+2
-8.960110000E-5	-3.263370000E-6	6.939300000E+0	-1.354045570E-1	1.530000000E+2
-9.050270000E-5	-3.680600000E-6	6.928400000E+0	-1.354045570E-1	1.555700000E+2
-9.141910000E-5	-4.045690000E-6	6.915600000E+0	-1.354045570E-1	1.579890000E+2
-9.249940000E-5	-4.470380000E-6	6.903500000E+0	-1.354045570E-1	1.604780000E+2
-9.359470000E-5	-4.850360000E-6	6.891900000E+0	-1.354045570E-1	1.627490000E+2
-9.487620000E-5	-5.245240000E-6	6.880500000E+0	-1.354045570E-1	1.650050000E+2
-9.611300000E-5	-5.453850000E-6	6.868300000E+0	-1.354045570E-1	1.673960000E+2
-9.736470000E-5	-5.744430000E-6	6.856400000E+0	-1.354045570E-1	1.692850000E+2
-9.882500000E-5	-5.893440000E-6	6.846200000E+0	-1.354045570E-1	1.718010000E+2
-1.002930000E-4	-5.856190000E-6	6.835400000E+0	-1.354045570E-1	1.739290000E+2
-1.018350000E-4	-5.699720000E-6	6.824900000E+0	-1.354045570E-1	1.766060000E+2
-1.029230000E-4	-5.595420000E-6	6.813000000E+0	-1.354045570E-1	1.780800000E+2
-1.044130000E-4	-5.155830000E-6	6.802700000E+0	-1.354045570E-1	1.803500000E+2
-1.054710000E-4	-4.850360000E-6	6.792500000E+0	-1.354045570E-1	1.823550000E+2
-1.067150000E-4	-4.477830000E-6	6.781200000E+0	-1.354045570E-1	1.850040000E+2
-1.075500000E-4	-4.172350000E-6	6.770700000E+0	-1.354045570E-1	1.869950000E+2
-1.085110000E-4	-3.755110000E-6	6.759900000E+0	-1.354045570E-1	1.892990000E+2
-1.091140000E-4	-3.539040000E-6	6.749600000E+0	-1.354045570E-1	1.908490000E+2
-1.099560000E-4	-3.248470000E-6	6.738900000E+0	-1.354045570E-1	1.935310000E+2
-1.105070000E-4	-3.010050000E-6	6.728400000E+0	-1.354045570E-1	1.957950000E+2
-1.108730000E-4	-2.779080000E-6	6.717200000E+0	-1.354045570E-1	1.975600000E+2
-1.114310000E-4	-2.510860000E-6	6.706400000E+0	-1.354045570E-1	1.996620000E+2
-1.118780000E-4	-2.346950000E-6	6.696100000E+0	-1.354045570E-1	2.016900000E+2
-1.123110000E-4	-2.138330000E-6	6.684800000E+0	-1.354045570E-1	2.039700000E+2
-1.126530000E-4	-1.937170000E-6	6.674100000E+0	-1.354045570E-1	2.069760000E+2
-1.128690000E-4	-1.847750000E-6	6.663100000E+0	-1.354045570E-1	2.085140000E+2
-1.131300000E-4	-1.735990000E-6	6.652500000E+0	-1.354045570E-1	2.106360000E+2
-1.133310000E-4	-1.527380000E-6	6.641600000E+0	-1.354045570E-1	2.127460000E+2
-1.135320000E-4	-1.490120000E-6	6.629000000E+0	-1.354045570E-1	2.148680000E+2
-1.137410000E-4	-1.393270000E-6	6.618800000E+0	-1.354045570E-1	2.173910000E+2
-1.138970000E-4	-1.333660000E-6	6.607200000E+0	-1.354045570E-1	2.196480000E+2
-1.139940000E-4	-1.281510000E-6	6.596600000E+0	-1.354045570E-1	2.216430000E+2
-1.141510000E-4	-1.192100000E-6	6.586200000E+0	-1.354045570E-1	2.243140000E+2
-1.141880000E-4	-1.177200000E-6	6.575800000E+0	-1.354045570E-1	2.258080000E+2
-1.142630000E-4	-1.080340000E-6	6.565500000E+0	-1.354045570E-1	2.275100000E+2
-1.144120000E-4	-1.117590000E-6	6.555400000E+0	-1.354045570E-1	2.300380000E+2
-1.145380000E-4	-1.035640000E-6	6.545200000E+0	-1.354045570E-1	2.320540000E+2
-1.145380000E-4	-9.909340000E-7	6.534500000E+0	-1.354045570E-1	2.339580000E+2
-1.146500000E-4	-1.028190000E-6	6.523200000E+0	-1.354045570E-1	2.363300000E+2
-1.147320000E-4	-1.050540000E-6	6.512900000E+0	-1.354045570E-1	2.384270000E+2
-1.147920000E-4	-9.313260000E-7	6.502300000E+0	-1.354045570E-1	2.406440000E+2
-1.149410000E-4	-8.940730000E-7	6.491000000E+0	-1.354045570E-1	2.431010000E+2
-1.149110000E-4	-9.015240000E-7	6.479600000E+0	-1.354045570E-1	2.449000000E+2
-1.150230000E-4	-9.164250000E-7	6.469500000E+0	-1.354045570E-1	2.474440000E+2
-1.150820000E-4	-8.866230000E-7	6.458600000E+0	-1.354045570E-1	2.494060000E+2
-1.151940000E-4	-8.270180000E-7	6.448400000E+0	-1.354045570E-1	2.516380000E+2
-1.152010000E-4	-8.195680000E-7	6.436400000E+0	-1.354045570E-1	2.532470000E+2
-1.152760000E-4	-8.121170000E-7	6.425400000E+0	-1.354045570E-1	2.562300000E+2
-1.153280000E-4	-8.270180000E-7	6.415200000E+0	-1.354045570E-1	2.579590000E+2
-1.152980000E-4	-7.376110000E-7	6.403800000E+0	-1.354045570E-1	2.600530000E+2
-1.153950000E-4	-7.674130000E-7	6.392600000E+0	-1.354045570E-1	2.626250000E+2
-1.154990000E-4	-7.450620000E-7	6.382500000E+0	-1.354045570E-1	2.647050000E+2
-1.155220000E-4	-7.376110000E-7	6.370600000E+0	-1.354045570E-1	2.667160000E+2
-1.156110000E-4	-6.407540000E-7	6.359400000E+0	-1.354045570E-1	2.693770000E+2
-1.156190000E-4	-6.780060000E-7	6.348400000E+0	-1.354045570E-1	2.716440000E+2
-1.156410000E-4	-6.780060000E-7	6.336000000E+0	-1.354045570E-1	2.739770000E+2
-1.156780000E-4	-6.705560000E-7	6.325800000E+0	-1.354045570E-1	2.759000000E+2
-1.156860000E-4	-5.886000000E-7	6.313600000E+0	-1.354045570E-1	2.782090000E+2
-1.157300000E-4	-6.035010000E-7	6.302400000E+0	-1.354045570E-1	2.804660000E+2
-1.157750000E-4	-6.035010000E-7	6.291900000E+0	-1.354045570E-1	2.828450000E+2
-1.157680000E-4	-5.960500000E-7	6.280400000E+0	-1.354045570E-1	2.849750000E+2
-1.157750000E-4	-5.215440000E-7	6.269400000E+0	-1.354045570E-1	2.867120000E+2
-1.157900000E-4	-5.662480000E-7	6.258400000E+0	-1.354045570E-1	2.896230000E+2
-1.158270000E-4	-5.289950000E-7	6.248100000E+0	-1.354045570E-1	2.916380000E+2
-1.158870000E-4	-5.587970000E-7	6.236100000E+0	-1.354045570E-1	2.934980000E+2
-1.158420000E-4	-5.289950000E-7	6.226000000E+0	-1.354045570E-1	2.959270000E+2
-1.158570000E-4	-5.438960000E-7	6.214400000E+0	-1.354045570E-1	2.981550000E+2
-1.158570000E-4	-5.215440000E-7	6.202400000E+0	-1.354045570E-1	3.005450000E+2
-1.159310000E-4	-5.289950000E-7	6.191000000E+0	-1.354045570E-1	3.022890000E+2
-1.159020000E-4	-5.364450000E-7	6.179700000E+0	-1.354045570E-1	3.048090000E+2
-1.158940000E-4	-5.513470000E-7	6.168500000E+0	-1.354045570E-1	3.077380000E+2
-1.158940000E-4	-5.289950000E-7	6.158300000E+0	-1.354045570E-1	3.094940000E+2
-1.159170000E-4	-5.215440000E-7	6.146200000E+0	-1.354045570E-1	3.112750000E+2
-1.159390000E-4	-5.364450000E-7	6.135600000E+0	-1.354045570E-1	3.140540000E+2
-1.159610000E-4	-5.960500000E-7	6.124200000E+0	-1.354045570E-1	3.158930000E+2
-1.159020000E-4	-6.109510000E-7	6.112100000E+0	-1.354045570E-1	3.184690000E+2
-1.159840000E-4	-5.140940000E-7	6.101800000E+0	-1.354045570E-1	3.208560000E+2
-1.159690000E-4	-4.991930000E-7	6.088800000E+0	-1.354045570E-1	3.230770000E+2
-1.160060000E-4	-5.364450000E-7	6.078700000E+0	-1.354045570E-1	3.250770000E+2
-1.159990000E-4	-5.662480000E-7	6.067500000E+0	-1.354045570E-1	3.273580000E+2
-1.159910000E-4	-5.438960000E-7	6.056400000E+0	-1.354045570E-1	3.297550000E+2
-1.160360000E-4	-5.215440000E-7	6.046300000E+0	-1.354045570E-1	3.322950000E+2
-1.160280000E-4	-5.438960000E-7	6.034600000E+0	-1.354045570E-1	3.340640000E+2
-1.160360000E-4	-5.140940000E-7	6.023500000E+0	-1.354045570E-1	3.361830000E+2
-1.160730000E-4	-4.917420000E-7	6.011600000E+0	-1.354045570E-1	3.387080000E+2
-1.161100000E-4	-5.438960000E-7	5.999000000E+0	-1.354045570E-1	3.411920000E+2
-1.161250000E-4	-5.438960000E-7	5.988600000E+0	-1.354045570E-1	3.435090000E+2
-1.160580000E-4	-5.513470000E-7	5.976600000E+0	-1.354045570E-1	3.454790000E+2
-1.160730000E-4	-5.289950000E-7	5.966600000E+0	-1.354045570E-1	3.480200000E+2
-1.161100000E-4	-5.140940000E-7	5.956400000E+0	-1.354045570E-1	3.501260000E+2
-1.161180000E-4	-4.991930000E-7	5.944600000E+0	-1.354045570E-1	3.522700000E+2
-1.160360000E-4	-4.917420000E-7	5.934400000E+0	-1.354045570E-1	3.543080000E+2
-1.161100000E-4	-5.364450000E-7	5.921800000E+0	-1.354045570E-1	3.561540000E+2
-1.161400000E-4	-5.886000000E-7	5.910400000E+0	-1.354045570E-1	3.589580000E+2
-1.161550000E-4	-5.215440000E-7	5.898700000E+0	-1.354045570E-1	3.616330000E+2
-1.161400000E-4	-4.917420000E-7	5.887400000E+0	-1.354045570E-1	3.639160000E+2
-1.161100000E-4	-4.991930000E-7	5.876900000E+0	-1.354045570E-1	3.653090000E+2
-1.161330000E-4	-5.215440000E-7	5.862700000E+0	-1.354045570E-1	3.683710000E+2
-1.161700000E-4	-5.215440000E-7	5.852700000E+0	-1.354045570E-1	3.708040000E+2
-1.161400000E-4	-5.438960000E-7	5.840000000E+0	-1.354045570E-1	3.730770000E+2
-1.161920000E-4	-5.438960000E-7	5.826900000E+0	-1.354045570E-1	3.754940000E+2
-1.161180000E-4	-5.140940000E-7	5.815700000E+0	-1.354045570E-1	3.779840000E+2
-1.161400000E-4	-5.215440000E-7	5.803700000E+0	-1.354045570E-1	3.803720000E+2
-1.161700000E-4	-4.619380000E-7	5.791800000E+0	-1.354045570E-1	3.826970000E+2
-1.161400000E-4	-5.215440000E-7	5.780300000E+0	-1.354045570E-1	3.853230000E+2
-1.161180000E-4	-4.544870000E-7	5.768600000E+0	-1.354045570E-1	3.868930000E+2
-1.161920000E-4	-5.811490000E-7	5.755700000E+0	-1.354045570E-1	3.899710000E+2
-1.161480000E-4	-5.140940000E-7	5.745500000E+0	-1.354045570E-1	3.926290000E+2
-1.161620000E-4	-4.768410000E-7	5.734300000E+0	-1.354045570E-1	3.938980000E+2
-1.161250000E-4	-5.587970000E-7	5.722700000E+0	-1.354045570E-1	3.967780000E+2
-1.161700000E-4	-4.693880000E-7	5.711200000E+0	-1.354045570E-1	3.986260000E+2
-1.161330000E-4	-4.544870000E-7	5.699500000E+0	-1.354045570E-1	4.011810000E+2
-1.161850000E-4	-4.842910000E-7	5.688600000E+0	-1.354045570E-1	4.034710000E+2
-1.161620000E-4	-4.470370000E-7	5.677500000E+0	-1.354045570E-1	4.055350000E+2
-1.161400000E-4	-5.364450000E-7	5.667100000E+0	-1.354045570E-1	4.073330000E+2
-1.162220000E-4	-5.215440000E-7	5.655300000E+0	-1.354045570E-1	4.102250000E+2
-1.161770000E-4	-4.917420000E-7	5.644500000E+0	-1.354045570E-1	4.123830000E+2
-1.161700000E-4	-4.470370000E-7	5.633800000E+0	-1.354045570E-1	4.145380000E+2
-1.161770000E-4	-4.842910000E-7	5.622900000E+0	-1.354045570E-1	4.166390000E+2
-1.162220000E-4	-4.917420000E-7	5.611900000E+0	-1.354045570E-1	4.188910000E+2
-1.162150000E-4	-5.215440000E-7	5.598200000E+0	-1.354045570E-1	4.209730000E+2
-1.161400000E-4	-4.917420000E-7	5.588200000E+0	-1.354045570E-1	4.237450000E+2
-1.162440000E-4	-4.619380000E-7	5.575800000E+0	-1.354045570E-1	4.257140000E+2
-1.162300000E-4	-4.842910000E-7	5.564100000E+0	-1.354045570E-1	4.287630000E+2
-1.161700000E-4	-4.917420000E-7	5.553100000E+0	-1.354045570E-1	4.299290000E+2
-1.162150000E-4	-4.470370000E-7	5.541800000E+0	-1.354045570E-1	4.328930000E+2
-1.161480000E-4	-5.364450000E-7	5.531100000E+0	-1.354045570E-1	4.347930000E+2
-1.161850000E-4	-4.991930000E-7	5.519400000E+0	-1.354045570E-1	4.371620000E+2
-1.161620000E-4	-4.544870000E-7	5.509000000E+0	-1.354045570E-1	4.390700000E+2
-1.162220000E-4	-5.289950000E-7	5.499000000E+0	-1.354045570E-1	4.415400000E+2
-1.162520000E-4	-4.470370000E-7	5.488100000E+0	-1.354045570E-1	4.434490000E+2
-1.162150000E-4	-5.215440000E-7	5.473200000E+0	-1.354045570E-1	4.463320000E+2
-1.162520000E-4	-5.140940000E-7	5.462300000E+0	-1.354045570E-1	4.483810000E+2
-1.161550000E-4	-5.289950000E-7	5.449800000E+0	-1.354045570E-1	4.511960000E+2
-1.162440000E-4	-5.289950000E-7	5.438500000E+0	-1.354045570E-1	4.535380000E+2
-1.162300000E-4	-5.513470000E-7	5.428400000E+0	-1.354045570E-1	4.550370000E+2
-1.161480000E-4	-5.289950000E-7	5.417000000E+0	-1.354045570E-1	4.574820000E+2
-1.161700000E-4	-4.917420000E-7	5.405900000E+0	-1.354045570E-1	4.598010000E+2
-1.162220000E-4	-5.140940000E-7	5.393800000E+0	-1.354045570E-1	4.622310000E+2
-1.162820000E-4	-4.619380000E-7	5.382700000E+0	-1.354045570E-1	4.647500000E+2
-1.161920000E-4	-4.693880000E-7	5.370200000E+0	-1.354045570E-1	4.666070000E+2
-1.162370000E-4	-4.768410000E-7	5.359700000E+0	-1.354045570E-1	4.695700000E+2
-1.161620000E-4	-4.842910000E-7	5.347200000E+0	-1.354045570E-1	4.714750000E+2
-1.162970000E-4	-4.470370000E-7	5.335300000E+0	-1.354045570E-1	4.743360000E+2
-1.161920000E-4	-4.991930000E-7	5.322100000E+0	-1.354045570E-1	4.763770000E+2
-1.162890000E-4	-5.140940000E-7	5.310500000E+0	-1.354045570E-1	4.786560000E+2
-1.162520000E-4	-5.364450000E-7	5.299700000E+0	-1.354045570E-1	4.811220000E+2
-1.162590000E-4	-4.172340000E-7	5.287200000E+0	-1.354045570E-1	4.836550000E+2
-1.162890000E-4	-4.768410000E-7	5.276700000E+0	-1.354045570E-1	4.854090000E+2
-1.162520000E-4	-4.693880000E-7	5.265200000E+0	-1.354045570E-1	4.883920000E+2
-1.162370000E-4	-5.066430000E-7	5.252900000E+0	-1.354045570E-1	4.902460000E+2
-1.161620000E-4	-4.991930000E-7	5.240500000E+0	-1.354045570E-1	4.932020000E+2
-1.162150000E-4	-5.289950000E-7	5.229000000E+0	-1.354045570E-1	4.958400000E+2
-1.162670000E-4	-5.140940000E-7	5.217000000E+0	-1.354045570E-1	4.970680000E+2
-1.162820000E-4	-4.917420000E-7	5.206600000E+0	-1.354045570E-1	4.999470000E+2
-1.161920000E-4	-4.768410000E-7	5.195600000E+0	-1.354045570E-1	5.018230000E+2
-1.161850000E-4	-5.364450000E-7	5.185500000E+0	-1.354045570E-1	5.034370000E+2
-1.162890000E-4	-4.768410000E-7	5.173600000E+0	-1.354045570E-1	5.062140000E+2
-1.163110000E-4	-4.842910000E-7	5.163200000E+0	-1.354045570E-1	5.086570000E+2
-1.162670000E-4	-4.693880000E-7	5.152700000E+0	-1.354045570E-1	5.104800000E+2
-1.162890000E-4	-5.140940000E-7	5.142400000E+0	-1.354045570E-1	5.125020000E+2
-1.162820000E-4	-4.991930000E-7	5.131000000E+0	-1.354045570E-1	5.150220000E+2
-1.162300000E-4	-4.991930000E-7	5.117900000E+0	-1.354045570E-1	5.172580000E+2
-1.162890000E-4	-4.917420000E-7	5.105100000E+0	-1.354045570E-1	5.202170000E+2
-1.162740000E-4	-4.768410000E-7	5.091800000E+0	-1.354045570E-1	5.225070000E+2
-1.162970000E-4	-5.140940000E-7	5.079600000E+0	-1.354045570E-1	5.250060000E+2
-1.162970000E-4	-5.140940000E-7	5.066700000E+0	-1.354045570E-1	5.274450000E+2
-1.162970000E-4	-4.991930000E-7	5.055500000E+0	-1.354045570E-1	5.298490000E+2
-1.162890000E-4	-5.364450000E-7	5.042200000E+0	-1.354045570E-1	5.327460000E+2
-1.162820000E-4	-4.768410000E-7	5.029900000E+0	-1.354045570E-1	5.347870000E+2
-1.162220000E-4	-4.917420000E-7	5.017500000E+0	-1.354045570E-1	5.379310000E+2
-1.162890000E-4	-4.619380000E-7	5.006200000E+0	-1.354045570E-1	5.396320000E+2
-1.163410000E-4	-5.140940000E-7	4.994900000E+0	-1.354045570E-1	5.419680000E+2
-1.162520000E-4	-4.917420000E-7	4.984600000E+0	-1.354045570E-1	5.443660000E+2
-1.163110000E-4	-4.693880000E-7	4.972300000E+0	-1.354045570E-1	5.467270000E+2
-1.163040000E-4	-5.140940000E-7	4.962100000E+0	-1.354045570E-1	5.481790000E+2
-1.162970000E-4	-4.917420000E-7	4.952100000E+0	-1.354045570E-1	5.506340000E+2
-1.163040000E-4	-4.768410000E-7	4.941700000E+0	-1.354045570E-1	5.524470000E+2
-1.162970000E-4	-4.768410000E-7	4.930400000E+0	-1.354045570E-1	5.550420000E+2
-1.163260000E-4	-4.768410000E-7	4.920100000E+0	-1.354045570E-1	5.575020000E+2
-1.162220000E-4	-4.544870000E-7	4.908400000E+0	-1.354045570E-1	5.592470000E+2
-1.163040000E-4	-4.768410000E-7	4.898100000E+0	-1.354045570E-1	5.612660000E+2
-1.162890000E-4	-4.917420000E-7	4.886300000E+0	-1.354045570E-1	5.636920000E+2
-1.163040000E-4	-4.470370000E-7	4.875900000E+0	-1.354045570E-1	5.661100000E+2
-1.163260000E-4	-5.140940000E-7	4.865100000E+0	-1.354045570E-1	5.679790000E+2
-1.162520000E-4	-4.991930000E-7	4.853600000E+0	-1.354045570E-1	5.703360000E+2
-1.162740000E-4	-4.544870000E-7	4.843500000E+0	-1.354045570E-1	5.722440000E+2
-1.163110000E-4	-4.917420000E-7	4.832100000E+0	-1.354045570E-1	5.747860000E+2
-1.162890000E-4	-4.321350000E-7	4.821300000E+0	-1.354045570E-1	5.767530000E+2
-1.163340000E-4	-5.364450000E-7	4.808600000E+0	-1.354045570E-1	5.795810000E+2
-1.162820000E-4	-4.842910000E-7	4.798300000E+0	-1.354045570E-1	5.809890000E+2
-1.163040000E-4	-4.470370000E-7	4.787000000E+0	-1.354045570E-1	5.837850000E+2
-1.162590000E-4	-5.140940000E-7	4.775100000E+0	-1.354045570E-1	5.862010000E+2
-1.163040000E-4	-4.693880000E-7	4.762400000E+0	-1.354045570E-1	5.882060000E+2
-1.163260000E-4	-4.693880000E-7	4.751200000E+0	-1.354045570E-1	5.906130000E+2
-1.163110000E-4	-4.917420000E-7	4.739100000E+0	-1.354045570E-1	5.935260000E+2
-1.163110000E-4	-4.768410000E-7	4.728700000E+0	-1.354045570E-1	5.955250000E+2
-1.162740000E-4	-4.619380000E-7	4.716500000E+0	-1.354045570E-1	5.973940000E+2
-1.163340000E-4	-4.470370000E-7	4.706000000E+0	-1.354045570E-1	5.997790000E+2
-1.162440000E-4	-4.842910000E-7	4.694500000E+0	-1.354045570E-1	6.025330000E+2
-1.163040000E-4	-5.066430000E-7	4.682300000E+0	-1.354045570E-1	6.046190000E+2
-1.163560000E-4	-5.215440000E-7	4.672100000E+0	-1.354045570E-1	6.065960000E+2
-1.163560000E-4	-4.619380000E-7	4.659900000E+0	-1.354045570E-1	6.089850000E+2
-1.163340000E-4	-4.842910000E-7	4.648100000E+0	-1.354045570E-1	6.117860000E+2
-1.163260000E-4	-4.768410000E-7	4.638100000E+0	-1.354045570E-1	6.135110000E+2
-1.163040000E-4	-5.215440000E-7	4.627600000E+0	-1.354045570E-1	6.152270000E+2
-1.162890000E-4	-4.470370000E-7	4.617100000E+0	-1.354045570E-1	6.176270000E+2
-1.162890000E-4	-4.917420000E-7	4.604700000E+0	-1.354045570E-1	6.200250000E+2
-1.163410000E-4	-4.470370000E-7	4.593500000E+0	-1.354045570E-1	6.220460000E+2
-1.162740000E-4	-5.140940000E-7	4.582400000E+0	-1.354045570E-1	6.249800000E+2
-1.162740000E-4	-5.066430000E-7	4.570200000E+0	-1.354045570E-1	6.268420000E+2
-1.162970000E-4	-5.140940000E-7	4.557900000E+0	-1.354045570E-1	6.288270000E+2
-1.162440000E-4	-4.917420000E-7	4.546100000E+0	-1.354045570E-1	6.321990000E+2
-1.163190000E-4	-5.066430000E-7	4.535300000E+0	-1.354045570E-1	6.336170000E+2
-1.162890000E-4	-4.842910000E-7	4.523400000E+0	-1.354045570E-1	6.365460000E+2
-1.163410000E-4	-5.289950000E-7	4.511900000E+0	-1.354045570E-1	6.391240000E+2
-1.163340000E-4	-5.736980000E-7	4.501500000E+0	-1.354045570E-1	6.404510000E+2
-1.163110000E-4	-4.991930000E-7	4.490700000E+0	-1.354045570E-1	6.434100000E+2
-1.163490000E-4	-5.438960000E-7	4.479400000E+0	-1.354045570E-1	6.453060000E+2
-1.163110000E-4	-5.438960000E-7	4.465600000E+0	-1.354045570E-1	6.476740000E+2
-1.163410000E-4	-4.842910000E-7	4.454700000E+0	-1.354045570E-1	6.501890000E+2
-1.163930000E-4	-4.619380000E-7	4.443000000E+0	-1.354045570E-1	6.524400000E+2
-1.163260000E-4	-5.289950000E-7	4.429900000E+0	-1.354045570E-1	6.549620000E+2
-1.163410000E-4	-4.619380000E-7	4.417100000E+0	-1.354045570E-1	6.570130000E+2
-1.162740000E-4	-5.438960000E-7	4.406000000E+0	-1.354045570E-1	6.604160000E+2
-1.163710000E-4	-5.289950000E-7	4.394000000E+0	-1.354045570E-1	6.617480000E+2
-1.163710000E-4	-4.991930000E-7	4.382400000E+0	-1.354045570E-1	6.647110000E+2
-1.162890000E-4	-5.215440000E-7	4.370100000E+0	-1.354045570E-1	6.672050000E+2
-1.162970000E-4	-5.140940000E-7	4.359500000E+0	-1.354045570E-1	6.694890000E+2
-1.163260000E-4	-5.215440000E-7	4.348000000E+0	-1.354045570E-1	6.709880000E+2
-1.162890000E-4	-4.470370000E-7	4.337300000E+0	-1.354045570E-1	6.733590000E+2
-1.163260000E-4	-5.736980000E-7	4.326100000E+0	-1.354045570E-1	6.757300000E+2
-1.163340000E-4	-5.513470000E-7	4.314200000E+0	-1.354045570E-1	6.786770000E+2
-1.164160000E-4	-4.842910000E-7	4.301800000E+0	-1.354045570E-1	6.805470000E+2
-1.163490000E-4	-4.470370000E-7	4.290300000E+0	-1.354045570E-1	6.831070000E+2
-1.162890000E-4	-4.544870000E-7	4.277400000E+0	-1.354045570E-1	6.855280000E+2
-1.163640000E-4	-5.215440000E-7	4.265000000E+0	-1.354045570E-1	6.881270000E+2
-1.164310000E-4	-4.768410000E-7	4.253800000E+0	-1.354045570E-1	6.903210000E+2
-1.164460000E-4	-5.140940000E-7	4.243400000E+0	-1.354045570E-1	6.928430000E+2
-1.163490000E-4	-4.619380000E-7	4.232000000E+0	-1.354045570E-1	6.946900000E+2
-1.163410000E-4	-4.768410000E-7	4.220100000E+0	-1.354045570E-1	6.967050000E+2
-1.163860000E-4	-5.066430000E-7	4.206500000E+0	-1.354045570E-1	6.996530000E+2
-1.163640000E-4	-5.066430000E-7	4.195300000E+0	-1.354045570E-1	7.021720000E+2
-1.163490000E-4	-4.544870000E-7	4.183200000E+0	-1.354045570E-1	7.044170000E+2
-1.164080000E-4	-4.470370000E-7	4.172100000E+0	-1.354045570E-1	7.068290000E+2
-1.164160000E-4	-4.842910000E-7	4.161700000E+0	-1.354045570E-1	7.086660000E+2
-1.163040000E-4	-4.619380000E-7	4.151000000E+0	-1.354045570E-1	7.106800000E+2
-1.163410000E-4	-4.619380000E-7	4.137100000E+0	-1.354045570E-1	7.136260000E+2
-1.163260000E-4	-5.066430000E-7	4.126800000E+0	-1.354045570E-1	7.155520000E+2
-1.163410000E-4	-4.321350000E-7	4.113900000E+0	-1.354045570E-1	7.184120000E+2
-1.163490000E-4	-5.140940000E-7	4.100900000E+0	-1.354045570E-1	7.203770000E+2
-1.163110000E-4	-5.140940000E-7	4.089700000E+0	-1.354045570E-1	7.234880000E+2
-1.163710000E-4	-4.991930000E-7	4.077500000E+0	-1.354045570E-1	7.252050000E+2
-1.163110000E-4	-4.991930000E-7	4.064500000E+0	-1.354045570E-1	7.281460000E+2
-1.162890000E-4	-4.917420000E-7	4.052500000E+0	-1.354045570E-1	7.305190000E+2
-1.163790000E-4	-5.140940000E-7	4.039900000E+0	-1.354045570E-1	7.329410000E+2
-1.162970000E-4	-4.544870000E-7	4.029200000E+0	-1.354045570E-1	7.349690000E+2
-1.163790000E-4	-5.289950000E-7	4.016000000E+0	-1.354045570E-1	7.378400000E+2
-1.163490000E-4	-4.470370000E-7	4.003300000E+0	-1.354045570E-1	7.403830000E+2
-1.163860000E-4	-5.215440000E-7	3.992800000E+0	-1.354045570E-1	7.426830000E+2
-1.163260000E-4	-5.066430000E-7	3.981600000E+0	-1.354045570E-1	7.450300000E+2
-1.162740000E-4	-4.470370000E-7	3.970800000E+0	-1.354045570E-1	7.465500000E+2
-1.163710000E-4	-4.693880000E-7	3.958400000E+0	-1.354045570E-1	7.494970000E+2
-1.163790000E-4	-4.768410000E-7	3.947100000E+0	-1.354045570E-1	7.518920000E+2
-1.164530000E-4	-4.619380000E-7	3.936400000E+0	-1.354045570E-1	7.533060000E+2
-1.163560000E-4	-4.693880000E-7	3.926300000E+0	-1.354045570E-1	7.557450000E+2
-1.163860000E-4	-4.470370000E-7	3.915100000E+0	-1.354045570E-1	7.582230000E+2
-1.163490000E-4	-4.768410000E-7	3.903000000E+0	-1.354045570E-1	7.601790000E+2
-1.163710000E-4	-5.140940000E-7	3.893000000E+0	-1.354045570E-1	7.625030000E+2
-1.164310000E-4	-4.619380000E-7	3.878700000E+0	-1.354045570E-1	7.650410000E+2
-1.163410000E-4	-4.544870000E-7	3.867100000E+0	-1.354045570E-1	7.679060000E+2
-1.163560000E-4	-5.215440000E-7	3.854800000E+0	-1.354045570E-1	7.698500000E+2
-1.163930000E-4	-4.917420000E-7	3.844600000E+0	-1.354045570E-1	7.722100000E+2
-1.163860000E-4	-5.289950000E-7	3.833700000E+0	-1.354045570E-1	7.741010000E+2
-1.163410000E-4	-4.693880000E-7	3.822200000E+0	-1.354045570E-1	7.770680000E+2
-1.163790000E-4	-5.140940000E-7	3.811100000E+0	-1.354045570E-1	7.786790000E+2
-1.163490000E-4	-4.693880000E-7	3.798600000E+0	-1.354045570E-1	7.814930000E+2
-1.163640000E-4	-4.619380000E-7	3.787200000E+0	-1.354045570E-1	7.835050000E+2
-1.164310000E-4	-5.066430000E-7	3.776600000E+0	-1.354045570E-1	7.859080000E+2
-1.162970000E-4	-4.470370000E-7	3.766500000E+0	-1.354045570E-1	7.876930000E+2
-1.163410000E-4	-4.544870000E-7	3.753800000E+0	-1.354045570E-1	7.902430000E+2
-1.163260000E-4	-4.544870000E-7	3.741600000E+0	-1.354045570E-1	7.926530000E+2
-1.163490000E-4	-4.917420000E-7	3.728600000E+0	-1.354045570E-1	7.952050000E+2
-1.163710000E-4	-4.768410000E-7	3.717400000E+0	-1.354045570E-1	7.979360000E+2
-1.163710000E-4	-4.470370000E-7	3.707000000E+0	-1.354045570E-1	7.994110000E+2
-1.163860000E-4	-4.768410000E-7	3.694900000E+0	-1.354045570E-1	8.019430000E+2
-1.164160000E-4	-4.991930000E-7	3.682700000E+0	-1.354045570E-1	8.047710000E+2
-1.164010000E-4	-4.842910000E-7	3.671500000E+0	-1.354045570E-1	8.067870000E+2
-1.163560000E-4	-4.768410000E-7	3.658800000E+0	-1.354045570E-1	8.091350000E+2
-1.164010000E-4	-4.768410000E-7	3.648000000E+0	-1.354045570E-1	8.116330000E+2
-1.163640000E-4	-5.289950000E-7	3.636800000E+0	-1.354045570E-1	8.135340000E+2
-1.163490000E-4	-4.693880000E-7	3.626200000E+0	-1.354045570E-1	8.159760000E+2
-1.163490000E-4	-4.619380000E-7	3.615000000E+0	-1.354045570E-1	8.181070000E+2
-1.163490000E-4	-4.768410000E-7	3.602300000E+0	-1.354045570E-1	8.206620000E+2
-1.163560000E-4	-4.991930000E-7	3.587400000E+0	-1.354045570E-1	8.237990000E+2
-1.164010000E-4	-5.364450000E-7	3.576600000E+0	-1.354045570E-1	8.259230000E+2
-1.163930000E-4	-4.470370000E-7	3.563600000E+0	-1.354045570E-1	8.291810000E+2
-1.164080000E-4	-4.470370000E-7	3.551500000E+0	-1.354045570E-1	8.312840000E+2
-1.164160000E-4	-4.842910000E-7	3.538600000E+0	-1.354045570E-1	8.344970000E+2
-1.163710000E-4	-4.619380000E-7	3.527200000E+0	-1.354045570E-1	8.366440000E+2
-1.163490000E-4	-4.619380000E-7	3.516300000E+0	-1.354045570E-1	8.387220000E+2
-1.163410000E-4	-4.470370000E-7	3.502800000E+0	-1.354045570E-1	8.419030000E+2
-1.163490000E-4	-4.693880000E-7	3.491100000E+0	-1.354045570E-1	8.440990000E+2
-1.163710000E-4	-4.470370000E-7	3.476200000E+0	-1.354045570E-1	8.472820000E+2
-1.164310000E-4	-4.842910000E-7	3.460300000E+0	-1.354045570E-1	8.508500000E+2
-1.164010000E-4	-4.842910000E-7	3.447700000E+0	-1.354045570E-1	8.529730000E+2
-1.163790000E-4	-4.470370000E-7	3.434400000E+0	-1.354045570E-1	8.562270000E+2
-1.164160000E-4	-5.289950000E-7	3.417700000E+0	-1.354045570E-1	8.594360000E+2
-1.163930000E-4	-4.693880000E-7	3.405400000E+0	-1.354045570E-1	8.626150000E+2
-1.164080000E-4	-4.544870000E-7	3.392200000E+0	-1.354045570E-1	8.647320000E+2
-1.163930000E-4	-4.768410000E-7	3.381800000E+0	-1.354045570E-1	8.674490000E+2
-1.163410000E-4	-4.619380000E-7	3.371500000E+0	-1.354045570E-1	8.695180000E+2
-1.164080000E-4	-5.140940000E-7	3.355100000E+0	-1.354045570E-1	8.727270000E+2
-1.163490000E-4	-5.140940000E-7	3.345100000E+0	-1.354045570E-1	8.757640000E+2
-1.163710000E-4	-5.140940000E-7	3.330400000E+0	-1.354045570E-1	8.779420000E+2
-1.163860000E-4	-4.619380000E-7	3.318000000E+0	-1.354045570E-1	8.809960000E+2
-1.164010000E-4	-4.693880000E-7	3.306700000E+0	-1.354045570E-1	8.831360000E+2
-1.164010000E-4	-4.470370000E-7	3.290900000E+0	-1.354045570E-1	8.866860000E+2
-1.164380000E-4	-5.066430000E-7	3.278100000E+0	-1.354045570E-1	8.888530000E+2
-1.164230000E-4	-4.544870000E-7	3.266700000E+0	-1.354045570E-1	8.920390000E+2
-1.163640000E-4	-4.768410000E-7	3.252900000E+0	-1.354045570E-1	8.942240000E+2
-1.164080000E-4	-4.470370000E-7	3.241200000E+0	-1.354045570E-1	8.973470000E+2
-1.164310000E-4	-5.289950000E-7	3.228000000E+0	-1.354045570E-1	8.995640000E+2
-1.164080000E-4	-4.842910000E-7	3.213500000E+0	-1.354045570E-1	9.032610000E+2
-1.164160000E-4	-4.842910000E-7	3.198800000E+0	-1.354045570E-1	9.053510000E+2
-1.164010000E-4	-4.768410000E-7	3.187000000E+0	-1.354045570E-1	9.086000000E+2
-1.164080000E-4	-4.395860000E-7	3.174700000E+0	-1.354045570E-1	9.106920000E+2
-1.164010000E-4	-4.842910000E-7	3.164000000E+0	-1.354045570E-1	9.138890000E+2
-1.164460000E-4	-4.842910000E-7	3.147400000E+0	-1.354045570E-1	9.160500000E+2
-1.164080000E-4	-4.768410000E-7	3.136100000E+0	-1.354045570E-1	9.196040000E+2
-1.164010000E-4	-5.438960000E-7	3.121100000E+0	-1.354045570E-1	9.217940000E+2
-1.164460000E-4	-5.587970000E-7	3.105900000E+0	-1.354045570E-1	9.254690000E+2
-1.163490000E-4	-4.470370000E-7	3.095800000E+0	-1.354045570E-1	9.276020000E+2
-1.163710000E-4	-5.066430000E-7	3.082100000E+0	-1.354045570E-1	9.301930000E+2
-1.164080000E-4	-4.619380000E-7	3.069300000E+0	-1.354045570E-1	9.333290000E+2
-1.164080000E-4	-4.842910000E-7	3.058600000E+0	-1.354045570E-1	9.354690000E+2
-1.164530000E-4	-4.693880000E-7	3.047800000E+0	-1.354045570E-1	9.375840000E+2
-1.164310000E-4	-4.470370000E-7	3.034200000E+0	-1.354045570E-1	9.408600000E+2
-1.164460000E-4	-4.917420000E-7	3.021000000E+0	-1.354045570E-1	9.429530000E+2
-1.164460000E-4	-4.768410000E-7	3.004500000E+0	-1.354045570E-1	9.466750000E+2
-1.163930000E-4	-4.917420000E-7	2.993600000E+0	-1.354045570E-1	9.488180000E+2
-1.163410000E-4	-4.842910000E-7	2.979400000E+0	-1.354045570E-1	9.519990000E+2
-1.164900000E-4	-5.066430000E-7	2.968800000E+0	-1.354045570E-1	9.546490000E+2
-1.164160000E-4	-4.395860000E-7	2.952000000E+0	-1.354045570E-1	9.571720000E+2
-1.163560000E-4	-4.768410000E-7	2.935400000E+0	-1.354045570E-1	9.614540000E+2
-1.164160000E-4	-4.991930000E-7	2.923700000E+0	-1.354045570E-1	9.635820000E+2
-1.163790000E-4	-4.321350000E-7	2.908900000E+0	-1.354045570E-1	9.668040000E+2
-1.164160000E-4	-5.289950000E-7	2.895400000E+0	-1.354045570E-1	9.699620000E+2
-1.164160000E-4	-4.842910000E-7	2.883000000E+0	-1.354045570E-1	9.721730000E+2
-1.163930000E-4	-4.842910000E-7	2.872800000E+0	-1.354045570E-1	9.749270000E+2
-1.164160000E-4	-4.842910000E-7	2.855700000E+0	-1.354045570E-1	9.774700000E+2
-1.163640000E-4	-5.066430000E-7	2.843300000E+0	-1.354045570E-1	9.810410000E+2
-1.163930000E-4	-4.842910000E-7	2.829200000E+0	-1.354045570E-1	9.832110000E+2
-1.164010000E-4	-4.842910000E-7	2.815600000E+0	-1.354045570E-1	9.864310000E+2
-1.164160000E-4	-4.693880000E-7	2.805100000E+0	-1.354045570E-1	9.885650000E+2
-1.164380000E-4	-4.842910000E-7	2.791300000E+0	-1.354045570E-1	9.917310000E+2
-1.164080000E-4	-4.768410000E-7	2.779100000E+0	-1.354045570E-1	9.939190000E+2
-1.163790000E-4	-5.289950000E-7	2.766100000E+0	-1.354045570E-1	9.970230000E+2
-1.164160000E-4	-5.066430000E-7	2.755700000E+0	-1.354045570E-1	9.991600000E+2
-1.163340000E-4	-4.991930000E-7	2.744800000E+0	-1.354045570E-1	1.001299000E+3
-1.164460000E-4	-4.470370000E-7	2.730000000E+0	-1.354045570E-1	1.004530000E+3
-1.163560000E-4	-4.917420000E-7	2.713200000E+0	-1.354045570E-1	1.007682000E+3
-1.163190000E-4	-4.470370000E-7	2.699300000E+0	-1.354045570E-1	1.010889000E+3
-1.164310000E-4	-4.768410000E-7	2.687500000E+0	-1.354045570E-1	1.013966000E+3
-1.163930000E-4	-5.587970000E-7	2.672400000E+0	-1.354045570E-1	1.016114000E+3
-1.159690000E-4	-7.897650000E-7	2.655600000E+0	-1.354045570E-1	1.020355000E+3
-1.164010000E-4	-4.917420000E-7	2.643900000E+0	-1.354045570E-1	1.022483000E+3
-1.163860000E-4	-4.470370000E-7	2.631700000E+0	-1.354045570E-1	1.025670000E+3
-1.164460000E-4	-4.470370000E-7	2.620100000E+0	-1.354045570E-1	1.027828000E+3
-1.164160000E-4	-4.991930000E-7	2.609600000E+0	-1.354045570E-1	1.029950000E+3
-1.164160000E-4	-4.991930000E-7	2.594500000E+0	-1.354045570E-1	1.033173000E+3
-1.164080000E-4	-4.619380000E-7	2.583800000E+0	-1.354045570E-1	1.036063000E+3
-1.163930000E-4	-4.768410000E-7	2.567800000E+0	-1.354045570E-1	1.038582000E+3
-1.163930000E-4	-4.842910000E-7	2.550700000E+0	-1.354045570E-1	1.042269000E+3
-1.164460000E-4	-4.172340000E-7	2.535600000E+0	-1.354045570E-1	1.045820000E+3
-1.163410000E-4	-5.140940000E-7	2.522900000E+0	-1.354045570E-1	1.047974000E+3
-1.164010000E-4	-5.066430000E-7	2.508200000E+0	-1.354045570E-1	1.051177000E+3
-1.163640000E-4	-4.470370000E-7	2.497400000E+0	-1.354045570E-1	1.054369000E+3
-1.164160000E-4	-4.470370000E-7	2.485600000E+0	-1.354045570E-1	1.055980000E+3
-1.164380000E-4	-5.066430000E-7	2.475500000E+0	-1.354045570E-1	1.058068000E+3
-1.163860000E-4	-4.991930000E-7	2.463700000E+0	-1.354045570E-1	1.060594000E+3
-1.164010000E-4	-4.693880000E-7	2.452500000E+0	-1.354045570E-1	1.063654000E+3
-1.163490000E-4	-5.140940000E-7	2.437200000E+0	-1.354045570E-1	1.065821000E+3
-1.164230000E-4	-4.619380000E-7	2.422100000E+0	-1.354045570E-1	1.069570000E+3
-1.164230000E-4	-5.289950000E-7	2.411300000E+0	-1.354045570E-1	1.072044000E+3
-1.163930000E-4	-4.768410000E-7	2.399100000E+0	-1.354045570E-1	1.074210000E+3
-1.164080000E-4	-4.768410000E-7	2.382300000E+0	-1.354045570E-1	1.077926000E+3
-1.164230000E-4	-5.289950000E-7	2.370800000E+0	-1.354045570E-1	1.080106000E+3
-1.163710000E-4	-4.693880000E-7	2.360700000E+0	-1.354045570E-1	1.082608000E+3
-1.164460000E-4	-4.917420000E-7	2.350500000E+0	-1.354045570E-1	1.084733000E+3
-1.164160000E-4	-4.619380000E-7	2.335600000E+0	-1.354045570E-1	1.087919000E+3
-1.164750000E-4	-4.619380000E-7	2.325000000E+0	-1.354045570E-1	1.090067000E+3
-1.163930000E-4	-4.768410000E-7	2.309000000E+0	-1.354045570E-1	1.093270000E+3
-1.164530000E-4	-4.842910000E-7	2.292500000E+0	-1.354045570E-1	1.096988000E+3
-1.163640000E-4	-4.693880000E-7	2.282400000E+0	-1.354045570E-1	1.099573000E+3
-1.163860000E-4	-4.693880000E-7	2.266300000E+0	-1.354045570E-1	1.102165000E+3
-1.164010000E-4	-5.140940000E-7	2.253400000E+0	-1.354045570E-1	1.105377000E+3
-1.164010000E-4	-4.544870000E-7	2.242000000E+0	-1.354045570E-1	1.107574000E+3
-1.164310000E-4	-4.619380000E-7	2.226600000E+0	-1.354045570E-1	1.110727000E+3
-1.164160000E-4	-5.513470000E-7	2.212300000E+0	-1.354045570E-1	1.113923000E+3
-1.164010000E-4	-4.470370000E-7	2.196600000E+0	-1.354045570E-1	1.117097000E+3
-1.163930000E-4	-4.395860000E-7	2.182900000E+0	-1.354045570E-1	1.120312000E+3
-1.164750000E-4	-4.842910000E-7	2.171100000E+0	-1.354045570E-1	1.122526000E+3
-1.164530000E-4	-5.140940000E-7	2.160800000E+0	-1.354045570E-1	1.125015000E+3
-1.164680000E-4	-4.619380000E-7	2.150300000E+0	-1.354045570E-1	1.127100000E+3
-1.164080000E-4	-4.991930000E-7	2.136500000E+0	-1.354045570E-1	1.130311000E+3
-1.164310000E-4	-4.768410000E-7	2.124900000E+0	-1.354045570E-1	1.132452000E+3
-1.163790000E-4	-4.544870000E-7	2.110400000E+0	-1.354045570E-1	1.135644000E+3
-1.164010000E-4	-4.395860000E-7	2.093500000E+0	-1.354045570E-1	1.138833000E+3
-1.164460000E-4	-4.917420000E-7	2.077500000E+0	-1.354045570E-1	1.142554000E+3
-1.164010000E-4	-4.470370000E-7	2.066700000E+0	-1.354045570E-1	1.145371000E+3
-1.164310000E-4	-5.140940000E-7	2.051500000E+0	-1.354045570E-1	1.147917000E+3
-1.164160000E-4	-4.470370000E-7	2.037800000E+0	-1.354045570E-1	1.151153000E+3
-1.164160000E-4	-5.140940000E-7	2.026700000E+0	-1.354045570E-1	1.153238000E+3
-1.164160000E-4	-5.066430000E-7	2.012800000E+0	-1.354045570E-1	1.156491000E+3
-1.163560000E-4	-5.140940000E-7	2.002600000E+0	-1.354045570E-1	1.158568000E+3
-1.163930000E-4	-4.693880000E-7	2.015400000E+0	-1.354045570E-1	1.287064000E+3
-1.164750000E-4	-5.066430000E-7	2.026300000E+0	-1.354045570E-1	1.289903000E+3
-1.163930000E-4	-5.140940000E-7	2.037100000E+0	-1.354045570E-1	1.291927000E+3
-1.164160000E-4	-4.991930000E-7	2.047800000E+0	-1.354045570E-1	1.293869000E+3
-1.163930000E-4	-5.066430000E-7	2.059200000E+0	-1.354045570E-1	1.296346000E+3
-1.164010000E-4	-4.619380000E-7	2.070700000E+0	-1.354045570E-1	1.298415000E+3
-1.164460000E-4	-4.395860000E-7	2.084000000E+0	-1.354045570E-1	1.301384000E+3
-1.164080000E-4	-4.470370000E-7	2.095700000E+0	-1.354045570E-1	1.303350000E+3
-1.164230000E-4	-3.874320000E-7	2.110100000E+0	-1.354045570E-1	1.306411000E+3
-1.164010000E-4	-4.842910000E-7	2.122900000E+0	-1.354045570E-1	1.308934000E+3
-1.164010000E-4	-4.470370000E-7	2.133900000E+0	-1.354045570E-1	1.311374000E+3
-1.163790000E-4	-5.215440000E-7	2.146500000E+0	-1.354045570E-1	1.313832000E+3
-1.164160000E-4	-4.842910000E-7	2.157800000E+0	-1.354045570E-1	1.316276000E+3
-1.164080000E-4	-4.246850000E-7	2.168000000E+0	-1.354045570E-1	1.318049000E+3
-1.163640000E-4	-5.140940000E-7	2.180900000E+0	-1.354045570E-1	1.320619000E+3
-1.164080000E-4	-4.842910000E-7	2.191700000E+0	-1.354045570E-1	1.323131000E+3
-1.164010000E-4	-5.140940000E-7	2.202800000E+0	-1.354045570E-1	1.325074000E+3
-1.164160000E-4	-4.395860000E-7	2.214600000E+0	-1.354045570E-1	1.327458000E+3
-1.164310000E-4	-4.693880000E-7	2.226000000E+0	-1.354045570E-1	1.329639000E+3
-1.164460000E-4	-4.544870000E-7	2.237000000E+0	-1.354045570E-1	1.332157000E+3
-1.164230000E-4	-5.140940000E-7	2.249400000E+0	-1.354045570E-1	1.334270000E+3
-1.164310000E-4	-4.619380000E-7	2.262900000E+0	-1.354045570E-1	1.337216000E+3
-1.164230000E-4	-4.470370000E-7	2.274700000E+0	-1.354045570E-1	1.339188000E+3
-1.164460000E-4	-4.842910000E-7	2.285000000E+0	-1.354045570E-1	1.341581000E+3
-1.164460000E-4	-4.395860000E-7	2.296000000E+0	-1.354045570E-1	1.343765000E+3
-1.164600000E-4	-4.619380000E-7	2.307800000E+0	-1.354045570E-1	1.346113000E+3
-1.164230000E-4	-5.140940000E-7	2.319000000E+0	-1.354045570E-1	1.347991000E+3
-1.163260000E-4	-5.215440000E-7	2.329300000E+0	-1.354045570E-1	1.350440000E+3
-1.164380000E-4	-4.470370000E-7	2.340300000E+0	-1.354045570E-1	1.352462000E+3
-1.164080000E-4	-5.140940000E-7	2.351600000E+0	-1.354045570E-1	1.354901000E+3
-1.164310000E-4	-5.066430000E-7	2.362500000E+0	-1.354045570E-1	1.357070000E+3
-1.164530000E-4	-5.438960000E-7	2.372700000E+0	-1.354045570E-1	1.358633000E+3
-1.163930000E-4	-4.842910000E-7	2.385500000E+0	-1.354045570E-1	1.361584000E+3
-1.163790000E-4	-4.619380000E-7	2.397300000E+0	-1.354045570E-1	1.364078000E+3
-1.164230000E-4	-4.693880000E-7	2.408800000E+0	-1.354045570E-1	1.366189000E+3
-1.164010000E-4	-5.140940000E-7	2.421700000E+0	-1.354045570E-1	1.368968000E+3
-1.163860000E-4	-4.619380000E-7	2.436500000E+0	-1.354045570E-1	1.371589000E+3
-1.164460000E-4	-4.917420000E-7	2.447700000E+0	-1.354045570E-1	1.374378000E+3
-1.164460000E-4	-4.917420000E-7	2.458900000E+0	-1.354045570E-1	1.376110000E+3
-1.164160000E-4	-4.470370000E-7	2.470200000E+0	-1.354045570E-1	1.378959000E+3
-1.164010000E-4	-5.140940000E-7	2.482000000E+0	-1.354045570E-1	1.380939000E+3
-1.164160000E-4	-4.991930000E-7	2.495500000E+0	-1.354045570E-1	1.383456000E+3
-1.164680000E-4	-5.289950000E-7	2.506200000E+0	-1.354045570E-1	1.385837000E+3
-1.163640000E-4	-4.917420000E-7	2.516500000E+0	-1.354045570E-1	1.388024000E+3
-1.164230000E-4	-5.289950000E-7	2.530300000E+0	-1.354045570E-1	1.390554000E+3
-1.164310000E-4	-4.470370000E-7	2.542100000E+0	-1.354045570E-1	1.393049000E+3
-1.163860000E-4	-4.470370000E-7	2.553700000E+0	-1.354045570E-1	1.395026000E+3
-1.164010000E-4	-4.991930000E-7	2.563900000E+0	-1.354045570E-1	1.397436000E+3
-1.164460000E-4	-5.289950000E-7	2.575900000E+0	-1.354045570E-1	1.399428000E+3
-1.164380000E-4	-5.066430000E-7	2.589500000E+0	-1.354045570E-1	1.402297000E+3
-1.164310000E-4	-4.842910000E-7	2.601500000E+0	-1.354045570E-1	1.404892000E+3
-1.164380000E-4	-4.917420000E-7	2.613200000E+0	-1.354045570E-1	1.406931000E+3
-1.164750000E-4	-4.768410000E-7	2.623900000E+0	-1.354045570E-1	1.409425000E+3
-1.163710000E-4	-5.066430000E-7	2.635200000E+0	-1.354045570E-1	1.411186000E+3
-1.164310000E-4	-5.289950000E-7	2.646400000E+0	-1.354045570E-1	1.414008000E+3
-1.163790000E-4	-5.438960000E-7	2.656900000E+0	-1.354045570E-1	1.415582000E+3
-1.163560000E-4	-5.066430000E-7	2.668000000E+0	-1.354045570E-1	1.418364000E+3
-1.164010000E-4	-4.842910000E-7	2.678200000E+0	-1.354045570E-1	1.420493000E+3
-1.163790000E-4	-4.917420000E-7	2.689900000E+0	-1.354045570E-1	1.422558000E+3
-1.163640000E-4	-4.172340000E-7	2.701200000E+0	-1.354045570E-1	1.424640000E+3
-1.163790000E-4	-5.140940000E-7	2.711800000E+0	-1.354045570E-1	1.427167000E+3
-1.164010000E-4	-5.215440000E-7	2.724000000E+0	-1.354045570E-1	1.429151000E+3
-1.164080000E-4	-4.693880000E-7	2.735100000E+0	-1.354045570E-1	1.432085000E+3
-1.164160000E-4	-4.842910000E-7	2.746000000E+0	-1.354045570E-1	1.433697000E+3
-1.163340000E-4	-4.842910000E-7	2.756400000E+0	-1.354045570E-1	1.435757000E+3
-1.164080000E-4	-4.768410000E-7	2.768400000E+0	-1.354045570E-1	1.438235000E+3
-1.164080000E-4	-4.768410000E-7	2.778700000E+0	-1.354045570E-1	1.440228000E+3
-1.164380000E-4	-4.544870000E-7	2.789000000E+0	-1.354045570E-1	1.442620000E+3
-1.163930000E-4	-4.991930000E-7	2.799400000E+0	-1.354045570E-1	1.444436000E+3
-1.164460000E-4	-4.917420000E-7	2.811800000E+0	-1.354045570E-1	1.446926000E+3
-1.164460000E-4	-4.768410000E-7	2.822000000E+0	-1.354045570E-1	1.448932000E+3
-1.163710000E-4	-4.842910000E-7	2.832100000E+0	-1.354045570E-1	1.451340000E+3
-1.164160000E-4	-4.693880000E-7	2.842700000E+0	-1.354045570E-1	1.452886000E+3
-1.164080000E-4	-4.842910000E-7	2.852800000E+0	-1.354045570E-1	1.455435000E+3
-1.163930000E-4	-4.991930000E-7	2.864600000E+0	-1.354045570E-1	1.457215000E+3
-1.163710000E-4	-5.140940000E-7	2.875200000E+0	-1.354045570E-1	1.459567000E+3
-1.163710000E-4	-3.948830000E-7	2.886600000E+0	-1.354045570E-1	1.461957000E+3
-1.165050000E-4	-4.470370000E-7	2.897300000E+0	-1.354045570E-1	1.464087000E+3
-1.163790000E-4	-5.140940000E-7	2.907600000E+0	-1.354045570E-1	1.465755000E+3
-1.164160000E-4	-4.470370000E-7	2.918800000E+0	-1.354045570E-1	1.468759000E+3
-1.164010000E-4	-4.619380000E-7	2.929500000E+0	-1.354045570E-1	1.470260000E+3
-1.163340000E-4	-4.991930000E-7	2.941800000E+0	-1.354045570E-1	1.473082000E+3
-1.164080000E-4	-4.991930000E-7	2.952200000E+0	-1.354045570E-1	1.474625000E+3
-1.163930000E-4	-4.693880000E-7	2.963500000E+0	-1.354045570E-1	1.477142000E+3
-1.164160000E-4	-4.321350000E-7	2.973900000E+0	-1.354045570E-1	1.479702000E+3
-1.163640000E-4	-4.991930000E-7	2.984300000E+0	-1.354045570E-1	1.481281000E+3
-1.163560000E-4	-4.842910000E-7	2.996000000E+0	-1.354045570E-1	1.483837000E+3
-1.164600000E-4	-4.768410000E-7	3.008100000E+0	-1.354045570E-1	1.485885000E+3
-1.163930000E-4	-5.513470000E-7	3.019500000E+0	-1.354045570E-1	1.488611000E+3
-1.164530000E-4	-4.693880000E-7	3.031500000E+0	-1.354045570E-1	1.490658000E+3
-1.164010000E-4	-5.140940000E-7	3.041700000E+0	-1.354045570E-1	1.493039000E+3
-1.163710000E-4	-4.619380000E-7	3.052700000E+0	-1.354045570E-1	1.494765000E+3
-1.164310000E-4	-5.140940000E-7	3.063300000E+0	-1.354045570E-1	1.497205000E+3
-1.164160000E-4	-4.693880000E-7	3.074600000E+0	-1.354045570E-1	1.499686000E+3
-1.163410000E-4	-4.693880000E-7	3.087000000E+0	-1.354045570E-1	1.501690000E+3
-1.164080000E-4	-5.438960000E-7	3.098600000E+0	-1.354045570E-1	1.504662000E+3
-1.163860000E-4	-5.140940000E-7	3.110100000E+0	-1.354045570E-1	1.506342000E+3
-1.163790000E-4	-5.066430000E-7	3.121700000E+0	-1.354045570E-1	1.509166000E+3
-1.163640000E-4	-4.768410000E-7	3.134000000E+0	-1.354045570E-1	1.511202000E+3
-1.164600000E-4	-4.991930000E-7	3.144600000E+0	-1.354045570E-1	1.513592000E+3
-1.163560000E-4	-4.470370000E-7	3.155600000E+0	-1.354045570E-1	1.515956000E+3
-1.164600000E-4	-4.842910000E-7	3.167500000E+0	-1.354045570E-1	1.517969000E+3
-1.163930000E-4	-4.917420000E-7	3.178600000E+0	-1.354045570E-1	1.520626000E+3
-1.164380000E-4	-5.438960000E-7	3.190000000E+0	-1.354045570E-1	1.522285000E+3
-1.164080000E-4	-4.768410000E-7	3.201100000E+0	-1.354045570E-1	1.525065000E+3
-1.163340000E-4	-4.470370000E-7	3.214100000E+0	-1.354045570E-1	1.527076000E+3
-1.164160000E-4	-5.140940000E-7	3.224300000E+0	-1.354045570E-1	1.529597000E+3
-1.163560000E-4	-5.066430000E-7	3.235600000E+0	-1.354045570E-1	1.531684000E+3
-1.164380000E-4	-5.066430000E-7	3.247000000E+0	-1.354045570E-1	1.533688000E+3
-1.163790000E-4	-4.470370000E-7	3.257600000E+0	-1.354045570E-1	1.536119000E+3
-1.163790000E-4	-4.991930000E-7	3.268700000E+0	-1.354045570E-1	1.538472000E+3
-1.163560000E-4	-4.544870000E-7	3.280300000E+0	-1.354045570E-1	1.540505000E+3
-1.164080000E-4	-4.917420000E-7	3.292700000E+0	-1.354045570E-1	1.543013000E+3
-1.163930000E-4	-4.693880000E-7	3.304900000E+0	-1.354045570E-1	1.545836000E+3
-1.163860000E-4	-4.693880000E-7	3.316800000E+0	-1.354045570E-1	1.548064000E+3
-1.163560000E-4	-5.140940000E-7	3.327600000E+0	-1.354045570E-1	1.550381000E+3
-1.164080000E-4	-4.470370000E-7	3.337800000E+0	-1.354045570E-1	1.552559000E+3
-1.163190000E-4	-5.587970000E-7	3.349600000E+0	-1.354045570E-1	1.554120000E+3
-1.164310000E-4	-4.917420000E-7	3.361300000E+0	-1.354045570E-1	1.556913000E+3
-1.163790000E-4	-4.917420000E-7	3.376900000E+0	-1.354045570E-1	1.559499000E+3
-1.163410000E-4	-4.470370000E-7	3.388300000E+0	-1.354045570E-1	1.562600000E+3
-1.164680000E-4	-4.321350000E-7	3.399000000E+0	-1.354045570E-1	1.563865000E+3
-1.162970000E-4	-5.066430000E-7	3.409700000E+0	-1.354045570E-1	1.566607000E+3
-1.163710000E-4	-4.321350000E-7	3.419800000E+0	-1.354045570E-1	1.568757000E+3
-1.163860000E-4	-4.768410000E-7	3.429800000E+0	-1.354045570E-1	1.570733000E+3
-1.163110000E-4	-4.619380000E-7	3.441400000E+0	-1.354045570E-1	1.572740000E+3
-1.163790000E-4	-4.544870000E-7	3.452800000E+0	-1.354045570E-1	1.575523000E+3
-1.163930000E-4	-5.215440000E-7	3.464900000E+0	-1.354045570E-1	1.577307000E+3
-1.163410000E-4	-4.917420000E-7	3.476700000E+0	-1.354045570E-1	1.580200000E+3
-1.164080000E-4	-5.140940000E-7	3.489500000E+0	-1.354045570E-1	1.582259000E+3
-1.164160000E-4	-5.140940000E-7	3.501200000E+0	-1.354045570E-1	1.585004000E+3
-1.163640000E-4	-4.842910000E-7	3.513100000E+0	-1.354045570E-1	1.587452000E+3
-1.164080000E-4	-4.470370000E-7	3.523600000E+0	-1.354045570E-1	1.589018000E+3
-1.163490000E-4	-5.066430000E-7	3.534200000E+0	-1.354045570E-1	1.591573000E+3
-1.163930000E-4	-4.842910000E-7	3.546900000E+0	-1.354045570E-1	1.593733000E+3
-1.163490000E-4	-4.842910000E-7	3.557400000E+0	-1.354045570E-1	1.596061000E+3
-1.163040000E-4	-5.438960000E-7	3.567800000E+0	-1.354045570E-1	1.598140000E+3
-1.163560000E-4	-5.289950000E-7	3.579100000E+0	-1.354045570E-1	1.600476000E+3
-1.163860000E-4	-4.693880000E-7	3.589300000E+0	-1.354045570E-1	1.602479000E+3
-1.163410000E-4	-4.917420000E-7	3.600100000E+0	-1.354045570E-1	1.604610000E+3
-1.163340000E-4	-4.991930000E-7	3.611800000E+0	-1.354045570E-1	1.607067000E+3
-1.163490000E-4	-5.140940000E-7	3.622600000E+0	-1.354045570E-1	1.609055000E+3
-1.163340000E-4	-4.470370000E-7	3.632600000E+0	-1.354045570E-1	1.611528000E+3
-1.163110000E-4	-4.470370000E-7	3.644800000E+0	-1.354045570E-1	1.613527000E+3
-1.163490000E-4	-4.693880000E-7	3.656400000E+0	-1.354045570E-1	1.615525000E+3
-1.163490000E-4	-4.991930000E-7	3.667300000E+0	-1.354045570E-1	1.617938000E+3
-1.163860000E-4	-4.991930000E-7	3.677900000E+0	-1.354045570E-1	1.619913000E+3
-1.163860000E-4	-4.470370000E-7	3.690600000E+0	-1.354045570E-1	1.622985000E+3
-1.163490000E-4	-4.172340000E-7	3.702700000E+0	-1.354045570E-1	1.624598000E+3
-1.163860000E-4	-4.693880000E-7	3.712900000E+0	-1.354045570E-1	1.627463000E+3
-1.163260000E-4	-4.395860000E-7	3.723300000E+0	-1.354045570E-1	1.628993000E+3
-1.163410000E-4	-4.991930000E-7	3.735500000E+0	-1.354045570E-1	1.631523000E+3
-1.163190000E-4	-4.991930000E-7	3.745900000E+0	-1.354045570E-1	1.633568000E+3
-1.164010000E-4	-5.066430000E-7	3.758900000E+0	-1.354045570E-1	1.636372000E+3
-1.163190000E-4	-4.842910000E-7	3.770100000E+0	-1.354045570E-1	1.638377000E+3
-1.163790000E-4	-5.140940000E-7	3.782700000E+0	-1.354045570E-1	1.641196000E+3
-1.163860000E-4	-4.991930000E-7	3.795500000E+0	-1.354045570E-1	1.643779000E+3
-1.162970000E-4	-4.917420000E-7	3.805800000E+0	-1.354045570E-1	1.645720000E+3
-1.163490000E-4	-5.140940000E-7	3.818400000E+0	-1.354045570E-1	1.648437000E+3
-1.164160000E-4	-4.917420000E-7	3.828900000E+0	-1.354045570E-1	1.650060000E+3
-1.163410000E-4	-4.619380000E-7	3.840700000E+0	-1.354045570E-1	1.652989000E+3
-1.163040000E-4	-5.140940000E-7	3.850900000E+0	-1.354045570E-1	1.654579000E+3
-1.163930000E-4	-4.395860000E-7	3.863600000E+0	-1.354045570E-1	1.657395000E+3
-1.164310000E-4	-5.662480000E-7	3.873700000E+0	-1.354045570E-1	1.659607000E+3
-1.163410000E-4	-5.364450000E-7	3.885000000E+0	-1.354045570E-1	1.661149000E+3
-1.163490000E-4	-4.991930000E-7	3.895400000E+0	-1.354045570E-1	1.663644000E+3
-1.163410000E-4	-4.544870000E-7	3.906400000E+0	-1.354045570E-1	1.666092000E+3
-1.163640000E-4	-4.768410000E-7	3.916900000E+0	-1.354045570E-1	1.667249000E+3
-1.163190000E-4	-5.066430000E-7	3.928500000E+0	-1.354045570E-1	1.670436000E+3
-1.163860000E-4	-4.768410000E-7	3.941000000E+0	-1.354045570E-1	1.672458000E+3
-1.163790000E-4	-4.693880000E-7	3.953100000E+0	-1.354045570E-1	1.675298000E+3
-1.163640000E-4	-5.140940000E-7	3.963500000E+0	-1.354045570E-1	1.677255000E+3
-1.163710000E-4	-4.991930000E-7	3.974600000E+0	-1.354045570E-1	1.679902000E+3
-1.163410000E-4	-4.619380000E-7	3.985300000E+0	-1.354045570E-1	1.681392000E+3
-1.163490000E-4	-5.289950000E-7	3.997300000E+0	-1.354045570E-1	1.683906000E+3
-1.163710000E-4	-5.140940000E-7	4.011300000E+0	-1.354045570E-1	1.686754000E+3
-1.164010000E-4	-4.991930000E-7	4.022600000E+0	-1.354045570E-1	1.689127000E+3
-1.164010000E-4	-4.544870000E-7	4.033200000E+0	-1.354045570E-1	1.691184000E+3
-1.164010000E-4	-4.768410000E-7	4.046700000E+0	-1.354045570E-1	1.694059000E+3
-1.163340000E-4	-5.438960000E-7	4.057500000E+0	-1.354045570E-1	1.695794000E+3
-1.163490000E-4	-4.917420000E-7	4.067800000E+0	-1.354045570E-1	1.698197000E+3
-1.164010000E-4	-5.140940000E-7	4.079500000E+0	-1.354045570E-1	1.700600000E+3
-1.163560000E-4	-5.066430000E-7	4.090400000E+0	-1.354045570E-1	1.702588000E+3
-1.163260000E-4	-5.140940000E-7	4.101500000E+0	-1.354045570E-1	1.705011000E+3
-1.163410000E-4	-5.215440000E-7	4.111700000E+0	-1.354045570E-1	1.706993000E+3
-1.163860000E-4	-4.991930000E-7	4.123800000E+0	-1.354045570E-1	1.708973000E+3
-1.163710000E-4	-5.140940000E-7	4.135300000E+0	-1.354045570E-1	1.711812000E+3
-1.163710000E-4	-5.140940000E-7	4.147100000E+0	-1.354045570E-1	1.713829000E+3
-1.163190000E-4	-5.066430000E-7	4.157300000E+0	-1.354045570E-1	1.716589000E+3
-1.163860000E-4	-4.991930000E-7	4.168400000E+0	-1.354045570E-1	1.718457000E+3
-1.163490000E-4	-4.321350000E-7	4.179300000E+0	-1.354045570E-1	1.720068000E+3
-1.164010000E-4	-4.991930000E-7	4.189300000E+0	-1.354045570E-1	1.722473000E+3
-1.163190000E-4	-4.768410000E-7	4.200300000E+0	-1.354045570E-1	1.724867000E+3
-1.163710000E-4	-4.917420000E-7	4.210400000E+0	-1.354045570E-1	1.726075000E+3
-1.163110000E-4	-5.215440000E-7	4.223400000E+0	-1.354045570E-1	1.729073000E+3
-1.163260000E-4	-4.693880000E-7	4.234300000E+0	-1.354045570E-1	1.731543000E+3
-1.164010000E-4	-5.066430000E-7	4.244400000E+0	-1.354045570E-1	1.733573000E+3
-1.163410000E-4	-4.917420000E-7	4.254800000E+0	-1.354045570E-1	1.735205000E+3
-1.163340000E-4	-4.693880000E-7	4.265500000E+0	-1.354045570E-1	1.737541000E+3
-1.163490000E-4	-5.066430000E-7	4.275600000E+0	-1.354045570E-1	1.739956000E+3
-1.163190000E-4	-4.991930000E-7	4.287900000E+0	-1.354045570E-1	1.741967000E+3
-1.163490000E-4	-5.140940000E-7	4.299100000E+0	-1.354045570E-1	1.744699000E+3
-1.163930000E-4	-5.066430000E-7	4.312600000E+0	-1.354045570E-1	1.747146000E+3
-1.163490000E-4	-4.619380000E-7	4.323400000E+0	-1.354045570E-1	1.748705000E+3
-1.163640000E-4	-4.842910000E-7	4.335700000E+0	-1.354045570E-1	1.751643000E+3
-1.162890000E-4	-4.991930000E-7	4.346300000E+0	-1.354045570E-1	1.754094000E+3
-1.163190000E-4	-5.140940000E-7	4.356800000E+0	-1.354045570E-1	1.755660000E+3
-1.163410000E-4	-4.470370000E-7	4.367400000E+0	-1.354045570E-1	1.758185000E+3
-1.163190000E-4	-4.470370000E-7	4.377600000E+0	-1.354045570E-1	1.760236000E+3
-1.163110000E-4	-4.619380000E-7	4.389500000E+0	-1.354045570E-1	1.762167000E+3
-1.163190000E-4	-4.544870000E-7	4.399600000E+0	-1.354045570E-1	1.764727000E+3
-1.163490000E-4	-4.321350000E-7	4.409900000E+0	-1.354045570E-1	1.766720000E+3
-1.162740000E-4	-5.364450000E-7	4.422000000E+0	-1.354045570E-1	1.768778000E+3
-1.163190000E-4	-4.991930000E-7	4.433600000E+0	-1.354045570E-1	1.771124000E+3
-1.163340000E-4	-4.991930000E-7	4.444900000E+0	-1.354045570E-1	1.773698000E+3
-1.163640000E-4	-5.438960000E-7	4.455900000E+0	-1.354045570E-1	1.776059000E+3
-1.163340000E-4	-4.768410000E-7	4.468000000E+0	-1.354045570E-1	1.778055000E+3
-1.163040000E-4	-4.991930000E-7	4.479200000E+0	-1.354045570E-1	1.780447000E+3
-1.163560000E-4	-5.140940000E-7	4.490200000E+0	-1.354045570E-1	1.782851000E+3
-1.163410000E-4	-5.215440000E-7	4.500200000E+0	-1.354045570E-1	1.784454000E+3
-1.163190000E-4	-4.693880000E-7	4.510300000E+0	-1.354045570E-1	1.786441000E+3
-1.163190000E-4	-5.066430000E-7	4.521200000E+0	-1.354045570E-1	1.789032000E+3
-1.163190000E-4	-5.289950000E-7	4.531600000E+0	-1.354045570E-1	1.790975000E+3
-1.163560000E-4	-4.470370000E-7	4.543400000E+0	-1.354045570E-1	1.792985000E+3
-1.163110000E-4	-5.364450000E-7	4.554000000E+0	-1.354045570E-1	1.795406000E+3
-1.163490000E-4	-4.395860000E-7	4.567700000E+0	-1.354045570E-1	1.798238000E+3
-1.162740000E-4	-4.619380000E-7	4.578000000E+0	-1.354045570E-1	1.799967000E+3
-1.163410000E-4	-4.544870000E-7	4.588200000E+0	-1.354045570E-1	1.802348000E+3
-1.162890000E-4	-4.470370000E-7	4.598700000E+0	-1.354045570E-1	1.804558000E+3
-1.163190000E-4	-5.289950000E-7	4.610100000E+0	-1.354045570E-1	1.806473000E+3
-1.162590000E-4	-5.140940000E-7	4.620500000E+0	-1.354045570E-1	1.808481000E+3
-1.162890000E-4	-4.917420000E-7	4.631400000E+0	-1.354045570E-1	1.810888000E+3
-1.163490000E-4	-5.066430000E-7	4.641800000E+0	-1.354045570E-1	1.813259000E+3
-1.162890000E-4	-4.470370000E-7	4.653700000E+0	-1.354045570E-1	1.814997000E+3
-1.163190000E-4	-5.066430000E-7	4.663700000E+0	-1.354045570E-1	1.817419000E+3
-1.162890000E-4	-5.513470000E-7	4.675700000E+0	-1.354045570E-1	1.819868000E+3
-1.162890000E-4	-4.917420000E-7	4.687600000E+0	-1.354045570E-1	1.821792000E+3
-1.163110000E-4	-4.395860000E-7	4.699400000E+0	-1.354045570E-1	1.824694000E+3
-1.163260000E-4	-4.768410000E-7	4.710200000E+0	-1.354045570E-1	1.827011000E+3
-1.162670000E-4	-5.215440000E-7	4.721900000E+0	-1.354045570E-1	1.828779000E+3
-1.162890000E-4	-4.842910000E-7	4.732100000E+0	-1.354045570E-1	1.830746000E+3
-1.162440000E-4	-4.917420000E-7	4.744100000E+0	-1.354045570E-1	1.833572000E+3
-1.162890000E-4	-4.544870000E-7	4.754300000E+0	-1.354045570E-1	1.835553000E+3
-1.162670000E-4	-4.917420000E-7	4.765200000E+0	-1.354045570E-1	1.837602000E+3
-1.162890000E-4	-4.395860000E-7	4.776500000E+0	-1.354045570E-1	1.839950000E+3
-1.162970000E-4	-4.991930000E-7	4.790100000E+0	-1.354045570E-1	1.842343000E+3
-1.163710000E-4	-4.619380000E-7	4.802000000E+0	-1.354045570E-1	1.845606000E+3
-1.162520000E-4	-4.991930000E-7	4.812900000E+0	-1.354045570E-1	1.847408000E+3
-1.163110000E-4	-5.289950000E-7	4.824000000E+0	-1.354045570E-1	1.849025000E+3
-1.162890000E-4	-5.066430000E-7	4.836100000E+0	-1.354045570E-1	1.851797000E+3
-1.162890000E-4	-5.066430000E-7	4.846900000E+0	-1.354045570E-1	1.853816000E+3
-1.162970000E-4	-5.289950000E-7	4.858700000E+0	-1.354045570E-1	1.856264000E+3
-1.162370000E-4	-5.215440000E-7	4.870100000E+0	-1.354045570E-1	1.859064000E+3
-1.162740000E-4	-4.768410000E-7	4.881800000E+0	-1.354045570E-1	1.860630000E+3
-1.163410000E-4	-4.470370000E-7	4.894100000E+0	-1.354045570E-1	1.863144000E+3
-1.162890000E-4	-4.768410000E-7	4.904200000E+0	-1.354045570E-1	1.866002000E+3
-1.162890000E-4	-5.289950000E-7	4.914500000E+0	-1.354045570E-1	1.867556000E+3
-1.162890000E-4	-4.768410000E-7	4.925500000E+0	-1.354045570E-1	1.869579000E+3
-1.162520000E-4	-5.215440000E-7	4.935600000E+0	-1.354045570E-1	1.871720000E+3
-1.162820000E-4	-4.246850000E-7	4.946400000E+0	-1.354045570E-1	1.873668000E+3
-1.162890000E-4	-4.544870000E-7	4.959000000E+0	-1.354045570E-1	1.876116000E+3
-1.162590000E-4	-4.842910000E-7	4.970300000E+0	-1.354045570E-1	1.878909000E+3
-1.162820000E-4	-4.917420000E-7	4.983500000E+0	-1.354045570E-1	1.881301000E+3
-1.163110000E-4	-5.289950000E-7	4.993600000E+0	-1.354045570E-1	1.883652000E+3
-1.162890000E-4	-4.470370000E-7	5.004100000E+0	-1.354045570E-1	1.885339000E+3
-1.162070000E-4	-5.140940000E-7	5.015000000E+0	-1.354045570E-1	1.887747000E+3
-1.162070000E-4	-5.289950000E-7	5.027600000E+0	-1.354045570E-1	1.890276000E+3
-1.162740000E-4	-4.619380000E-7	5.038000000E+0	-1.354045570E-1	1.891820000E+3
-1.162590000E-4	-5.736980000E-7	5.051200000E+0	-1.354045570E-1	1.894724000E+3
-1.162590000E-4	-4.768410000E-7	5.061800000E+0	-1.354045570E-1	1.897168000E+3
-1.162520000E-4	-5.140940000E-7	5.072400000E+0	-1.354045570E-1	1.898741000E+3
-1.162740000E-4	-4.768410000E-7	5.082900000E+0	-1.354045570E-1	1.901194000E+3
-1.162070000E-4	-4.991930000E-7	5.093200000E+0	-1.354045570E-1	1.903126000E+3
-1.162440000E-4	-5.140940000E-7	5.103400000E+0	-1.354045570E-1	1.905541000E+3
-1.162740000E-4	-4.917420000E-7	5.114200000E+0	-1.354045570E-1	1.907160000E+3
-1.162670000E-4	-4.917420000E-7	5.126000000E+0	-1.354045570E-1	1.909980000E+3
-1.162150000E-4	-5.289950000E-7	5.137200000E+0	-1.354045570E-1	1.912339000E+3
-1.162970000E-4	-5.066430000E-7	5.149900000E+0	-1.354045570E-1	1.914116000E+3
-1.162220000E-4	-5.289950000E-7	5.162900000E+0	-1.354045570E-1	1.916881000E+3
-1.162970000E-4	-4.991930000E-7	5.173700000E+0	-1.354045570E-1	1.919410000E+3
-1.162070000E-4	-5.662480000E-7	5.184200000E+0	-1.354045570E-1	1.921819000E+3
-1.162890000E-4	-4.768410000E-7	5.196300000E+0	-1.354045570E-1	1.923404000E+3
-1.162300000E-4	-4.917420000E-7	5.208700000E+0	-1.354045570E-1	1.926214000E+3
-1.162440000E-4	-5.364450000E-7	5.220200000E+0	-1.354045570E-1	1.928594000E+3
-1.162370000E-4	-5.662480000E-7	5.234400000E+0	-1.354045570E-1	1.931462000E+3
-1.162070000E-4	-5.215440000E-7	5.245800000E+0	-1.354045570E-1	1.933461000E+3
-1.162370000E-4	-5.215440000E-7	5.256400000E+0	-1.354045570E-1	1.935962000E+3
-1.162220000E-4	-4.917420000E-7	5.268600000E+0	-1.354045570E-1	1.938388000E+3
-1.162220000E-4	-3.948830000E-7	5.279900000E+0	-1.354045570E-1	1.939968000E+3
-1.162970000E-4	-5.289950000E-7	5.290800000E+0	-1.354045570E-1	1.942774000E+3
-1.162150000E-4	-5.140940000E-7	5.301700000E+0	-1.354045570E-1	1.945118000E+3
-1.162890000E-4	-5.140940000E-7	5.313700000E+0	-1.354045570E-1	1.947424000E+3
-1.162070000E-4	-5.364450000E-7	5.323900000E+0	-1.354045570E-1	1.949663000E+3
-1.162520000E-4	-5.215440000E-7	5.334100000E+0	-1.354045570E-1	1.951259000E+3
-1.162220000E-4	-5.140940000E-7	5.345900000E+0	-1.354045570E-1	1.954054000E+3
-1.162370000E-4	-5.066430000E-7	5.357300000E+0	-1.354045570E-1	1.956071000E+3
-1.162070000E-4	-5.140940000E-7	5.369000000E+0	-1.354045570E-1	1.958065000E+3
-1.162220000E-4	-5.364450000E-7	5.381600000E+0	-1.354045570E-1	1.960854000E+3
-1.162000000E-4	-5.438960000E-7	5.394200000E+0	-1.354045570E-1	1.963662000E+3
-1.162220000E-4	-5.364450000E-7	5.404200000E+0	-1.354045570E-1	1.965260000E+3
-1.162590000E-4	-4.991930000E-7	5.416500000E+0	-1.354045570E-1	1.968350000E+3
-1.162890000E-4	-4.991930000E-7	5.428400000E+0	-1.354045570E-1	1.970345000E+3
-1.162150000E-4	-4.768410000E-7	5.438500000E+0	-1.354045570E-1	1.971973000E+3
-1.162070000E-4	-5.215440000E-7	5.451000000E+0	-1.354045570E-1	1.974709000E+3
-1.161100000E-4	-4.842910000E-7	5.461000000E+0	-1.354045570E-1	1.976723000E+3
-1.162440000E-4	-5.587970000E-7	5.471300000E+0	-1.354045570E-1	1.978816000E+3
-1.162000000E-4	-5.289950000E-7	5.481700000E+0	-1.354045570E-1	1.980729000E+3
-1.161620000E-4	-5.438960000E-7	5.491900000E+0	-1.354045570E-1	1.983121000E+3
-1.162520000E-4	-4.917420000E-7	5.504100000E+0	-1.354045570E-1	1.985533000E+3
-1.162000000E-4	-5.140940000E-7	5.514300000E+0	-1.354045570E-1	1.987673000E+3
-1.161770000E-4	-5.140940000E-7	5.524500000E+0	-1.354045570E-1	1.989298000E+3
-1.162070000E-4	-4.768410000E-7	5.535000000E+0	-1.354045570E-1	1.991259000E+3
-1.162520000E-4	-5.140940000E-7	5.546400000E+0	-1.354045570E-1	1.993657000E+3
-1.161850000E-4	-4.917420000E-7	5.558600000E+0	-1.354045570E-1	1.996494000E+3
-1.161330000E-4	-4.693880000E-7	5.569700000E+0	-1.354045570E-1	1.998456000E+3
-1.162150000E-4	-5.289950000E-7	5.580000000E+0	-1.354045570E-1	2.000469000E+3
-1.161400000E-4	-4.842910000E-7	5.590900000E+0	-1.354045570E-1	2.002501000E+3
-1.162000000E-4	-5.289950000E-7	5.602400000E+0	-1.354045570E-1	2.005261000E+3
-1.161620000E-4	-5.215440000E-7	5.613700000E+0	-1.354045570E-1	2.007391000E+3
-1.161620000E-4	-5.215440000E-7	5.624900000E+0	-1.354045570E-1	2.009455000E+3
-1.161550000E-4	-4.470370000E-7	5.635800000E+0	-1.354045570E-1	2.011785000E+3
-1.161920000E-4	-5.140940000E-7	5.647500000E+0	-1.354045570E-1	2.014190000E+3
-1.161550000E-4	-5.066430000E-7	5.659300000E+0	-1.354045570E-1	2.016177000E+3
-1.161100000E-4	-4.768410000E-7	5.669400000E+0	-1.354045570E-1	2.018591000E+3
-1.161920000E-4	-5.364450000E-7	5.679900000E+0	-1.354045570E-1	2.020721000E+3
-1.161620000E-4	-4.991930000E-7	5.692300000E+0	-1.354045570E-1	2.023120000E+3
-1.162000000E-4	-5.140940000E-7	5.704200000E+0	-1.354045570E-1	2.025182000E+3
-1.161550000E-4	-5.438960000E-7	5.715600000E+0	-1.354045570E-1	2.027917000E+3
-1.160950000E-4	-5.140940000E-7	5.727400000E+0	-1.354045570E-1	2.030470000E+3
-1.161700000E-4	-5.289950000E-7	5.738200000E+0	-1.354045570E-1	2.032044000E+3
-1.161480000E-4	-5.289950000E-7	5.751200000E+0	-1.354045570E-1	2.034463000E+3
-1.161400000E-4	-5.215440000E-7	5.762300000E+0	-1.354045570E-1	2.037299000E+3
-1.161250000E-4	-4.842910000E-7	5.772500000E+0	-1.354045570E-1	2.039253000E+3
-1.160950000E-4	-5.513470000E-7	5.783600000E+0	-1.354045570E-1	2.040993000E+3
-1.161030000E-4	-5.886000000E-7	5.794800000E+0	-1.354045570E-1	2.043467000E+3
-1.161250000E-4	-5.364450000E-7	5.806000000E+0	-1.354045570E-1	2.045784000E+3
-1.160950000E-4	-5.438960000E-7	5.816600000E+0	-1.354045570E-1	2.047835000E+3
-1.161100000E-4	-5.364450000E-7	5.827300000E+0	-1.354045570E-1	2.050591000E+3
-1.161620000E-4	-5.587970000E-7	5.839000000E+0	-1.354045570E-1	2.052642000E+3
-1.160880000E-4	-4.991930000E-7	5.850700000E+0	-1.354045570E-1	2.054641000E+3
-1.161100000E-4	-5.364450000E-7	5.860800000E+0	-1.354045570E-1	2.057037000E+3
-1.161030000E-4	-5.066430000E-7	5.873900000E+0	-1.354045570E-1	2.058989000E+3
-1.161180000E-4	-5.811490000E-7	5.885600000E+0	-1.354045570E-1	2.061814000E+3
-1.161250000E-4	-5.289950000E-7	5.897500000E+0	-1.354045570E-1	2.064209000E+3
-1.161550000E-4	-4.991930000E-7	5.908900000E+0	-1.354045570E-1	2.065975000E+3
-1.160950000E-4	-4.842910000E-7	5.919600000E+0	-1.354045570E-1	2.068316000E+3
-1.160280000E-4	-5.289950000E-7	5.930400000E+0	-1.354045570E-1	2.070366000E+3
-1.160880000E-4	-4.917420000E-7	5.941900000E+0	-1.354045570E-1	2.073119000E+3
-1.160130000E-4	-5.364450000E-7	5.954400000E+0	-1.354045570E-1	2.075307000E+3
-1.160360000E-4	-6.035010000E-7	5.965900000E+0	-1.354045570E-1	2.077651000E+3
-1.159690000E-4	-5.960500000E-7	5.976300000E+0	-1.354045570E-1	2.079690000E+3
-1.160580000E-4	-5.736980000E-7	5.986600000E+0	-1.354045570E-1	2.081645000E+3
-1.159460000E-4	-5.811490000E-7	5.997600000E+0	-1.354045570E-1	2.084486000E+3
-1.159760000E-4	-5.811490000E-7	6.008100000E+0	-1.354045570E-1	2.086068000E+3
-1.159990000E-4	-5.587970000E-7	6.020400000E+0	-1.354045570E-1	2.088438000E+3
-1.160280000E-4	-5.215440000E-7	6.031600000E+0	-1.354045570E-1	2.090980000E+3
-1.160280000E-4	-5.140940000E-7	6.042600000E+0	-1.354045570E-1	2.093462000E+3
-1.159840000E-4	-6.035010000E-7	6.052800000E+0	-1.354045570E-1	2.094986000E+3
-1.159760000E-4	-5.438960000E-7	6.064300000E+0	-1.354045570E-1	2.097013000E+3
-1.158940000E-4	-5.587970000E-7	6.075000000E+0	-1.354045570E-1	2.099940000E+3
-1.159690000E-4	-6.258520000E-7	6.085800000E+0	-1.354045570E-1	2.101648000E+3
-1.159840000E-4	-5.736980000E-7	6.096400000E+0	-1.354045570E-1	2.103917000E+3
-1.159540000E-4	-5.886000000E-7	6.107700000E+0	-1.354045570E-1	2.105927000E+3
-1.159090000E-4	-5.886000000E-7	6.117800000E+0	-1.354045570E-1	2.108382000E+3
-1.159240000E-4	-5.736980000E-7	6.129200000E+0	-1.354045570E-1	2.110349000E+3
-1.158570000E-4	-5.662480000E-7	6.140100000E+0	-1.354045570E-1	2.112715000E+3
-1.159460000E-4	-6.482040000E-7	6.151100000E+0	-1.354045570E-1	2.114697000E+3
-1.159090000E-4	-6.109510000E-7	6.161100000E+0	-1.354045570E-1	2.116719000E+3
-1.158640000E-4	-5.736980000E-7	6.171200000E+0	-1.354045570E-1	2.119099000E+3
-1.158420000E-4	-5.587970000E-7	6.181500000E+0	-1.354045570E-1	2.120721000E+3
-1.158420000E-4	-5.960500000E-7	6.191700000E+0	-1.354045570E-1	2.123155000E+3
-1.158050000E-4	-6.109510000E-7	6.203100000E+0	-1.354045570E-1	2.125164000E+3
-1.158200000E-4	-6.109510000E-7	6.214200000E+0	-1.354045570E-1	2.127500000E+3
-1.157820000E-4	-6.109510000E-7	6.225700000E+0	-1.354045570E-1	2.129511000E+3
-1.157820000E-4	-6.109510000E-7	6.237900000E+0	-1.354045570E-1	2.132495000E+3
-1.156780000E-4	-6.109510000E-7	6.249100000E+0	-1.354045570E-1	2.134447000E+3
-1.157150000E-4	-5.736980000E-7	6.261000000E+0	-1.354045570E-1	2.136583000E+3
-1.156710000E-4	-6.631050000E-7	6.273100000E+0	-1.354045570E-1	2.139385000E+3
-1.156560000E-4	-5.886000000E-7	6.285100000E+0	-1.354045570E-1	2.141393000E+3
-1.156040000E-4	-6.854570000E-7	6.295400000E+0	-1.354045570E-1	2.143490000E+3
-1.156480000E-4	-6.482040000E-7	6.306500000E+0	-1.354045570E-1	2.145777000E+3
-1.156560000E-4	-5.736980000E-7	6.317900000E+0	-1.354045570E-1	2.148571000E+3
-1.155520000E-4	-6.407540000E-7	6.330700000E+0	-1.354045570E-1	2.150619000E+3
-1.155440000E-4	-6.631050000E-7	6.340900000E+0	-1.354045570E-1	2.152574000E+3
-1.154700000E-4	-7.078090000E-7	6.351700000E+0	-1.354045570E-1	2.154964000E+3
-1.154620000E-4	-7.972160000E-7	6.362700000E+0	-1.354045570E-1	2.157422000E+3
-1.153950000E-4	-7.897650000E-7	6.374400000E+0	-1.354045570E-1	2.159241000E+3
-1.153060000E-4	-7.450620000E-7	6.386000000E+0	-1.354045570E-1	2.162050000E+3
-1.152910000E-4	-7.897650000E-7	6.396500000E+0	-1.354045570E-1	2.164042000E+3
-1.152680000E-4	-7.674130000E-7	6.408700000E+0	-1.354045570E-1	2.166455000E+3
-1.152090000E-4	-8.270180000E-7	6.419000000E+0	-1.354045570E-1	2.168093000E+3
-1.151490000E-4	-8.270180000E-7	6.430400000E+0	-1.354045570E-1	2.170860000E+3
-1.151040000E-4	-8.493700000E-7	6.441100000E+0	-1.354045570E-1	2.172890000E+3
-1.150000000E-4	-8.717220000E-7	6.452900000E+0	-1.354045570E-1	2.175643000E+3
-1.149930000E-4	-8.642710000E-7	6.464900000E+0	-1.354045570E-1	2.177243000E+3
-1.148810000E-4	-8.642710000E-7	6.475200000E+0	-1.354045570E-1	2.179669000E+3
-1.148060000E-4	-9.536820000E-7	6.486100000E+0	-1.354045570E-1	2.182095000E+3
-1.147920000E-4	-9.089740000E-7	6.497800000E+0	-1.354045570E-1	2.184127000E+3
-1.146650000E-4	-1.102690000E-6	6.507900000E+0	-1.354045570E-1	2.186466000E+3
-1.146200000E-4	-1.028190000E-6	6.519200000E+0	-1.354045570E-1	2.188090000E+3
-1.145160000E-4	-1.072890000E-6	6.530500000E+0	-1.354045570E-1	2.190857000E+3
-1.144340000E-4	-1.072890000E-6	6.542300000E+0	-1.354045570E-1	2.193253000E+3
-1.142850000E-4	-1.125040000E-6	6.552800000E+0	-1.354045570E-1	2.195251000E+3
-1.143070000E-4	-1.162300000E-6	6.563100000E+0	-1.354045570E-1	2.196865000E+3
-1.140990000E-4	-1.207000000E-6	6.573700000E+0	-1.354045570E-1	2.199470000E+3
-1.140760000E-4	-1.244250000E-6	6.585300000E+0	-1.354045570E-1	2.201792000E+3
-1.138900000E-4	-1.221900000E-6	6.598900000E+0	-1.354045570E-1	2.204430000E+3
-1.138230000E-4	-1.303860000E-6	6.609800000E+0	-1.354045570E-1	2.206329000E+3
-1.136370000E-4	-1.437970000E-6	6.620900000E+0	-1.354045570E-1	2.208764000E+3
-1.134280000E-4	-1.437970000E-6	6.632000000E+0	-1.354045570E-1	2.211127000E+3
-1.132640000E-4	-1.505020000E-6	6.643000000E+0	-1.354045570E-1	2.213574000E+3
-1.131300000E-4	-1.549730000E-6	6.654400000E+0	-1.354045570E-1	2.215523000E+3
-1.129890000E-4	-1.735990000E-6	6.664800000E+0	-1.354045570E-1	2.217518000E+3
-1.126760000E-4	-1.832850000E-6	6.675900000E+0	-1.354045570E-1	2.219530000E+3
-1.124220000E-4	-1.989320000E-6	6.686500000E+0	-1.354045570E-1	2.221923000E+3
-1.120650000E-4	-1.981870000E-6	6.697400000E+0	-1.354045570E-1	2.224503000E+3
-1.118780000E-4	-2.190490000E-6	6.708900000E+0	-1.354045570E-1	2.226509000E+3
-1.114090000E-4	-2.391650000E-6	6.720000000E+0	-1.354045570E-1	2.228487000E+3
-1.109020000E-4	-2.585370000E-6	6.731500000E+0	-1.354045570E-1	2.230900000E+3
-1.102620000E-4	-2.861040000E-6	6.742900000E+0	-1.354045570E-1	2.233852000E+3
-1.098970000E-4	-3.047300000E-6	6.753400000E+0	-1.354045570E-1	2.235372000E+3
-1.091960000E-4	-3.285720000E-6	6.764600000E+0	-1.354045570E-1	2.237485000E+3
-1.083100000E-4	-3.591190000E-6	6.776200000E+0	-1.354045570E-1	2.239776000E+3
-1.073340000E-4	-3.919030000E-6	6.788300000E+0	-1.354045570E-1	2.242610000E+3
-1.066180000E-4	-4.157450000E-6	6.799600000E+0	-1.354045570E-1	2.244208000E+3
-1.051430000E-4	-4.537430000E-6	6.811400000E+0	-1.354045570E-1	2.247016000E+3
-1.041300000E-4	-4.865260000E-6	6.822500000E+0	-1.354045570E-1	2.248998000E+3
-1.027290000E-4	-5.133480000E-6	6.833800000E+0	-1.354045570E-1	2.251381000E+3
-1.011720000E-4	-5.319740000E-6	6.844500000E+0	-1.354045570E-1	2.253796000E+3
-1.000920000E-4	-5.319740000E-6	6.855400000E+0	-1.354045570E-1	2.255480000E+3
-9.843010000E-5	-5.386800000E-6	6.866000000E+0	-1.354045570E-1	2.257786000E+3
-9.727520000E-5	-5.215440000E-6	6.876100000E+0	-1.354045570E-1	2.259822000E+3
-9.558400000E-5	-4.984470000E-6	6.887100000E+0	-1.354045570E-1	2.262582000E+3
-9.460790000E-5	-4.708800000E-6	6.899000000E+0	-1.354045570E-1	2.264385000E+3
-9.334130000E-5	-4.440580000E-6	6.909500000E+0	-1.354045570E-1	2.266324000E+3
-9.204490000E-5	-4.038240000E-6	6.921400000E+0	-1.354045570E-1	2.268731000E+3
-9.095720000E-5	-3.688050000E-6	6.933400000E+0	-1.354045570E-1	2.271134000E+3
-8.980230000E-5	-3.300620000E-6	6.947300000E+0	-1.354045570E-1	2.274318000E+3
-8.887840000E-5	-3.047300000E-6	6.958400000E+0	-1.354045570E-1	2.276437000E+3
-8.822280000E-5	-2.786530000E-6	6.968700000E+0	-1.354045570E-1	2.278329000E+3
-8.742560000E-5	-2.615170000E-6	6.980100000E+0	-1.354045570E-1	2.280761000E+3
-8.682950000E-5	-2.503410000E-6	6.993000000E+0	-1.354045570E-1	2.283104000E+3
-8.621860000E-5	-2.406550000E-6	7.003100000E+0	-1.354045570E-1	2.284866000E+3
-8.570450000E-5	-2.399100000E-6	7.013200000E+0	-1.354045570E-1	2.287253000E+3
-8.522770000E-5	-2.421450000E-6	7.023500000E+0	-1.354045570E-1	2.289387000E+3
-8.449750000E-5	-2.481060000E-6	7.034200000E+0	-1.354045570E-1	2.291793000E+3
-8.400580000E-5	-2.540660000E-6	7.046100000E+0	-1.354045570E-1	2.293779000E+3
-8.340970000E-5	-2.697120000E-6	7.057700000E+0	-1.354045570E-1	2.295838000E+3
-8.262740000E-5	-2.898290000E-6	7.067900000E+0	-1.354045570E-1	2.298204000E+3
-8.186000000E-5	-3.084550000E-6	7.078800000E+0	-1.354045570E-1	2.300593000E+3
-8.101810000E-5	-3.419830000E-6	7.091600000E+0	-1.354045570E-1	2.303040000E+3
-8.001230000E-5	-3.792360000E-6	7.103000000E+0	-1.354045570E-1	2.305043000E+3
-7.881270000E-5	-4.112750000E-6	7.114000000E+0	-1.354045570E-1	2.307393000E+3
-7.736730000E-5	-4.708800000E-6	7.125500000E+0	-1.354045570E-1	2.309856000E+3
-7.572070000E-5	-5.327190000E-6	7.137900000E+0	-1.354045570E-1	2.312225000E+3
-7.352280000E-5	-6.184010000E-6	7.148200000E+0	-1.354045570E-1	2.314323000E+3
-7.146640000E-5	-7.085530000E-6	7.158400000E+0	-1.354045570E-1	2.316353000E+3
-6.760700000E-5	-8.992910000E-6	7.169900000E+0	-1.354045570E-1	2.318772000E+3
-6.255550000E-5	-1.103440000E-5	7.180400000E+0	-1.354045570E-1	2.321120000E+3
-5.818930000E-5	-1.248720000E-5	7.192400000E+0	-1.354045570E-1	2.322729000E+3
-4.754980000E-5	-1.481930000E-5	7.203000000E+0	-1.354045570E-1	2.325592000E+3
-4.248340000E-5	-1.530360000E-5	7.213500000E+0	-1.354045570E-1	2.327148000E+3
-3.054760000E-5	-1.547500000E-5	7.225500000E+0	-1.354045570E-1	2.329933000E+3
-2.113000000E-5	-1.436480000E-5	7.238800000E+0	-1.354045570E-1	2.332357000E+3
-1.421580000E-5	-1.233820000E-5	7.249000000E+0	-1.354045570E-1	2.333960000E+3
-5.736980000E-6	-7.666710000E-6	7.261300000E+0	-1.354045570E-1	2.336905000E+3
-2.227740000E-6	-4.269210000E-6	7.272900000E+0	-1.354045570E-1	2.339300000E+3
-6.333030000E-7	-1.817950000E-6	7.284200000E+0	-1.354045570E-1	2.341657000E+3
-2.086170000E-7	-7.227100000E-7	7.295200000E+0	-1.354045570E-1	2.343290000E+3
-6.705570000E-8	-1.490130000E-7	7.305500000E+0	-1.354045570E-1	2.346100000E+3
-3.725310000E-8	-2.980250000E-8	7.316900000E+0	-1.354045570E-1	2.348079000E+3
0.000000000E+0	-1.490130000E-8	7.327200000E+0	-1.354045570E-1	2.350080000E+3
-5.215430000E-8	2.235190000E-8	7.340400000E+0	-1.354045570E-1	2.352500000E+3
-5.215430000E-8	-2.980250000E-8	7.351100000E+0	-1.354045570E-1	2.354500000E+3
-6.705570000E-8	-4.470370000E-8	7.363400000E+0	-1.354045570E-1	2.357330000E+3
-5.215430000E-8	0.000000000E+0	7.374500000E+0	-1.354045570E-1	2.359693000E+3
-4.470370000E-8	-2.980250000E-8	7.385500000E+0	-1.354045570E-1	2.361677000E+3
-4.470370000E-8	-1.490130000E-8	7.397300000E+0	-1.354045570E-1	2.364282000E+3
-2.235190000E-8	5.960510000E-8	7.407900000E+0	-1.354045570E-1	2.365929000E+3
-2.235190000E-8	-1.490130000E-8	7.418000000E+0	-1.354045570E-1	2.367988000E+3
0.000000000E+0	2.235190000E-8	7.428200000E+0	-1.354045570E-1	2.370384000E+3
-4.470370000E-8	-4.470370000E-8	7.439400000E+0	-1.354045570E-1	2.372755000E+3
-2.980250000E-8	-7.450640000E-9	7.450200000E+0	-1.354045570E-1	2.374757000E+3
0.000000000E+0	-1.490130000E-8	7.460900000E+0	-1.354045570E-1	2.376754000E+3
-7.450640000E-9	-1.490130000E-8	7.471500000E+0	-1.354045570E-1	2.378772000E+3
-2.235190000E-8	-5.215430000E-8	7.482600000E+0	-1.354045570E-1	2.381185000E+3
-6.705570000E-8	-3.725310000E-8	7.494600000E+0	-1.354045570E-1	2.384015000E+3
1.490130000E-8	-5.215430000E-8	7.505500000E+0	-1.354045570E-1	2.385993000E+3
