20240416a_HM449HfTa4Zr_chiAC_vs_T_B_5.001.txt Wed, Apr 16, 2025 5:54:45 PM Juan Gabe
Magnet: None
Trigger spacing of 0.010000 on column #3
Offsets:	0.000000000E+0	0.000000000E+0	0.000000000E+0	0.000000000E+0	0.000000000E+0

Scale Factors:	1.000000000E+0	1.000000000E+0	1.000000000E+0	1.000000000E+0	1.000000000E+0

5 T

Lockin_V_001	Chan2_V_001	Temperture_001	Field_001	Timestamp_001
2.396410000E-4	-4.953170000E-5	7.499500000E+0	4.999986719E+4	3.900000000E-2
2.417280000E-4	-5.233310000E-5	7.488800000E+0	4.999986719E+4	4.884000000E+1
2.401480000E-4	-5.573060000E-5	7.477200000E+0	4.999986719E+4	5.767100000E+1
2.420260000E-4	-5.322720000E-5	7.466100000E+0	4.999986719E+4	5.968100000E+1
2.410120000E-4	-5.468750000E-5	7.454100000E+0	4.999986719E+4	6.204300000E+1
2.431880000E-4	-5.370400000E-5	7.443700000E+0	4.999986719E+4	6.484000000E+1
2.396710000E-4	-5.444910000E-5	7.432400000E+0	4.999986719E+4	6.682200000E+1
2.395820000E-4	-5.883000000E-5	7.422300000E+0	4.999986719E+4	6.895300000E+1
2.404160000E-4	-5.704190000E-5	7.410100000E+0	4.999986719E+4	7.124800000E+1
2.413400000E-4	-5.990290000E-5	7.397900000E+0	4.999986719E+4	7.323600000E+1
2.398200000E-4	-5.850220000E-5	7.387400000E+0	4.999986719E+4	7.545300000E+1
2.414590000E-4	-5.647560000E-5	7.377200000E+0	4.999986719E+4	7.715700000E+1
2.421450000E-4	-5.352520000E-5	7.366400000E+0	4.999986719E+4	7.981600000E+1
2.411320000E-4	-5.751870000E-5	7.355600000E+0	4.999986719E+4	8.165700000E+1
2.411910000E-4	-5.599880000E-5	7.343900000E+0	4.999986719E+4	8.447600000E+1
2.431580000E-4	-5.784650000E-5	7.332500000E+0	4.999986719E+4	8.683900000E+1
2.453640000E-4	-5.957510000E-5	7.321000000E+0	4.999986719E+4	9.068000000E+1
2.425320000E-4	-5.877040000E-5	7.310600000E+0	4.999986719E+4	1.016440000E+2
2.418170000E-4	-5.999230000E-5	7.297000000E+0	4.999986719E+4	1.029900000E+2
2.416980000E-4	-5.811480000E-5	7.283500000E+0	4.999986719E+4	1.039050000E+2
2.422640000E-4	-5.847240000E-5	7.267600000E+0	4.999986719E+4	1.049750000E+2
2.422340000E-4	-5.880020000E-5	7.256500000E+0	4.999986719E+4	1.052880000E+2
2.411610000E-4	-6.002210000E-5	7.237700000E+0	4.999986719E+4	1.063860000E+2
2.407440000E-4	-5.990290000E-5	7.224900000E+0	4.999986719E+4	1.066070000E+2
2.399100000E-4	-5.972410000E-5	7.202500000E+0	4.999986719E+4	1.075320000E+2
2.427410000E-4	-5.728030000E-5	7.179400000E+0	4.999986719E+4	1.084440000E+2
2.428300000E-4	-5.808500000E-5	7.155100000E+0	4.999986719E+4	1.094050000E+2
2.422340000E-4	-5.775710000E-5	7.133200000E+0	4.999986719E+4	1.103250000E+2
2.418170000E-4	-5.742930000E-5	7.113200000E+0	4.999986719E+4	1.113110000E+2
2.438140000E-4	-5.841280000E-5	7.100000000E+0	4.999986719E+4	1.122340000E+2
2.429790000E-4	-6.127400000E-5	7.085900000E+0	4.999986719E+4	1.135220000E+2
2.454540000E-4	-5.736970000E-5	7.075700000E+0	4.999986719E+4	1.155210000E+2
2.446190000E-4	-6.240650000E-5	7.086300000E+0	4.999986719E+4	1.223180000E+2
2.438730000E-4	-5.719090000E-5	7.076200000E+0	4.999986719E+4	1.275350000E+2
2.471230000E-4	-5.888960000E-5	7.065200000E+0	4.999986719E+4	1.299070000E+2
2.456030000E-4	-5.906840000E-5	7.054000000E+0	4.999986719E+4	1.327160000E+2
2.448580000E-4	-6.067780000E-5	7.043200000E+0	4.999986719E+4	1.349140000E+2
2.430090000E-4	-6.327080000E-5	7.030400000E+0	4.999986719E+4	1.372470000E+2
2.460200000E-4	-6.148270000E-5	7.019900000E+0	4.999986719E+4	1.397990000E+2
2.450660000E-4	-6.100560000E-5	7.008800000E+0	4.999986719E+4	1.417880000E+2
2.461390000E-4	-5.999230000E-5	6.997500000E+0	4.999986719E+4	1.439050000E+2
2.434260000E-4	-6.109520000E-5	6.985500000E+0	4.999986719E+4	1.463500000E+2
2.430690000E-4	-6.148270000E-5	6.973800000E+0	4.999986719E+4	1.480600000E+2
2.442910000E-4	-5.868100000E-5	6.963200000E+0	4.999986719E+4	1.504550000E+2
2.414000000E-4	-5.802540000E-5	6.952300000E+0	4.999986719E+4	1.530380000E+2
2.428300000E-4	-6.002210000E-5	6.941700000E+0	4.999986719E+4	1.545760000E+2
2.400590000E-4	-6.493970000E-5	6.928400000E+0	4.999986719E+4	1.570900000E+2
2.417280000E-4	-6.064800000E-5	6.917600000E+0	4.999986719E+4	1.594830000E+2
2.414000000E-4	-5.966450000E-5	6.906800000E+0	4.999986719E+4	1.616690000E+2
2.416680000E-4	-5.894920000E-5	6.896600000E+0	4.999986719E+4	1.640580000E+2
2.412510000E-4	-5.808500000E-5	6.886000000E+0	4.999986719E+4	1.661630000E+2
2.415490000E-4	-5.435970000E-5	6.875700000E+0	4.999986719E+4	1.681740000E+2
2.434260000E-4	-5.558160000E-5	6.864100000E+0	4.999986719E+4	1.699100000E+2
2.398500000E-4	-6.017110000E-5	6.852300000E+0	4.999986719E+4	1.723750000E+2
2.401180000E-4	-5.805520000E-5	6.841400000E+0	4.999986719E+4	1.744850000E+2
2.418470000E-4	-5.549220000E-5	6.830200000E+0	4.999986719E+4	1.764880000E+2
2.400290000E-4	-5.668430000E-5	6.819900000E+0	4.999986719E+4	1.777510000E+2
2.371680000E-4	-5.894920000E-5	6.808000000E+0	4.999986719E+4	1.798080000E+2
2.377640000E-4	-6.061820000E-5	6.794900000E+0	4.999986719E+4	1.817530000E+2
2.392840000E-4	-5.978370000E-5	6.783900000E+0	4.999986719E+4	1.841590000E+2
2.368400000E-4	-5.781670000E-5	6.772200000E+0	4.999986719E+4	1.863200000E+2
2.374360000E-4	-6.029030000E-5	6.762000000E+0	4.999986719E+4	1.872750000E+2
2.399390000E-4	-5.415110000E-5	6.745600000E+0	4.999986719E+4	1.900360000E+2
2.379130000E-4	-5.546240000E-5	6.734400000E+0	4.999986719E+4	1.928750000E+2
2.366020000E-4	-5.692270000E-5	6.722500000E+0	4.999986719E+4	1.943350000E+2
2.390160000E-4	-5.540280000E-5	6.710400000E+0	4.999986719E+4	1.980380000E+2
2.366020000E-4	-5.489610000E-5	6.697900000E+0	4.999986719E+4	2.003020000E+2
2.363630000E-4	-5.650540000E-5	6.687600000E+0	4.999986719E+4	2.028640000E+2
2.367210000E-4	-5.933670000E-5	6.675500000E+0	4.999986719E+4	2.054870000E+2
2.391650000E-4	-6.032010000E-5	6.663900000E+0	4.999986719E+4	2.074720000E+2
2.377940000E-4	-5.766770000E-5	6.652800000E+0	4.999986719E+4	2.097480000E+2
2.352900000E-4	-5.739950000E-5	6.642500000E+0	4.999986719E+4	2.122160000E+2
2.355290000E-4	-5.713130000E-5	6.631900000E+0	4.999986719E+4	2.140420000E+2
2.373170000E-4	-5.239270000E-5	6.621700000E+0	4.999986719E+4	2.167940000E+2
2.378230000E-4	-5.993270000E-5	6.610800000E+0	4.999986719E+4	2.186500000E+2
2.354090000E-4	-5.143900000E-5	6.600500000E+0	4.999986719E+4	2.210260000E+2
2.361250000E-4	-5.218410000E-5	6.590300000E+0	4.999986719E+4	2.218680000E+2
2.371080000E-4	-5.576040000E-5	6.578500000E+0	4.999986719E+4	2.246700000E+2
2.343370000E-4	-5.453850000E-5	6.567900000E+0	4.999986719E+4	2.286590000E+2
2.367210000E-4	-5.459810000E-5	6.557800000E+0	4.999986719E+4	2.301940000E+2
2.355580000E-4	-5.453850000E-5	6.544000000E+0	4.999986719E+4	2.326600000E+2
2.367800000E-4	-5.495570000E-5	6.530800000E+0	4.999986719E+4	2.358710000E+2
2.367800000E-4	-5.689290000E-5	6.519600000E+0	4.999986719E+4	2.367870000E+2
2.360060000E-4	-5.522390000E-5	6.509500000E+0	4.999986719E+4	2.400400000E+2
2.351710000E-4	-5.137940000E-5	6.497300000E+0	4.999986719E+4	2.424660000E+2
2.344260000E-4	-6.166150000E-5	6.486600000E+0	4.999986719E+4	2.449780000E+2
2.369290000E-4	-5.447890000E-5	6.474000000E+0	4.999986719E+4	2.486070000E+2
2.360650000E-4	-5.853200000E-5	6.461700000E+0	4.999986719E+4	2.502530000E+2
2.352310000E-4	-5.069400000E-5	6.449800000E+0	4.999986719E+4	2.525230000E+2
2.361840000E-4	-5.871080000E-5	6.438600000E+0	4.999986719E+4	2.554450000E+2
2.349330000E-4	-5.590940000E-5	6.428000000E+0	4.999986719E+4	2.577370000E+2
2.341880000E-4	-5.304840000E-5	6.417000000E+0	4.999986719E+4	2.590600000E+2
2.370190000E-4	-5.441930000E-5	6.405800000E+0	4.999986719E+4	2.609600000E+2
2.349920000E-4	-5.185630000E-5	6.393900000E+0	4.999986719E+4	2.634700000E+2
2.370490000E-4	-5.579020000E-5	6.382500000E+0	4.999986719E+4	2.653090000E+2
2.344260000E-4	-5.683330000E-5	6.371600000E+0	4.999986719E+4	2.678950000E+2
2.349620000E-4	-5.766770000E-5	6.361200000E+0	4.999986719E+4	2.697070000E+2
2.354990000E-4	-5.558160000E-5	6.350400000E+0	4.999986719E+4	2.718410000E+2
2.365720000E-4	-5.459810000E-5	6.338800000E+0	4.999986719E+4	2.758360000E+2
2.357370000E-4	-5.584980000E-5	6.323000000E+0	4.999986719E+4	2.774760000E+2
2.361250000E-4	-5.802540000E-5	6.310300000E+0	4.999986719E+4	2.802340000E+2
2.370490000E-4	-5.537290000E-5	6.297300000E+0	4.999986719E+4	2.837280000E+2
2.364230000E-4	-5.191590000E-5	6.285500000E+0	4.999986719E+4	2.854560000E+2
2.330250000E-4	-5.555180000E-5	6.273400000E+0	4.999986719E+4	2.867730000E+2
2.357970000E-4	-5.778690000E-5	6.262800000E+0	4.999986719E+4	2.901350000E+2
2.354390000E-4	-5.397220000E-5	6.249300000E+0	4.999986719E+4	2.917140000E+2
2.366310000E-4	-5.531330000E-5	6.238300000E+0	4.999986719E+4	2.943660000E+2
2.365120000E-4	-5.525370000E-5	6.227900000E+0	4.999986719E+4	2.972930000E+2
2.355580000E-4	-5.322720000E-5	6.215100000E+0	4.999986719E+4	2.991670000E+2
2.364530000E-4	-5.924720000E-5	6.204900000E+0	4.999986719E+4	3.013080000E+2
2.323990000E-4	-5.990290000E-5	6.192900000E+0	4.999986719E+4	3.043690000E+2
2.339190000E-4	-5.486630000E-5	6.181900000E+0	4.999986719E+4	3.057140000E+2
2.358270000E-4	-5.325700000E-5	6.171700000E+0	4.999986719E+4	3.078940000E+2
2.360350000E-4	-5.650540000E-5	6.159000000E+0	4.999986719E+4	3.103480000E+2
2.366310000E-4	-5.927710000E-5	6.146400000E+0	4.999986719E+4	3.126520000E+2
2.361250000E-4	-5.450870000E-5	6.135000000E+0	4.999986719E+4	3.154470000E+2
2.375250000E-4	-6.085660000E-5	6.123900000E+0	4.999986719E+4	3.170580000E+2
2.339490000E-4	-6.589340000E-5	6.112800000E+0	4.999986719E+4	3.194270000E+2
2.373170000E-4	-5.668430000E-5	6.100300000E+0	4.999986719E+4	3.226300000E+2
2.341580000E-4	-5.978370000E-5	6.089800000E+0	4.999986719E+4	3.236730000E+2
2.364230000E-4	-5.778690000E-5	6.079300000E+0	4.999986719E+4	3.252910000E+2
2.341880000E-4	-5.778690000E-5	6.069200000E+0	4.999986719E+4	3.291820000E+2
2.346640000E-4	-5.838300000E-5	6.059000000E+0	4.999986719E+4	3.313180000E+2
2.337700000E-4	-6.148270000E-5	6.047100000E+0	4.999986719E+4	3.336330000E+2
2.346350000E-4	-5.728030000E-5	6.035900000E+0	4.999986719E+4	3.359630000E+2
2.361840000E-4	-5.602860000E-5	6.022400000E+0	4.999986719E+4	3.386650000E+2
2.326380000E-4	-5.957510000E-5	6.007300000E+0	4.999986719E+4	3.402170000E+2
2.334720000E-4	-6.118460000E-5	5.994900000E+0	4.999986719E+4	3.412630000E+2
2.342770000E-4	-5.337620000E-5	5.984700000E+0	4.999986719E+4	3.447450000E+2
2.376450000E-4	-5.427030000E-5	5.973600000E+0	4.999986719E+4	3.477230000E+2
2.374660000E-4	-5.319740000E-5	5.962600000E+0	4.999986719E+4	3.515650000E+2
2.339790000E-4	-5.963470000E-5	5.950700000E+0	4.999986719E+4	3.531790000E+2
2.329660000E-4	-5.641600000E-5	5.940200000E+0	4.999986719E+4	3.550450000E+2
2.338600000E-4	-5.981350000E-5	5.930000000E+0	4.999986719E+4	3.570590000E+2
2.352900000E-4	-5.698230000E-5	5.919800000E+0	4.999986719E+4	3.597230000E+2
2.343960000E-4	-5.441930000E-5	5.908900000E+0	4.999986719E+4	3.609090000E+2
2.327270000E-4	-5.391260000E-5	5.898500000E+0	4.999986719E+4	3.620080000E+2
2.330250000E-4	-5.713130000E-5	5.886100000E+0	4.999986719E+4	3.646000000E+2
2.361840000E-4	-5.880020000E-5	5.874400000E+0	4.999986719E+4	3.678300000E+2
2.350820000E-4	-5.331660000E-5	5.863500000E+0	4.999986719E+4	3.705060000E+2
2.354390000E-4	-5.444910000E-5	5.852300000E+0	4.999986719E+4	3.736560000E+2
2.368400000E-4	-5.599880000E-5	5.841700000E+0	4.999986719E+4	3.759800000E+2
2.390450000E-4	-5.409140000E-5	5.829900000E+0	4.999986719E+4	3.775300000E+2
2.335620000E-4	-5.450870000E-5	5.817800000E+0	4.999986719E+4	3.794560000E+2
2.326970000E-4	-5.570080000E-5	5.807100000E+0	4.999986719E+4	3.821960000E+2
2.333830000E-4	-5.629680000E-5	5.797000000E+0	4.999986719E+4	3.836880000E+2
2.340090000E-4	-5.337620000E-5	5.785500000E+0	4.999986719E+4	3.861000000E+2
2.313270000E-4	-5.239270000E-5	5.772200000E+0	4.999986719E+4	3.883390000E+2
2.356480000E-4	-5.567100000E-5	5.760700000E+0	4.999986719E+4	3.898350000E+2
2.338900000E-4	-5.629680000E-5	5.750200000E+0	4.999986719E+4	3.920580000E+2
2.358860000E-4	-5.728030000E-5	5.738400000E+0	4.999986719E+4	3.955270000E+2
2.369290000E-4	-5.757830000E-5	5.728400000E+0	4.999986719E+4	3.965160000E+2
2.384200000E-4	-5.650540000E-5	5.714300000E+0	4.999986719E+4	3.975730000E+2
2.371080000E-4	-6.061820000E-5	5.703500000E+0	4.999986719E+4	3.995610000E+2
2.315650000E-4	-5.286960000E-5	5.692800000E+0	4.999986719E+4	4.061360000E+2
2.342470000E-4	-5.131980000E-5	5.681300000E+0	4.999986719E+4	4.077570000E+2
2.366910000E-4	-5.462790000E-5	5.670200000E+0	4.999986719E+4	4.084710000E+2
2.327870000E-4	-5.826380000E-5	5.658800000E+0	4.999986719E+4	4.105550000E+2
2.339790000E-4	-5.495570000E-5	5.648500000E+0	4.999986719E+4	4.142140000E+2
2.338000000E-4	-5.534310000E-5	5.637100000E+0	4.999986719E+4	4.158670000E+2
2.353200000E-4	-5.814460000E-5	5.622500000E+0	4.999986719E+4	4.181910000E+2
2.361840000E-4	-5.248210000E-5	5.611600000E+0	4.999986719E+4	4.210190000E+2
2.371680000E-4	-5.614780000E-5	5.596400000E+0	4.999986719E+4	4.235440000E+2
2.350220000E-4	-5.674390000E-5	5.584200000E+0	4.999986719E+4	4.260830000E+2
2.340390000E-4	-5.823400000E-5	5.573500000E+0	4.999986719E+4	4.274320000E+2
2.340680000E-4	-5.468750000E-5	5.561700000E+0	4.999986719E+4	4.297870000E+2
2.350520000E-4	-5.677370000E-5	5.551600000E+0	4.999986719E+4	4.335450000E+2
2.360350000E-4	-5.194570000E-5	5.537400000E+0	4.999986719E+4	4.360910000E+2
2.355880000E-4	-5.075360000E-5	5.526600000E+0	4.999986719E+4	4.369720000E+2
2.343660000E-4	-5.835320000E-5	5.513700000E+0	4.999986719E+4	4.403200000E+2
2.323700000E-4	-5.611800000E-5	5.503300000E+0	4.999986719E+4	4.429070000E+2
2.356180000E-4	-5.775710000E-5	5.491500000E+0	4.999986719E+4	4.451320000E+2
2.315650000E-4	-5.424050000E-5	5.479000000E+0	4.999986719E+4	4.467120000E+2
2.335320000E-4	-5.060460000E-5	5.467400000E+0	4.999986719E+4	4.481000000E+2
2.329950000E-4	-5.286960000E-5	5.453300000E+0	4.999986719E+4	4.496430000E+2
2.250380000E-4	-4.425670000E-5	5.443100000E+0	4.999986719E+4	4.558120000E+2
2.287040000E-4	-4.428650000E-5	5.431900000E+0	4.999986719E+4	4.577100000E+2
2.265580000E-4	-4.529980000E-5	5.419600000E+0	4.999986719E+4	4.601810000E+2
2.265280000E-4	-4.616400000E-5	5.408500000E+0	4.999986719E+4	4.624620000E+2
2.277800000E-4	-4.544880000E-5	5.396400000E+0	4.999986719E+4	4.644240000E+2
2.303430000E-4	-4.425670000E-5	5.383600000E+0	4.999986719E+4	4.666290000E+2
2.282570000E-4	-4.759450000E-5	5.373300000E+0	4.999986719E+4	4.692530000E+2
2.298960000E-4	-4.491230000E-5	5.361800000E+0	4.999986719E+4	4.712810000E+2
2.283460000E-4	-4.243870000E-5	5.348800000E+0	4.999986719E+4	4.727890000E+2
2.286150000E-4	-5.039600000E-5	5.337700000E+0	4.999986719E+4	4.742040000E+2
2.288830000E-4	-4.911450000E-5	5.326700000E+0	4.999986719E+4	4.776920000E+2
2.295090000E-4	-4.607460000E-5	5.313400000E+0	4.999986719E+4	4.804450000E+2
2.246510000E-4	-4.917410000E-5	5.303300000E+0	4.999986719E+4	4.824880000E+2
2.258430000E-4	-4.467390000E-5	5.292900000E+0	4.999986719E+4	4.846910000E+2
2.266480000E-4	-4.622360000E-5	5.281000000E+0	4.999986719E+4	4.862970000E+2
2.260810000E-4	-4.515080000E-5	5.266500000E+0	4.999986719E+4	4.894330000E+2
2.258130000E-4	-4.845880000E-5	5.255600000E+0	4.999986719E+4	4.911100000E+2
2.259320000E-4	-4.640240000E-5	5.244400000E+0	4.999986719E+4	4.949650000E+2
2.253660000E-4	-4.294540000E-5	5.234100000E+0	4.999986719E+4	4.972650000E+2
2.275120000E-4	-4.908470000E-5	5.220000000E+0	4.999986719E+4	4.988230000E+2
2.269460000E-4	-4.994890000E-5	5.209200000E+0	4.999986719E+4	5.013610000E+2
2.243830000E-4	-4.920390000E-5	5.194200000E+0	4.999986719E+4	5.026900000E+2
2.283760000E-4	-4.294540000E-5	5.182300000E+0	4.999986719E+4	5.057760000E+2
2.240850000E-4	-4.324340000E-5	5.170000000E+0	4.999986719E+4	5.098950000E+2
2.285250000E-4	-4.443550000E-5	5.159900000E+0	4.999986719E+4	5.118040000E+2
2.262010000E-4	-4.565740000E-5	5.147700000E+0	4.999986719E+4	5.135150000E+2
2.281680000E-4	-4.535940000E-5	5.137400000E+0	4.999986719E+4	5.147090000E+2
2.275420000E-4	-4.902510000E-5	5.125500000E+0	4.999986719E+4	5.172250000E+2
2.287340000E-4	-4.521040000E-5	5.113900000E+0	4.999986719E+4	5.200850000E+2
2.254560000E-4	-4.643230000E-5	5.103100000E+0	4.999986719E+4	5.215400000E+2
2.251280000E-4	-4.065060000E-5	5.092100000E+0	4.999986719E+4	5.250630000E+2
2.272730000E-4	-4.643230000E-5	5.081600000E+0	4.999986719E+4	5.272330000E+2
2.247400000E-4	-4.950190000E-5	5.067400000E+0	4.999986719E+4	5.288030000E+2
2.262300000E-4	-4.622360000E-5	5.055000000E+0	4.999986719E+4	5.325760000E+2
2.270050000E-4	-4.294540000E-5	5.044400000E+0	4.999986719E+4	5.349560000E+2
2.237570000E-4	-5.045560000E-5	5.033400000E+0	4.999986719E+4	5.364470000E+2
2.257540000E-4	-5.200530000E-5	5.018300000E+0	4.999986719E+4	5.375230000E+2
2.255150000E-4	-5.018730000E-5	5.006800000E+0	4.999986719E+4	5.386340000E+2
2.266770000E-4	-4.246850000E-5	4.995500000E+0	4.999986719E+4	5.451900000E+2
2.262600000E-4	-4.568720000E-5	4.985100000E+0	4.999986719E+4	5.466350000E+2
2.279290000E-4	-4.386930000E-5	4.973800000E+0	4.999986719E+4	5.491220000E+2
2.270350000E-4	-4.878660000E-5	4.962700000E+0	4.999986719E+4	5.519040000E+2
2.260810000E-4	-5.069400000E-5	4.948800000E+0	4.999986719E+4	5.534090000E+2
2.263500000E-4	-5.051520000E-5	4.937600000E+0	4.999986719E+4	5.538860000E+2
2.262900000E-4	-4.950190000E-5	4.924600000E+0	4.999986719E+4	5.549660000E+2
2.238460000E-4	-4.509110000E-5	4.913700000E+0	4.999986719E+4	5.597470000E+2
2.242040000E-4	-4.091880000E-5	4.903300000E+0	4.999986719E+4	5.644740000E+2
2.250080000E-4	-4.380960000E-5	4.887800000E+0	4.999986719E+4	5.668300000E+2
2.235180000E-4	-4.363080000E-5	4.874000000E+0	4.999986719E+4	5.683500000E+2
2.238160000E-4	-4.401830000E-5	4.862700000E+0	4.999986719E+4	5.697510000E+2
2.215510000E-4	-4.342220000E-5	4.849800000E+0	4.999986719E+4	5.727210000E+2
2.241740000E-4	-4.246850000E-5	4.839600000E+0	4.999986719E+4	5.765390000E+2
2.250080000E-4	-3.898170000E-5	4.825800000E+0	4.999986719E+4	5.778700000E+2
2.269160000E-4	-4.467390000E-5	4.809200000E+0	4.999986719E+4	5.789300000E+2
2.238160000E-4	-3.853460000E-5	4.797800000E+0	4.999986719E+4	5.805420000E+2
2.260520000E-4	-5.120060000E-5	4.786500000E+0	4.999986719E+4	5.873210000E+2
2.258130000E-4	-4.690910000E-5	4.775900000E+0	4.999986719E+4	5.890650000E+2
2.254260000E-4	-5.120060000E-5	4.762500000E+0	4.999986719E+4	5.909570000E+2
2.257830000E-4	-4.783300000E-5	4.749000000E+0	4.999986719E+4	5.924440000E+2
2.260520000E-4	-4.494210000E-5	4.735200000E+0	4.999986719E+4	5.962880000E+2
2.245320000E-4	-4.130630000E-5	4.718400000E+0	4.999986719E+4	5.992220000E+2
2.225350000E-4	-3.919030000E-5	4.703400000E+0	4.999986719E+4	6.016350000E+2
2.227140000E-4	-4.416730000E-5	4.691700000E+0	4.999986719E+4	6.069860000E+2
2.245020000E-4	-4.324340000E-5	4.673800000E+0	4.999986719E+4	6.078560000E+2
2.230420000E-4	-4.446530000E-5	4.662800000E+0	4.999986719E+4	6.098630000E+2
2.231310000E-4	-4.011420000E-5	4.652300000E+0	4.999986719E+4	6.127720000E+2
2.233690000E-4	-4.062080000E-5	4.639000000E+0	4.999986719E+4	6.137170000E+2
2.259620000E-4	-3.919030000E-5	4.624300000E+0	4.999986719E+4	6.170410000E+2
2.254260000E-4	-3.805780000E-5	4.612200000E+0	4.999986719E+4	6.181710000E+2
2.242930000E-4	-3.701470000E-5	4.599800000E+0	4.999986719E+4	6.198590000E+2
2.251280000E-4	-3.778960000E-5	4.588000000E+0	4.999986719E+4	6.266460000E+2
2.250680000E-4	-3.829620000E-5	4.576600000E+0	4.999986719E+4	6.290410000E+2
2.244420000E-4	-4.172350000E-5	4.561700000E+0	4.999986719E+4	6.312000000E+2
2.245320000E-4	-4.240890000E-5	4.545400000E+0	4.999986719E+4	6.320150000E+2
2.245910000E-4	-4.246850000E-5	4.534600000E+0	4.999986719E+4	6.330960000E+2
2.256640000E-4	-4.681970000E-5	4.524300000E+0	4.999986719E+4	6.354680000E+2
2.203300000E-4	-4.261760000E-5	4.506800000E+0	4.999986719E+4	6.407790000E+2
2.200610000E-4	-4.476330000E-5	4.490300000E+0	4.999986719E+4	6.416130000E+2
2.211040000E-4	-4.583620000E-5	4.479800000E+0	4.999986719E+4	6.425400000E+2
2.224450000E-4	-4.658130000E-5	4.466000000E+0	4.999986719E+4	6.466580000E+2
2.231910000E-4	-4.336260000E-5	4.452100000E+0	4.999986719E+4	6.480460000E+2
2.230420000E-4	-4.151490000E-5	4.441900000E+0	4.999986719E+4	6.538710000E+2
2.236670000E-4	-4.500170000E-5	4.429600000E+0	4.999986719E+4	6.557050000E+2
2.267970000E-4	-4.470370000E-5	4.419400000E+0	4.999986719E+4	6.577020000E+2
2.239650000E-4	-4.753490000E-5	4.407300000E+0	4.999986719E+4	6.590930000E+2
2.232800000E-4	-4.473350000E-5	4.394600000E+0	4.999986719E+4	6.601540000E+2
2.217300000E-4	-4.798200000E-5	4.383800000E+0	4.999986719E+4	6.622840000E+2
2.221470000E-4	-4.655150000E-5	4.367400000E+0	4.999986719E+4	6.658680000E+2
2.217600000E-4	-4.777340000E-5	4.349500000E+0	4.999986719E+4	6.669100000E+2
2.245610000E-4	-4.369040000E-5	4.336900000E+0	4.999986719E+4	6.683910000E+2
2.253960000E-4	-4.944230000E-5	4.322100000E+0	4.999986719E+4	6.699880000E+2
2.256050000E-4	-4.765410000E-5	4.259100000E+0	4.999986719E+4	6.714500000E+2
2.273030000E-4	-4.568720000E-5	4.289500000E+0	4.999986719E+4	6.733410000E+2
2.270650000E-4	-4.541900000E-5	4.308200000E+0	4.999986719E+4	6.737170000E+2
2.266180000E-4	-4.527000000E-5	4.327900000E+0	4.999986719E+4	6.742750000E+2
2.266480000E-4	-4.726670000E-5	4.340500000E+0	4.999986719E+4	6.747110000E+2
2.243530000E-4	-4.687930000E-5	4.323200000E+0	4.999986719E+4	6.772340000E+2
2.259620000E-4	-4.777340000E-5	4.311300000E+0	4.999986719E+4	6.780250000E+2
2.246810000E-4	-4.589580000E-5	4.299100000E+0	4.999986719E+4	6.807260000E+2
2.248300000E-4	-4.535940000E-5	4.287000000E+0	4.999986719E+4	6.819880000E+2
2.258430000E-4	-4.217050000E-5	4.276200000E+0	4.999986719E+4	6.926540000E+2
2.250980000E-4	-4.610440000E-5	4.266100000E+0	4.999986719E+4	6.946770000E+2
2.263200000E-4	-4.398850000E-5	4.255500000E+0	4.999986719E+4	6.978900000E+2
2.272730000E-4	-4.577660000E-5	4.243900000E+0	4.999986719E+4	7.002650000E+2
2.264690000E-4	-4.306460000E-5	4.233300000E+0	4.999986719E+4	7.022430000E+2
2.241140000E-4	-4.246850000E-5	4.222700000E+0	4.999986719E+4	7.043780000E+2
2.271840000E-4	-3.743190000E-5	4.211700000E+0	4.999986719E+4	7.067040000E+2
2.224160000E-4	-4.261760000E-5	4.200400000E+0	4.999986719E+4	7.085360000E+2
2.226240000E-4	-4.258780000E-5	4.190200000E+0	4.999986719E+4	7.102450000E+2
2.242040000E-4	-4.169370000E-5	4.179400000E+0	4.999986719E+4	7.122530000E+2
2.242930000E-4	-3.978630000E-5	4.168700000E+0	4.999986719E+4	7.140410000E+2
2.245320000E-4	-4.446530000E-5	4.158400000E+0	4.999986719E+4	7.162380000E+2
2.246510000E-4	-4.786280000E-5	4.145300000E+0	4.999986719E+4	7.181370000E+2
2.249490000E-4	-4.580640000E-5	4.134600000E+0	4.999986719E+4	7.204670000E+2
2.258730000E-4	-4.273680000E-5	4.122700000E+0	4.999986719E+4	7.225150000E+2
2.250380000E-4	-4.327320000E-5	4.111900000E+0	4.999986719E+4	7.243080000E+2
2.247400000E-4	-4.506130000E-5	4.099100000E+0	4.999986719E+4	7.266980000E+2
2.245020000E-4	-4.655150000E-5	4.085400000E+0	4.999986719E+4	7.290810000E+2
2.241440000E-4	-4.634280000E-5	4.074700000E+0	4.999986719E+4	7.309490000E+2
2.222070000E-4	-4.288580000E-5	4.062100000E+0	4.999986719E+4	7.334400000E+2
2.231010000E-4	-4.428650000E-5	4.049500000E+0	4.999986719E+4	7.354390000E+2
2.223560000E-4	-4.932310000E-5	4.036400000E+0	4.999986719E+4	7.383970000E+2
2.264090000E-4	-4.577660000E-5	4.026300000E+0	4.999986719E+4	7.402980000E+2
2.248000000E-4	-4.732630000E-5	4.015000000E+0	4.999986719E+4	7.417360000E+2
2.227430000E-4	-4.714750000E-5	4.004700000E+0	4.999986719E+4	7.443750000E+2
2.245320000E-4	-4.640240000E-5	3.994600000E+0	4.999986719E+4	7.461800000E+2
2.226840000E-4	-4.860780000E-5	3.980000000E+0	4.999986719E+4	7.481600000E+2
2.216410000E-4	-4.878660000E-5	3.969400000E+0	4.999986719E+4	7.511810000E+2
2.217300000E-4	-4.878660000E-5	3.956900000E+0	4.999986719E+4	7.529120000E+2
2.239060000E-4	-4.825020000E-5	3.946900000E+0	4.999986719E+4	7.549190000E+2
2.220280000E-4	-5.117080000E-5	3.933200000E+0	4.999986719E+4	7.580530000E+2
2.189290000E-4	-5.221390000E-5	3.923000000E+0	4.999986719E+4	7.597570000E+2
2.220280000E-4	-4.833960000E-5	3.911300000E+0	4.999986719E+4	7.617230000E+2
2.212240000E-4	-4.774360000E-5	3.899000000E+0	4.999986719E+4	7.647490000E+2
2.207170000E-4	-4.410770000E-5	3.887100000E+0	4.999986719E+4	7.665600000E+2
2.212240000E-4	-4.473350000E-5	3.876300000E+0	4.999986719E+4	7.685690000E+2
2.242930000E-4	-4.377980000E-5	3.864100000E+0	4.999986719E+4	7.714950000E+2
2.239950000E-4	-4.935290000E-5	3.853600000E+0	4.999986719E+4	7.733660000E+2
2.243830000E-4	-5.164770000E-5	3.840700000E+0	4.999986719E+4	7.757150000E+2
2.236380000E-4	-4.947210000E-5	3.827200000E+0	4.999986719E+4	7.786910000E+2
2.216410000E-4	-4.625340000E-5	3.813500000E+0	4.999986719E+4	7.813200000E+2
2.240250000E-4	-5.066420000E-5	3.803200000E+0	4.999986719E+4	7.834590000E+2
2.253960000E-4	-5.030660000E-5	3.791700000E+0	4.999986719E+4	7.855540000E+2
2.241740000E-4	-5.173710000E-5	3.778300000E+0	4.999986719E+4	7.881450000E+2
2.229220000E-4	-4.839920000E-5	3.765400000E+0	4.999986719E+4	7.908140000E+2
2.227430000E-4	-4.830980000E-5	3.753200000E+0	4.999986719E+4	7.932160000E+2
2.228030000E-4	-4.813100000E-5	3.743200000E+0	4.999986719E+4	7.947970000E+2
2.249190000E-4	-4.991910000E-5	3.731000000E+0	4.999986719E+4	7.978910000E+2
2.231910000E-4	-4.854820000E-5	3.720500000E+0	4.999986719E+4	7.996170000E+2
2.253960000E-4	-4.783300000E-5	3.708600000E+0	4.999986719E+4	8.015820000E+2
2.227730000E-4	-4.938270000E-5	3.696400000E+0	4.999986719E+4	8.049790000E+2
2.226540000E-4	-4.780320000E-5	3.685700000E+0	4.999986719E+4	8.064850000E+2
2.257830000E-4	-5.191590000E-5	3.674300000E+0	4.999986719E+4	8.088200000E+2
2.245610000E-4	-4.920390000E-5	3.661700000E+0	4.999986719E+4	8.115390000E+2
2.217000000E-4	-4.890580000E-5	3.651100000E+0	4.999986719E+4	8.132290000E+2
2.256050000E-4	-4.410770000E-5	3.641000000E+0	4.999986719E+4	8.155940000E+2
2.259320000E-4	-4.842900000E-5	3.630800000E+0	4.999986719E+4	8.177110000E+2
2.229220000E-4	-4.890580000E-5	3.620700000E+0	4.999986719E+4	8.194500000E+2
2.241740000E-4	-5.018730000E-5	3.607200000E+0	4.999986719E+4	8.221250000E+2
2.331740000E-4	-5.230330000E-5	3.594800000E+0	4.999986719E+4	8.253960000E+2
2.278400000E-4	-5.006810000E-5	3.580300000E+0	4.999986719E+4	8.275430000E+2
2.231610000E-4	-5.251190000E-5	3.566400000E+0	4.999986719E+4	8.310600000E+2
2.239360000E-4	-5.108140000E-5	3.552300000E+0	4.999986719E+4	8.332100000E+2
2.230420000E-4	-5.286960000E-5	3.542200000E+0	4.999986719E+4	8.364600000E+2
2.294190000E-4	-5.206490000E-5	3.526200000E+0	4.999986719E+4	8.385320000E+2
2.256640000E-4	-5.340600000E-5	3.515600000E+0	4.999986719E+4	8.416110000E+2
2.263500000E-4	-5.352520000E-5	3.505400000E+0	4.999986719E+4	8.437730000E+2
2.249790000E-4	-4.807140000E-5	3.493400000E+0	4.999986719E+4	8.458830000E+2
2.256940000E-4	-5.564120000E-5	3.478500000E+0	4.999986719E+4	8.495970000E+2
2.218200000E-4	-5.513450000E-5	3.464800000E+0	4.999986719E+4	8.517320000E+2
2.253060000E-4	-5.143900000E-5	3.454600000E+0	4.999986719E+4	8.542600000E+2
2.244420000E-4	-5.218410000E-5	3.441600000E+0	4.999986719E+4	8.563870000E+2
2.242340000E-4	-5.570080000E-5	3.430000000E+0	4.999986719E+4	8.594820000E+2
2.234290000E-4	-5.283980000E-5	3.414000000E+0	4.999986719E+4	8.626610000E+2
2.305520000E-4	-5.683330000E-5	3.400900000E+0	4.999986719E+4	8.659310000E+2
2.255150000E-4	-5.525370000E-5	3.386200000E+0	4.999986719E+4	8.680450000E+2
2.239950000E-4	-5.269070000E-5	3.372000000E+0	4.999986719E+4	8.716540000E+2
2.205980000E-4	-5.409140000E-5	3.358500000E+0	4.999986719E+4	8.737410000E+2
2.233400000E-4	-5.260130000E-5	3.347200000E+0	4.999986719E+4	8.769480000E+2
2.269460000E-4	-5.486630000E-5	3.335300000E+0	4.999986719E+4	8.790810000E+2
2.236080000E-4	-5.361460000E-5	3.322900000E+0	4.999986719E+4	8.821560000E+2
2.234890000E-4	-5.096220000E-5	3.311000000E+0	4.999986719E+4	8.843020000E+2
2.235780000E-4	-5.215430000E-5	3.299700000E+0	4.999986719E+4	8.867960000E+2
2.227140000E-4	-5.537290000E-5	3.289700000E+0	4.999986719E+4	8.889180000E+2
2.242630000E-4	-5.170730000E-5	3.278900000E+0	4.999986719E+4	8.911060000E+2
2.216110000E-4	-5.209470000E-5	3.264800000E+0	4.999986719E+4	8.942650000E+2
2.199120000E-4	-5.641600000E-5	3.249100000E+0	4.999986719E+4	8.974420000E+2
2.228930000E-4	-5.456830000E-5	3.235400000E+0	4.999986719E+4	9.006670000E+2
2.209850000E-4	-5.719090000E-5	3.222200000E+0	4.999986719E+4	9.027800000E+2
2.229520000E-4	-5.805520000E-5	3.204200000E+0	4.999986719E+4	9.065400000E+2
2.207770000E-4	-6.008170000E-5	3.191500000E+0	4.999986719E+4	9.101130000E+2
2.200910000E-4	-5.570080000E-5	3.176500000E+0	4.999986719E+4	9.122710000E+2
2.200910000E-4	-5.593920000E-5	3.160300000E+0	4.999986719E+4	9.160210000E+2
2.193460000E-4	-5.683330000E-5	3.146400000E+0	4.999986719E+4	9.192280000E+2
2.194650000E-4	-6.094600000E-5	3.132800000E+0	4.999986719E+4	9.224440000E+2
2.181840000E-4	-5.769750000E-5	3.119900000E+0	4.999986719E+4	9.245570000E+2
2.149350000E-4	-6.008170000E-5	3.105000000E+0	4.999986719E+4	9.281270000E+2
2.170810000E-4	-5.948570000E-5	3.093300000E+0	4.999986719E+4	9.302700000E+2
2.165150000E-4	-6.067780000E-5	3.081300000E+0	4.999986719E+4	9.334850000E+2
2.141600000E-4	-5.844260000E-5	3.068200000E+0	4.999986719E+4	9.356270000E+2
2.132660000E-4	-6.082680000E-5	3.056200000E+0	4.999986719E+4	9.387970000E+2
2.149650000E-4	-6.374760000E-5	3.043700000E+0	4.999986719E+4	9.409880000E+2
2.154720000E-4	-6.553580000E-5	3.028500000E+0	4.999986719E+4	9.441310000E+2
2.140410000E-4	-6.499930000E-5	3.018100000E+0	4.999986719E+4	9.462890000E+2
2.131170000E-4	-6.312180000E-5	3.006800000E+0	4.999986719E+4	9.489270000E+2
2.161570000E-4	-6.508870000E-5	2.995800000E+0	4.999986719E+4	9.510900000E+2
2.120150000E-4	-6.291320000E-5	2.982900000E+0	4.999986719E+4	9.542740000E+2
2.153820000E-4	-6.321120000E-5	2.970800000E+0	4.999986719E+4	9.563930000E+2
2.121930000E-4	-6.333040000E-5	2.956800000E+0	4.999986719E+4	9.596180000E+2
2.121930000E-4	-6.324100000E-5	2.946600000E+0	4.999986719E+4	9.617180000E+2
2.090940000E-4	-6.440330000E-5	2.930400000E+0	4.999986719E+4	9.649240000E+2
2.060840000E-4	-6.839680000E-5	2.917700000E+0	4.999986719E+4	9.681490000E+2
2.085280000E-4	-6.726430000E-5	2.906900000E+0	4.999986719E+4	9.702540000E+2
2.029250000E-4	-6.717490000E-5	2.895600000E+0	4.999986719E+4	9.723970000E+2
2.055770000E-4	-6.669810000E-5	2.881200000E+0	4.999986719E+4	9.755840000E+2
2.046830000E-4	-6.556560000E-5	2.869700000E+0	4.999986719E+4	9.777320000E+2
2.052200000E-4	-6.720470000E-5	2.854300000E+0	4.999986719E+4	9.813190000E+2
2.038790000E-4	-6.276420000E-5	2.844000000E+0	4.999986719E+4	9.835010000E+2
2.049220000E-4	-6.943990000E-5	2.831700000E+0	4.999986719E+4	9.861140000E+2
2.041770000E-4	-6.628080000E-5	2.820600000E+0	4.999986719E+4	9.882590000E+2
2.040870000E-4	-6.246610000E-5	2.802700000E+0	4.999986719E+4	9.915120000E+2
2.013450000E-4	-6.133360000E-5	2.787800000E+0	4.999986719E+4	9.950590000E+2
2.000340000E-4	-6.276420000E-5	2.776900000E+0	4.999986719E+4	9.980560000E+2
1.986630000E-4	-6.079700000E-5	2.762300000E+0	4.999986719E+4	1.000445000E+3
1.983350000E-4	-6.219790000E-5	2.750800000E+0	4.999986719E+4	1.003677000E+3
1.929710000E-4	-5.573060000E-5	2.734600000E+0	4.999986719E+4	1.005718000E+3
1.907660000E-4	-5.102180000E-5	2.719200000E+0	4.999986719E+4	1.009433000E+3
1.928820000E-4	-5.328680000E-5	2.706800000E+0	4.999986719E+4	1.012526000E+3
1.927620000E-4	-5.528350000E-5	2.691800000E+0	4.999986719E+4	1.014668000E+3
1.892160000E-4	-5.316760000E-5	2.678300000E+0	4.999986719E+4	1.018238000E+3
1.916600000E-4	-5.564120000E-5	2.667700000E+0	4.999986719E+4	1.020435000E+3
1.916600000E-4	-5.313780000E-5	2.650000000E+0	4.999986719E+4	1.023463000E+3
1.897820000E-4	-5.444910000E-5	2.639200000E+0	4.999986719E+4	1.026545000E+3
1.886790000E-4	-5.191590000E-5	2.627500000E+0	4.999986719E+4	1.028653000E+3
1.904970000E-4	-5.301860000E-5	2.616000000E+0	4.999986719E+4	1.031345000E+3
1.903780000E-4	-5.540280000E-5	2.604100000E+0	4.999986719E+4	1.033453000E+3
1.920470000E-4	-5.301860000E-5	2.592200000E+0	4.999986719E+4	1.035988000E+3
1.883220000E-4	-5.066420000E-5	2.576100000E+0	4.999986719E+4	1.039699000E+3
1.868610000E-4	-4.977010000E-5	2.564500000E+0	4.999986719E+4	1.041853000E+3
1.861160000E-4	-4.738590000E-5	2.547500000E+0	4.999986719E+4	1.045051000E+3
1.837320000E-4	-5.108140000E-5	2.534600000E+0	4.999986719E+4	1.048246000E+3
1.839110000E-4	-5.286960000E-5	2.524300000E+0	4.999986719E+4	1.050765000E+3
1.830170000E-4	-5.105160000E-5	2.508200000E+0	4.999986719E+4	1.053455000E+3
1.816160000E-4	-5.355500000E-5	2.496300000E+0	4.999986719E+4	1.056568000E+3
1.811100000E-4	-5.531330000E-5	2.485200000E+0	4.999986719E+4	1.058645000E+3
1.837320000E-4	-5.409140000E-5	2.468600000E+0	4.999986719E+4	1.061682000E+3
1.834640000E-4	-5.212450000E-5	2.455500000E+0	4.999986719E+4	1.064949000E+3
1.823320000E-4	-5.131980000E-5	2.443700000E+0	4.999986719E+4	1.067044000E+3
1.832260000E-4	-4.947210000E-5	2.427600000E+0	4.999986719E+4	1.070626000E+3
1.797980000E-4	-5.486630000E-5	2.415400000E+0	4.999986719E+4	1.073845000E+3
1.796490000E-4	-5.143900000E-5	2.403300000E+0	4.999986719E+4	1.075982000E+3
1.799770000E-4	-5.203510000E-5	2.393200000E+0	4.999986719E+4	1.078684000E+3
1.774440000E-4	-4.768390000E-5	2.379600000E+0	4.999986719E+4	1.080763000E+3
1.769970000E-4	-5.394240000E-5	2.365400000E+0	4.999986719E+4	1.084423000E+3
1.770860000E-4	-5.754850000E-5	2.352400000E+0	4.999986719E+4	1.086484000E+3
1.776530000E-4	-5.385300000E-5	2.341500000E+0	4.999986719E+4	1.089691000E+3
1.789640000E-4	-5.450870000E-5	2.325900000E+0	4.999986719E+4	1.091824000E+3
1.772650000E-4	-5.066420000E-5	2.309800000E+0	4.999986719E+4	1.095601000E+3
1.755370000E-4	-4.789260000E-5	2.299100000E+0	4.999986719E+4	1.098714000E+3
1.761330000E-4	-5.084300000E-5	2.281900000E+0	4.999986719E+4	1.100764000E+3
1.754470000E-4	-5.182650000E-5	2.271500000E+0	4.999986719E+4	1.103831000E+3
1.752680000E-4	-5.015750000E-5	2.260600000E+0	4.999986719E+4	1.105990000E+3
1.744040000E-4	-5.066420000E-5	2.248300000E+0	4.999986719E+4	1.108598000E+3
1.716920000E-4	-5.048540000E-5	2.238200000E+0	4.999986719E+4	1.110690000E+3
1.723780000E-4	-5.102180000E-5	2.222900000E+0	4.999986719E+4	1.113835000E+3
1.753880000E-4	-5.424050000E-5	2.208300000E+0	4.999986719E+4	1.117075000E+3
1.726160000E-4	-5.218410000E-5	2.193500000E+0	4.999986719E+4	1.120236000E+3
1.696360000E-4	-4.887600000E-5	2.179400000E+0	4.999986719E+4	1.123477000E+3
1.704700000E-4	-5.164770000E-5	2.168500000E+0	4.999986719E+4	1.125546000E+3
1.689800000E-4	-5.021710000E-5	2.157300000E+0	4.999986719E+4	1.128225000E+3
1.721390000E-4	-5.319740000E-5	2.146100000E+0	4.999986719E+4	1.130373000E+3
1.760130000E-4	-5.760810000E-5	2.135400000E+0	4.999986719E+4	1.132502000E+3
1.687120000E-4	-5.188610000E-5	2.121000000E+0	4.999986719E+4	1.135679000E+3
1.649570000E-4	-5.140920000E-5	2.110700000E+0	4.999986719E+4	1.137800000E+3
1.668940000E-4	-5.471730000E-5	2.097800000E+0	4.999986719E+4	1.141015000E+3
1.648080000E-4	-5.072380000E-5	2.084200000E+0	4.999986719E+4	1.143192000E+3
1.648970000E-4	-5.111120000E-5	2.069400000E+0	4.999986719E+4	1.146752000E+3
1.690700000E-4	-4.652170000E-5	2.058700000E+0	4.999986719E+4	1.148916000E+3
1.674900000E-4	-4.994890000E-5	2.044900000E+0	4.999986719E+4	1.152079000E+3
1.660300000E-4	-5.385300000E-5	2.033800000E+0	4.999986719E+4	1.154217000E+3
1.651650000E-4	-5.078340000E-5	2.017800000E+0	4.999986719E+4	1.157452000E+3
1.696660000E-4	-5.245230000E-5	2.002100000E+0	4.999986719E+4	1.161135000E+3
1.683240000E-4	-4.443550000E-5	2.015200000E+0	4.999986719E+4	1.288852000E+3
1.693380000E-4	-4.643230000E-5	2.025800000E+0	4.999986719E+4	1.291668000E+3
1.669540000E-4	-4.684950000E-5	2.036600000E+0	4.999986719E+4	1.293691000E+3
1.683540000E-4	-5.075360000E-5	2.048500000E+0	4.999986719E+4	1.296069000E+3
1.693080000E-4	-5.018730000E-5	2.059800000E+0	4.999986719E+4	1.298463000E+3
1.687120000E-4	-4.845880000E-5	2.070500000E+0	4.999986719E+4	1.300455000E+3
1.673710000E-4	-4.738590000E-5	2.083200000E+0	4.999986719E+4	1.303129000E+3
1.685930000E-4	-5.319740000E-5	2.094100000E+0	4.999986719E+4	1.305315000E+3
1.711560000E-4	-5.286960000E-5	2.105300000E+0	4.999986719E+4	1.307691000E+3
1.699640000E-4	-5.626700000E-5	2.116600000E+0	4.999986719E+4	1.309922000E+3
1.717520000E-4	-5.197550000E-5	2.128100000E+0	4.999986719E+4	1.312096000E+3
1.689800000E-4	-5.319740000E-5	2.139300000E+0	4.999986719E+4	1.314479000E+3
1.671620000E-4	-5.140920000E-5	2.149400000E+0	4.999986719E+4	1.316121000E+3
1.687420000E-4	-5.352520000E-5	2.162200000E+0	4.999986719E+4	1.319114000E+3
1.710360000E-4	-4.971050000E-5	2.173900000E+0	4.999986719E+4	1.320888000E+3
1.710960000E-4	-5.558160000E-5	2.187600000E+0	4.999986719E+4	1.323788000E+3
1.693680000E-4	-5.239270000E-5	2.198100000E+0	4.999986719E+4	1.326217000E+3
1.703510000E-4	-5.120060000E-5	2.209200000E+0	4.999986719E+4	1.328378000E+3
1.715430000E-4	-5.254170000E-5	2.220300000E+0	4.999986719E+4	1.330749000E+3
1.748810000E-4	-5.248210000E-5	2.232800000E+0	4.999986719E+4	1.332885000E+3
1.719310000E-4	-5.283980000E-5	2.243900000E+0	4.999986719E+4	1.335425000E+3
1.725860000E-4	-5.039600000E-5	2.254600000E+0	4.999986719E+4	1.337388000E+3
1.737780000E-4	-4.860780000E-5	2.265300000E+0	4.999986719E+4	1.339178000E+3
1.731820000E-4	-5.093240000E-5	2.278400000E+0	4.999986719E+4	1.342057000E+3
1.725860000E-4	-5.269070000E-5	2.289000000E+0	4.999986719E+4	1.344185000E+3
1.740460000E-4	-5.176690000E-5	2.299300000E+0	4.999986719E+4	1.346208000E+3
1.778610000E-4	-5.003830000E-5	2.311000000E+0	4.999986719E+4	1.348593000E+3
1.769080000E-4	-5.269070000E-5	2.322000000E+0	4.999986719E+4	1.350725000E+3
1.773550000E-4	-5.725050000E-5	2.334200000E+0	4.999986719E+4	1.353275000E+3
1.776230000E-4	-5.757830000E-5	2.349200000E+0	4.999986719E+4	1.355804000E+3
1.797980000E-4	-5.492590000E-5	2.361600000E+0	4.999986719E+4	1.358726000E+3
1.803650000E-4	-5.382320000E-5	2.372500000E+0	4.999986719E+4	1.361136000E+3
1.801860000E-4	-5.283980000E-5	2.384400000E+0	4.999986719E+4	1.363151000E+3
1.798880000E-4	-5.149860000E-5	2.395500000E+0	4.999986719E+4	1.365645000E+3
1.813780000E-4	-6.097580000E-5	2.407000000E+0	4.999986719E+4	1.367774000E+3
1.802450000E-4	-6.127400000E-5	2.419600000E+0	4.999986719E+4	1.369970000E+3
1.812880000E-4	-6.037970000E-5	2.431200000E+0	4.999986719E+4	1.372709000E+3
1.821830000E-4	-5.823400000E-5	2.441400000E+0	4.999986719E+4	1.374456000E+3
1.807220000E-4	-5.441930000E-5	2.451900000E+0	4.999986719E+4	1.376850000E+3
1.827490000E-4	-5.477690000E-5	2.464000000E+0	4.999986719E+4	1.379244000E+3
1.850140000E-4	-5.289940000E-5	2.474400000E+0	4.999986719E+4	1.381383000E+3
1.838220000E-4	-5.528350000E-5	2.485500000E+0	4.999986719E+4	1.383378000E+3
1.830470000E-4	-5.537290000E-5	2.496000000E+0	4.999986719E+4	1.385755000E+3
1.850440000E-4	-5.671410000E-5	2.506900000E+0	4.999986719E+4	1.387690000E+3
1.861460000E-4	-5.319740000E-5	2.516900000E+0	4.999986719E+4	1.389632000E+3
1.817060000E-4	-5.432990000E-5	2.528800000E+0	4.999986719E+4	1.392188000E+3
1.865040000E-4	-5.710150000E-5	2.538900000E+0	4.999986719E+4	1.394234000E+3
1.872490000E-4	-5.438950000E-5	2.552200000E+0	4.999986719E+4	1.396712000E+3
1.843880000E-4	-5.653520000E-5	2.562700000E+0	4.999986719E+4	1.399102000E+3
1.863250000E-4	-5.939630000E-5	2.573600000E+0	4.999986719E+4	1.400894000E+3
1.834940000E-4	-5.725050000E-5	2.583600000E+0	4.999986719E+4	1.403269000E+3
1.872190000E-4	-5.492590000E-5	2.596700000E+0	4.999986719E+4	1.405363000E+3
1.860870000E-4	-5.468750000E-5	2.606900000E+0	4.999986719E+4	1.407762000E+3
1.870400000E-4	-5.766770000E-5	2.618200000E+0	4.999986719E+4	1.409766000E+3
1.895740000E-4	-5.331660000E-5	2.629900000E+0	4.999986719E+4	1.412892000E+3
1.884410000E-4	-5.534310000E-5	2.641700000E+0	4.999986719E+4	1.414500000E+3
1.896330000E-4	-5.900880000E-5	2.652800000E+0	4.999986719E+4	1.417441000E+3
1.905570000E-4	-5.373380000E-5	2.664400000E+0	4.999986719E+4	1.419010000E+3
1.895140000E-4	-5.289940000E-5	2.674500000E+0	4.999986719E+4	1.421386000E+3
1.918680000E-4	-5.894920000E-5	2.686700000E+0	4.999986719E+4	1.423788000E+3
1.934780000E-4	-5.945590000E-5	2.699100000E+0	4.999986719E+4	1.425895000E+3
1.922560000E-4	-5.525370000E-5	2.709600000E+0	4.999986719E+4	1.428328000E+3
1.916300000E-4	-5.903860000E-5	2.720300000E+0	4.999986719E+4	1.430475000E+3
1.930900000E-4	-5.960490000E-5	2.730900000E+0	4.999986719E+4	1.432828000E+3
1.929110000E-4	-6.049890000E-5	2.742500000E+0	4.999986719E+4	1.434679000E+3
1.938650000E-4	-5.769750000E-5	2.754900000E+0	4.999986719E+4	1.437560000E+3
1.950570000E-4	-5.596900000E-5	2.767600000E+0	4.999986719E+4	1.439524000E+3
1.942520000E-4	-5.751870000E-5	2.779400000E+0	4.999986719E+4	1.442294000E+3
1.950870000E-4	-6.172110000E-5	2.790400000E+0	4.999986719E+4	1.444279000E+3
1.957720000E-4	-6.464170000E-5	2.800700000E+0	4.999986719E+4	1.446809000E+3
1.994980000E-4	-5.987310000E-5	2.812100000E+0	4.999986719E+4	1.448566000E+3
1.997360000E-4	-5.641600000E-5	2.824000000E+0	4.999986719E+4	1.451403000E+3
2.007490000E-4	-6.034990000E-5	2.835200000E+0	4.999986719E+4	1.453106000E+3
2.018820000E-4	-6.073740000E-5	2.847500000E+0	4.999986719E+4	1.456028000E+3
2.030140000E-4	-5.364440000E-5	2.857800000E+0	4.999986719E+4	1.457658000E+3
2.024180000E-4	-5.710150000E-5	2.867900000E+0	4.999986719E+4	1.460026000E+3
1.994080000E-4	-6.681730000E-5	2.878800000E+0	4.999986719E+4	1.462084000E+3
2.047430000E-4	-6.490990000E-5	2.891200000E+0	4.999986719E+4	1.464819000E+3
2.046530000E-4	-6.216810000E-5	2.902400000E+0	4.999986719E+4	1.466564000E+3
2.075440000E-4	-5.793590000E-5	2.914100000E+0	4.999986719E+4	1.469345000E+3
2.058160000E-4	-5.543260000E-5	2.924400000E+0	4.999986719E+4	1.471091000E+3
2.062630000E-4	-5.054500000E-5	2.935900000E+0	4.999986719E+4	1.473648000E+3
2.073650000E-4	-5.486630000E-5	2.948900000E+0	4.999986719E+4	1.476026000E+3
2.101070000E-4	-4.932310000E-5	2.959100000E+0	4.999986719E+4	1.478409000E+3
2.079910000E-4	-5.120060000E-5	2.972200000E+0	4.999986719E+4	1.480624000E+3
2.093320000E-4	-5.570080000E-5	2.982900000E+0	4.999986719E+4	1.482996000E+3
2.097500000E-4	-5.564120000E-5	2.995700000E+0	4.999986719E+4	1.485491000E+3
2.127000000E-4	-5.346560000E-5	3.008400000E+0	4.999986719E+4	1.488283000E+3
2.074250000E-4	-5.710150000E-5	3.020700000E+0	4.999986719E+4	1.490291000E+3
2.109420000E-4	-5.316760000E-5	3.031400000E+0	4.999986719E+4	1.492831000E+3
2.110010000E-4	-6.037970000E-5	3.043900000E+0	4.999986719E+4	1.495122000E+3
2.115970000E-4	-5.924720000E-5	3.054400000E+0	4.999986719E+4	1.497391000E+3
2.124020000E-4	-5.918760000E-5	3.066700000E+0	4.999986719E+4	1.499756000E+3
2.160080000E-4	-5.158810000E-5	3.077200000E+0	4.999986719E+4	1.502154000E+3
2.138620000E-4	-5.123040000E-5	3.090700000E+0	4.999986719E+4	1.504544000E+3
2.143090000E-4	-5.582000000E-5	3.101900000E+0	4.999986719E+4	1.506319000E+3
2.131470000E-4	-5.701210000E-5	3.114500000E+0	4.999986719E+4	1.509212000E+3
2.113890000E-4	-5.677370000E-5	3.125500000E+0	4.999986719E+4	1.511618000E+3
2.117760000E-4	-5.820420000E-5	3.135600000E+0	4.999986719E+4	1.513604000E+3
2.128490000E-4	-5.298880000E-5	3.145700000E+0	4.999986719E+4	1.515345000E+3
2.166340000E-4	-5.361460000E-5	3.157500000E+0	4.999986719E+4	1.518224000E+3
2.171410000E-4	-5.435970000E-5	3.170500000E+0	4.999986719E+4	1.520162000E+3
2.173790000E-4	-5.397220000E-5	3.182500000E+0	4.999986719E+4	1.523089000E+3
2.190780000E-4	-5.370400000E-5	3.193400000E+0	4.999986719E+4	1.524755000E+3
2.196140000E-4	-6.189990000E-5	3.203700000E+0	4.999986719E+4	1.527078000E+3
2.194060000E-4	-5.510470000E-5	3.215100000E+0	4.999986719E+4	1.529709000E+3
2.199120000E-4	-5.272050000E-5	3.225300000E+0	4.999986719E+4	1.531203000E+3
2.164850000E-4	-5.003830000E-5	3.237400000E+0	4.999986719E+4	1.534151000E+3
2.178260000E-4	-5.435970000E-5	3.249900000E+0	4.999986719E+4	1.536145000E+3
2.177960000E-4	-5.406160000E-5	3.260500000E+0	4.999986719E+4	1.538661000E+3
2.178860000E-4	-5.278010000E-5	3.271500000E+0	4.999986719E+4	1.540659000E+3
2.168430000E-4	-5.620740000E-5	3.282100000E+0	4.999986719E+4	1.543070000E+3
2.162170000E-4	-5.900880000E-5	3.292400000E+0	4.999986719E+4	1.545083000E+3
2.192270000E-4	-5.048540000E-5	3.303300000E+0	4.999986719E+4	1.546678000E+3
2.178860000E-4	-5.304840000E-5	3.313400000E+0	4.999986719E+4	1.549151000E+3
2.183920000E-4	-5.376360000E-5	3.325900000E+0	4.999986719E+4	1.551692000E+3
2.177960000E-4	-5.373380000E-5	3.338300000E+0	4.999986719E+4	1.554184000E+3
2.163060000E-4	-5.155830000E-5	3.348900000E+0	4.999986719E+4	1.556597000E+3
2.179450000E-4	-5.275030000E-5	3.360400000E+0	4.999986719E+4	1.558138000E+3
2.186900000E-4	-5.409140000E-5	3.374500000E+0	4.999986719E+4	1.561599000E+3
2.195840000E-4	-5.456830000E-5	3.385300000E+0	4.999986719E+4	1.563228000E+3
2.160980000E-4	-5.424050000E-5	3.397000000E+0	4.999986719E+4	1.565993000E+3
2.219980000E-4	-4.574680000E-5	3.408600000E+0	4.999986719E+4	1.568072000E+3
2.189290000E-4	-4.559780000E-5	3.421100000E+0	4.999986719E+4	1.570830000E+3
2.183630000E-4	-4.592560000E-5	3.434700000E+0	4.999986719E+4	1.573203000E+3
2.200310000E-4	-4.720710000E-5	3.445600000E+0	4.999986719E+4	1.575596000E+3
2.205080000E-4	-4.866740000E-5	3.457200000E+0	4.999986719E+4	1.578158000E+3
2.208660000E-4	-4.971050000E-5	3.469300000E+0	4.999986719E+4	1.579918000E+3
2.188690000E-4	-5.096220000E-5	3.480400000E+0	4.999986719E+4	1.582701000E+3
2.179450000E-4	-5.158810000E-5	3.492900000E+0	4.999986719E+4	1.584676000E+3
2.195550000E-4	-4.985950000E-5	3.504000000E+0	4.999986719E+4	1.587197000E+3
2.195250000E-4	-4.756470000E-5	3.516800000E+0	4.999986719E+4	1.590041000E+3
2.202100000E-4	-5.224370000E-5	3.527400000E+0	4.999986719E+4	1.591708000E+3
2.209260000E-4	-4.962110000E-5	3.538600000E+0	4.999986719E+4	1.594138000E+3
2.166940000E-4	-5.802540000E-5	3.551900000E+0	4.999986719E+4	1.596913000E+3
2.154720000E-4	-5.337620000E-5	3.562200000E+0	4.999986719E+4	1.598985000E+3
2.191970000E-4	-4.994890000E-5	3.572600000E+0	4.999986719E+4	1.600918000E+3
2.181240000E-4	-5.129000000E-5	3.582800000E+0	4.999986719E+4	1.603323000E+3
2.191080000E-4	-5.021710000E-5	3.594100000E+0	4.999986719E+4	1.605446000E+3
2.159490000E-4	-4.902510000E-5	3.604700000E+0	4.999986719E+4	1.607056000E+3
2.153230000E-4	-5.126020000E-5	3.614800000E+0	4.999986719E+4	1.609430000E+3
2.163660000E-4	-4.845880000E-5	3.624800000E+0	4.999986719E+4	1.611711000E+3
2.185710000E-4	-4.559780000E-5	3.637400000E+0	4.999986719E+4	1.613733000E+3
2.183030000E-4	-4.667070000E-5	3.649300000E+0	4.999986719E+4	1.616571000E+3
2.168130000E-4	-5.129000000E-5	3.660700000E+0	4.999986719E+4	1.618510000E+3
2.184820000E-4	-4.372020000E-5	3.672800000E+0	4.999986719E+4	1.621326000E+3
2.175280000E-4	-4.696870000E-5	3.683100000E+0	4.999986719E+4	1.623363000E+3
2.191970000E-4	-4.854820000E-5	3.693900000E+0	4.999986719E+4	1.624713000E+3
2.189590000E-4	-4.553820000E-5	3.704800000E+0	4.999986719E+4	1.627441000E+3
2.173490000E-4	-4.825020000E-5	3.715300000E+0	4.999986719E+4	1.629860000E+3
2.193760000E-4	-5.027680000E-5	3.726300000E+0	4.999986719E+4	1.631471000E+3
2.199120000E-4	-4.342220000E-5	3.737900000E+0	4.999986719E+4	1.634052000E+3
2.180350000E-4	-5.155830000E-5	3.751600000E+0	4.999986719E+4	1.636790000E+3
2.174980000E-4	-4.985950000E-5	3.763400000E+0	4.999986719E+4	1.638830000E+3
2.171410000E-4	-4.950190000E-5	3.774400000E+0	4.999986719E+4	1.641591000E+3
2.153820000E-4	-4.878660000E-5	3.784600000E+0	4.999986719E+4	1.643317000E+3
2.173490000E-4	-4.720710000E-5	3.795700000E+0	4.999986719E+4	1.645628000E+3
2.211640000E-4	-4.732630000E-5	3.806300000E+0	4.999986719E+4	1.647851000E+3
2.195840000E-4	-5.123040000E-5	3.816300000E+0	4.999986719E+4	1.649864000E+3
2.185710000E-4	-4.783300000E-5	3.827600000E+0	4.999986719E+4	1.651878000E+3
2.205980000E-4	-4.926350000E-5	3.840700000E+0	4.999986719E+4	1.654689000E+3
2.186310000E-4	-4.625340000E-5	3.851400000E+0	4.999986719E+4	1.657049000E+3
2.202100000E-4	-4.482290000E-5	3.862400000E+0	4.999986719E+4	1.659071000E+3
2.191970000E-4	-4.747530000E-5	3.874500000E+0	4.999986719E+4	1.661175000E+3
2.194060000E-4	-5.072380000E-5	3.887200000E+0	4.999986719E+4	1.664117000E+3
2.209550000E-4	-4.297520000E-5	3.897400000E+0	4.999986719E+4	1.666102000E+3
2.217600000E-4	-4.646210000E-5	3.908000000E+0	4.999986719E+4	1.667699000E+3
2.192860000E-4	-4.747530000E-5	3.918700000E+0	4.999986719E+4	1.670100000E+3
2.187500000E-4	-4.956150000E-5	3.929700000E+0	4.999986719E+4	1.672695000E+3
2.166640000E-4	-5.295900000E-5	3.941800000E+0	4.999986719E+4	1.674677000E+3
2.171410000E-4	-4.819060000E-5	3.951900000E+0	4.999986719E+4	1.676641000E+3
2.183030000E-4	-5.510470000E-5	3.963000000E+0	4.999986719E+4	1.679509000E+3
2.163960000E-4	-5.549220000E-5	3.975900000E+0	4.999986719E+4	1.681724000E+3
2.172900000E-4	-5.203510000E-5	3.986000000E+0	4.999986719E+4	1.683570000E+3
2.194350000E-4	-5.164770000E-5	3.997600000E+0	4.999986719E+4	1.686022000E+3
2.200020000E-4	-5.087280000E-5	4.011200000E+0	4.999986719E+4	1.688790000E+3
2.217300000E-4	-5.635640000E-5	4.022600000E+0	4.999986719E+4	1.691190000E+3
2.209260000E-4	-5.444910000E-5	4.032800000E+0	4.999986719E+4	1.692789000E+3
2.224450000E-4	-5.736970000E-5	4.043900000E+0	4.999986719E+4	1.695451000E+3
2.225940000E-4	-5.510470000E-5	4.056300000E+0	4.999986719E+4	1.697473000E+3
2.223260000E-4	-5.280990000E-5	4.069000000E+0	4.999986719E+4	1.700250000E+3
2.232200000E-4	-5.501530000E-5	4.079500000E+0	4.999986719E+4	1.702253000E+3
2.208960000E-4	-5.352520000E-5	4.091600000E+0	4.999986719E+4	1.705237000E+3
2.216710000E-4	-4.699850000E-5	4.103500000E+0	4.999986719E+4	1.706786000E+3
2.237870000E-4	-5.140920000E-5	4.114800000E+0	4.999986719E+4	1.709602000E+3
2.201510000E-4	-5.227350000E-5	4.127200000E+0	4.999986719E+4	1.711580000E+3
2.196740000E-4	-5.218410000E-5	4.139900000E+0	4.999986719E+4	1.714423000E+3
2.178860000E-4	-5.111120000E-5	4.150700000E+0	4.999986719E+4	1.716797000E+3
2.220580000E-4	-5.319740000E-5	4.162600000E+0	4.999986719E+4	1.718521000E+3
2.232200000E-4	-4.708790000E-5	4.174600000E+0	4.999986719E+4	1.721385000E+3
2.238160000E-4	-4.866740000E-5	4.184800000E+0	4.999986719E+4	1.723803000E+3
2.206280000E-4	-5.415110000E-5	4.195800000E+0	4.999986719E+4	1.725351000E+3
2.191670000E-4	-4.643230000E-5	4.206900000E+0	4.999986719E+4	1.727877000E+3
2.214920000E-4	-4.592560000E-5	4.217200000E+0	4.999986719E+4	1.730346000E+3
2.223260000E-4	-5.179670000E-5	4.231600000E+0	4.999986719E+4	1.732379000E+3
2.200610000E-4	-4.509110000E-5	4.242900000E+0	4.999986719E+4	1.735266000E+3
2.210450000E-4	-4.780320000E-5	4.254100000E+0	4.999986719E+4	1.737220000E+3
2.180940000E-4	-4.985950000E-5	4.264400000E+0	4.999986719E+4	1.739785000E+3
2.210750000E-4	-5.087280000E-5	4.275900000E+0	4.999986719E+4	1.741765000E+3
2.191670000E-4	-4.944230000E-5	4.287100000E+0	4.999986719E+4	1.743736000E+3
2.204490000E-4	-4.982970000E-5	4.297600000E+0	4.999986719E+4	1.746207000E+3
2.210750000E-4	-4.825020000E-5	4.309400000E+0	4.999986719E+4	1.748155000E+3
2.205080000E-4	-4.714750000E-5	4.321000000E+0	4.999986719E+4	1.750986000E+3
2.186010000E-4	-5.286960000E-5	4.332200000E+0	4.999986719E+4	1.752984000E+3
2.191970000E-4	-4.878660000E-5	4.342700000E+0	4.999986719E+4	1.754928000E+3
2.190780000E-4	-5.015750000E-5	4.356800000E+0	4.999986719E+4	1.757784000E+3
2.183030000E-4	-5.593920000E-5	4.367300000E+0	4.999986719E+4	1.760280000E+3
2.200910000E-4	-5.143900000E-5	4.377400000E+0	4.999986719E+4	1.762013000E+3
2.174980000E-4	-5.078340000E-5	4.389500000E+0	4.999986719E+4	1.764408000E+3
2.188100000E-4	-4.601500000E-5	4.399900000E+0	4.999986719E+4	1.766807000E+3
2.209850000E-4	-4.696870000E-5	4.410000000E+0	4.999986719E+4	1.768447000E+3
2.194650000E-4	-5.400200000E-5	4.420100000E+0	4.999986719E+4	1.770801000E+3
2.209550000E-4	-4.723690000E-5	4.431400000E+0	4.999986719E+4	1.772405000E+3
2.192270000E-4	-4.899530000E-5	4.442200000E+0	4.999986719E+4	1.774991000E+3
2.184820000E-4	-5.599880000E-5	4.453300000E+0	4.999986719E+4	1.777496000E+3
2.175580000E-4	-5.483650000E-5	4.465000000E+0	4.999986719E+4	1.779089000E+3
2.163360000E-4	-5.403180000E-5	4.476500000E+0	4.999986719E+4	1.781855000E+3
2.166640000E-4	-5.015750000E-5	4.486600000E+0	4.999986719E+4	1.783854000E+3
2.178560000E-4	-5.233310000E-5	4.496800000E+0	4.999986719E+4	1.785496000E+3
2.161270000E-4	-5.590940000E-5	4.507600000E+0	4.999986719E+4	1.787871000E+3
2.166640000E-4	-4.896540000E-5	4.518300000E+0	4.999986719E+4	1.790263000E+3
2.131770000E-4	-5.704190000E-5	4.530600000E+0	4.999986719E+4	1.792293000E+3
2.199720000E-4	-4.830980000E-5	4.540700000E+0	4.999986719E+4	1.794691000E+3
2.175280000E-4	-5.218410000E-5	4.552300000E+0	4.999986719E+4	1.797065000E+3
2.193160000E-4	-5.728030000E-5	4.562600000E+0	4.999986719E+4	1.798711000E+3
2.169320000E-4	-5.614780000E-5	4.575600000E+0	4.999986719E+4	1.801726000E+3
2.179750000E-4	-5.459810000E-5	4.585600000E+0	4.999986719E+4	1.803784000E+3
2.203000000E-4	-5.361460000E-5	4.596500000E+0	4.999986719E+4	1.805380000E+3
2.181840000E-4	-5.543260000E-5	4.607200000E+0	4.999986719E+4	1.807738000E+3
2.182730000E-4	-5.906840000E-5	4.617800000E+0	4.999986719E+4	1.809770000E+3
2.187500000E-4	-5.671410000E-5	4.629300000E+0	4.999986719E+4	1.812579000E+3
2.196740000E-4	-5.483650000E-5	4.640600000E+0	4.999986719E+4	1.814688000E+3
2.222670000E-4	-5.263110000E-5	4.651400000E+0	4.999986719E+4	1.816793000E+3
2.198530000E-4	-5.516430000E-5	4.661800000E+0	4.999986719E+4	1.818868000E+3
2.221180000E-4	-5.346560000E-5	4.672300000E+0	4.999986719E+4	1.821191000E+3
2.254850000E-4	-5.701210000E-5	4.682900000E+0	4.999986719E+4	1.822797000E+3
2.215510000E-4	-5.412130000E-5	4.693800000E+0	4.999986719E+4	1.825189000E+3
2.235180000E-4	-5.015750000E-5	4.706100000E+0	4.999986719E+4	1.827998000E+3
2.231310000E-4	-5.257150000E-5	4.716500000E+0	4.999986719E+4	1.829630000E+3
2.247100000E-4	-5.611800000E-5	4.726600000E+0	4.999986719E+4	1.831601000E+3
2.234590000E-4	-4.577660000E-5	4.737200000E+0	4.999986719E+4	1.834010000E+3
2.222670000E-4	-5.403180000E-5	4.747300000E+0	4.999986719E+4	1.835996000E+3
2.218790000E-4	-5.006810000E-5	4.758900000E+0	4.999986719E+4	1.837979000E+3
2.214320000E-4	-5.698230000E-5	4.769800000E+0	4.999986719E+4	1.840626000E+3
2.245320000E-4	-4.968070000E-5	4.781000000E+0	4.999986719E+4	1.842507000E+3
2.250080000E-4	-5.021710000E-5	4.793200000E+0	4.999986719E+4	1.845353000E+3
2.250380000E-4	-4.908470000E-5	4.804200000E+0	4.999986719E+4	1.847466000E+3
2.284360000E-4	-4.953170000E-5	4.816800000E+0	4.999986719E+4	1.849480000E+3
2.242340000E-4	-4.902510000E-5	4.827000000E+0	4.999986719E+4	1.851884000E+3
2.238760000E-4	-5.120060000E-5	4.837500000E+0	4.999986719E+4	1.853859000E+3
2.219980000E-4	-5.048540000E-5	4.848100000E+0	4.999986719E+4	1.856439000E+3
2.231010000E-4	-4.667070000E-5	4.859600000E+0	4.999986719E+4	1.858051000E+3
2.217000000E-4	-4.836940000E-5	4.871500000E+0	4.999986719E+4	1.860817000E+3
2.208060000E-4	-5.012770000E-5	4.882100000E+0	4.999986719E+4	1.863216000E+3
2.235480000E-4	-5.045560000E-5	4.894300000E+0	4.999986719E+4	1.864929000E+3
2.214020000E-4	-4.979990000E-5	4.905900000E+0	4.999986719E+4	1.867727000E+3
2.246510000E-4	-5.397220000E-5	4.916000000E+0	4.999986719E+4	1.869737000E+3
2.226240000E-4	-5.078340000E-5	4.929400000E+0	4.999986719E+4	1.872174000E+3
2.227430000E-4	-5.036620000E-5	4.942100000E+0	4.999986719E+4	1.874932000E+3
2.220580000E-4	-5.266090000E-5	4.953000000E+0	4.999986719E+4	1.877324000E+3
2.205980000E-4	-4.780320000E-5	4.964500000E+0	4.999986719E+4	1.878918000E+3
2.240250000E-4	-4.577660000E-5	4.977000000E+0	4.999986719E+4	1.881717000E+3
2.236970000E-4	-4.550840000E-5	4.988100000E+0	4.999986719E+4	1.883866000E+3
2.224450000E-4	-4.950190000E-5	4.998200000E+0	4.999986719E+4	1.886273000E+3
2.215220000E-4	-5.421070000E-5	5.009700000E+0	4.999986719E+4	1.888295000E+3
2.216410000E-4	-5.179670000E-5	5.020600000E+0	4.999986719E+4	1.890314000E+3
2.214020000E-4	-5.370400000E-5	5.032100000E+0	4.999986719E+4	1.893059000E+3
2.161270000E-4	-6.115480000E-5	5.043000000E+0	4.999986719E+4	1.895053000E+3
2.206870000E-4	-5.313780000E-5	5.054700000E+0	4.999986719E+4	1.897215000E+3
2.186010000E-4	-5.796570000E-5	5.066100000E+0	4.999986719E+4	1.899612000E+3
2.228330000E-4	-5.534310000E-5	5.076400000E+0	4.999986719E+4	1.902112000E+3
2.245910000E-4	-5.584980000E-5	5.087100000E+0	4.999986719E+4	1.903729000E+3
2.247100000E-4	-5.629680000E-5	5.097900000E+0	4.999986719E+4	1.905729000E+3
2.250680000E-4	-5.370400000E-5	5.108300000E+0	4.999986719E+4	1.908120000E+3
2.239950000E-4	-5.835320000E-5	5.120200000E+0	4.999986719E+4	1.911000000E+3
2.240550000E-4	-5.027680000E-5	5.131000000E+0	4.999986719E+4	1.912515000E+3
2.242930000E-4	-5.471730000E-5	5.141600000E+0	4.999986719E+4	1.914721000E+3
2.259320000E-4	-5.102180000E-5	5.153300000E+0	4.999986719E+4	1.917491000E+3
2.257240000E-4	-5.278010000E-5	5.164100000E+0	4.999986719E+4	1.919131000E+3
2.240850000E-4	-5.123040000E-5	5.175500000E+0	4.999986719E+4	1.921858000E+3
2.259920000E-4	-5.367420000E-5	5.186200000E+0	4.999986719E+4	1.923857000E+3
2.282270000E-4	-5.289940000E-5	5.198400000E+0	4.999986719E+4	1.925916000E+3
2.255150000E-4	-4.994890000E-5	5.209100000E+0	4.999986719E+4	1.928281000E+3
2.249190000E-4	-4.902510000E-5	5.220700000E+0	4.999986719E+4	1.930412000E+3
2.256940000E-4	-5.430010000E-5	5.231100000E+0	4.999986719E+4	1.932806000E+3
2.237570000E-4	-5.075360000E-5	5.243700000E+0	4.999986719E+4	1.935200000E+3
2.282570000E-4	-5.197550000E-5	5.254200000E+0	4.999986719E+4	1.937236000E+3
2.247400000E-4	-4.947210000E-5	5.264900000E+0	4.999986719E+4	1.939601000E+3
2.270950000E-4	-5.441930000E-5	5.275400000E+0	4.999986719E+4	1.941241000E+3
2.281680000E-4	-5.680350000E-5	5.286300000E+0	4.999986719E+4	1.943614000E+3
2.273630000E-4	-5.725050000E-5	5.296800000E+0	4.999986719E+4	1.945689000E+3
2.288230000E-4	-5.424050000E-5	5.307400000E+0	4.999986719E+4	1.948169000E+3
2.225650000E-4	-6.061820000E-5	5.318600000E+0	4.999986719E+4	1.950268000E+3
2.248590000E-4	-5.406160000E-5	5.330900000E+0	4.999986719E+4	1.952269000E+3
2.253060000E-4	-5.540280000E-5	5.341000000E+0	4.999986719E+4	1.954653000E+3
2.280180000E-4	-5.719090000E-5	5.351100000E+0	4.999986719E+4	1.957067000E+3
2.268560000E-4	-5.674390000E-5	5.361800000E+0	4.999986719E+4	1.958666000E+3
2.253360000E-4	-5.385300000E-5	5.372200000E+0	4.999986719E+4	1.960669000E+3
2.264690000E-4	-5.725050000E-5	5.382400000E+0	4.999986719E+4	1.962685000E+3
2.273630000E-4	-5.564120000E-5	5.393700000E+0	4.999986719E+4	1.965554000E+3
2.254560000E-4	-5.626700000E-5	5.404700000E+0	4.999986719E+4	1.967535000E+3
2.253060000E-4	-5.701210000E-5	5.417400000E+0	4.999986719E+4	1.970005000E+3
2.275420000E-4	-5.942610000E-5	5.428400000E+0	4.999986719E+4	1.971997000E+3
2.292700000E-4	-5.596900000E-5	5.441500000E+0	4.999986719E+4	1.974811000E+3
2.294490000E-4	-5.680350000E-5	5.452400000E+0	4.999986719E+4	1.976804000E+3
2.288830000E-4	-5.781670000E-5	5.464600000E+0	4.999986719E+4	1.979369000E+3
2.271840000E-4	-6.011150000E-5	5.477200000E+0	4.999986719E+4	1.982147000E+3
2.285550000E-4	-5.358480000E-5	5.489700000E+0	4.999986719E+4	1.984210000E+3
2.276010000E-4	-5.579020000E-5	5.501400000E+0	4.999986719E+4	1.986537000E+3
2.280180000E-4	-5.272050000E-5	5.512600000E+0	4.999986719E+4	1.989349000E+3
2.247400000E-4	-5.349540000E-5	5.525100000E+0	4.999986719E+4	1.991435000E+3
2.262900000E-4	-5.540280000E-5	5.537700000E+0	4.999986719E+4	1.993761000E+3
2.269460000E-4	-5.823400000E-5	5.547900000E+0	4.999986719E+4	1.996167000E+3
2.273330000E-4	-5.704190000E-5	5.560500000E+0	4.999986719E+4	1.998552000E+3
2.256340000E-4	-5.728030000E-5	5.572300000E+0	4.999986719E+4	2.000667000E+3
2.249190000E-4	-5.775710000E-5	5.583300000E+0	4.999986719E+4	2.003093000E+3
2.242930000E-4	-5.403180000E-5	5.593400000E+0	4.999986719E+4	2.005468000E+3
2.249790000E-4	-5.069400000E-5	5.604600000E+0	4.999986719E+4	2.007071000E+3
2.264690000E-4	-5.459810000E-5	5.615400000E+0	4.999986719E+4	2.009597000E+3
2.247700000E-4	-5.650540000E-5	5.626800000E+0	4.999986719E+4	2.011999000E+3
2.248590000E-4	-5.760810000E-5	5.638200000E+0	4.999986719E+4	2.014003000E+3
2.237570000E-4	-5.334640000E-5	5.648900000E+0	4.999986719E+4	2.016428000E+3
2.268560000E-4	-5.543260000E-5	5.660900000E+0	4.999986719E+4	2.018458000E+3
2.245910000E-4	-5.149860000E-5	5.671500000E+0	4.999986719E+4	2.020802000E+3
2.258430000E-4	-5.295900000E-5	5.683200000E+0	4.999986719E+4	2.023220000E+3
2.254560000E-4	-5.346560000E-5	5.694000000E+0	4.999986719E+4	2.024803000E+3
2.251280000E-4	-5.662460000E-5	5.706200000E+0	4.999986719E+4	2.027609000E+3
2.251870000E-4	-5.337620000E-5	5.718000000E+0	4.999986719E+4	2.030156000E+3
2.273330000E-4	-5.266090000E-5	5.731000000E+0	4.999986719E+4	2.032683000E+3
2.260220000E-4	-4.768390000E-5	5.741100000E+0	4.999986719E+4	2.034318000E+3
2.273330000E-4	-5.158810000E-5	5.751800000E+0	4.999986719E+4	2.036693000E+3
2.245020000E-4	-4.750510000E-5	5.762300000E+0	4.999986719E+4	2.038713000E+3
2.236380000E-4	-4.479310000E-5	5.772500000E+0	4.999986719E+4	2.041141000E+3
2.223860000E-4	-5.248210000E-5	5.783900000E+0	4.999986719E+4	2.043098000E+3
2.182140000E-4	-5.894920000E-5	5.794600000E+0	4.999986719E+4	2.045493000E+3
2.164250000E-4	-5.921740000E-5	5.805300000E+0	4.999986719E+4	2.047485000E+3
2.231010000E-4	-5.975390000E-5	5.816400000E+0	4.999986719E+4	2.049879000E+3
2.214020000E-4	-5.796570000E-5	5.828500000E+0	4.999986719E+4	2.051893000E+3
2.228330000E-4	-5.832340000E-5	5.842100000E+0	4.999986719E+4	2.054825000E+3
2.212530000E-4	-5.713130000E-5	5.853800000E+0	4.999986719E+4	2.057204000E+3
2.220280000E-4	-5.909820000E-5	5.867600000E+0	4.999986719E+4	2.060049000E+3
2.216110000E-4	-5.507490000E-5	5.877800000E+0	4.999986719E+4	2.061620000E+3
2.221470000E-4	-5.218410000E-5	5.887800000E+0	4.999986719E+4	2.064021000E+3
2.225940000E-4	-5.626700000E-5	5.898400000E+0	4.999986719E+4	2.066055000E+3
2.182730000E-4	-5.456830000E-5	5.909200000E+0	4.999986719E+4	2.068585000E+3
2.175880000E-4	-5.862140000E-5	5.919500000E+0	4.999986719E+4	2.070219000E+3
2.180650000E-4	-5.504510000E-5	5.929700000E+0	4.999986719E+4	2.072560000E+3
2.178260000E-4	-5.677370000E-5	5.940300000E+0	4.999986719E+4	2.074550000E+3
2.173190000E-4	-5.552200000E-5	5.951700000E+0	4.999986719E+4	2.076950000E+3
2.198230000E-4	-5.668430000E-5	5.962100000E+0	4.999986719E+4	2.078549000E+3
2.169620000E-4	-6.023070000E-5	5.974800000E+0	4.999986719E+4	2.081351000E+3
2.178260000E-4	-5.963470000E-5	5.985500000E+0	4.999986719E+4	2.083331000E+3
2.182730000E-4	-5.558160000E-5	5.997100000E+0	4.999986719E+4	2.086187000E+3
2.180350000E-4	-5.483650000E-5	6.008700000E+0	4.999986719E+4	2.088126000E+3
2.188100000E-4	-5.593920000E-5	6.020300000E+0	4.999986719E+4	2.090273000E+3
2.193460000E-4	-5.641600000E-5	6.031500000E+0	4.999986719E+4	2.092865000E+3
2.174090000E-4	-5.352520000E-5	6.042000000E+0	4.999986719E+4	2.095253000E+3
2.150250000E-4	-5.605840000E-5	6.053500000E+0	4.999986719E+4	2.096826000E+3
2.180650000E-4	-5.733990000E-5	6.065500000E+0	4.999986719E+4	2.099638000E+3
2.176470000E-4	-5.561140000E-5	6.075900000E+0	4.999986719E+4	2.101626000E+3
2.175280000E-4	-5.647560000E-5	6.086300000E+0	4.999986719E+4	2.104011000E+3
2.180940000E-4	-5.352520000E-5	6.098000000E+0	4.999986719E+4	2.105614000E+3
2.177670000E-4	-5.316760000E-5	6.110300000E+0	4.999986719E+4	2.108413000E+3
2.172000000E-4	-5.248210000E-5	6.122400000E+0	4.999986719E+4	2.110866000E+3
2.187800000E-4	-5.418090000E-5	6.132500000E+0	4.999986719E+4	2.113411000E+3
2.186610000E-4	-5.364440000E-5	6.144000000E+0	4.999986719E+4	2.114942000E+3
2.168430000E-4	-5.376360000E-5	6.156400000E+0	4.999986719E+4	2.117770000E+3
2.164250000E-4	-5.465770000E-5	6.168000000E+0	4.999986719E+4	2.120193000E+3
2.180350000E-4	-5.105160000E-5	6.178200000E+0	4.999986719E+4	2.122154000E+3
2.217300000E-4	-4.896540000E-5	6.190400000E+0	4.999986719E+4	2.124139000E+3
2.171410000E-4	-4.833960000E-5	6.201200000E+0	4.999986719E+4	2.126542000E+3
2.184820000E-4	-4.822040000E-5	6.212600000E+0	4.999986719E+4	2.128931000E+3
2.177370000E-4	-5.015750000E-5	6.222700000E+0	4.999986719E+4	2.131331000E+3
2.164850000E-4	-4.977010000E-5	6.233900000E+0	4.999986719E+4	2.133240000E+3
2.182730000E-4	-5.182650000E-5	6.244200000E+0	4.999986719E+4	2.135171000E+3
2.196740000E-4	-4.613420000E-5	6.254800000E+0	4.999986719E+4	2.137583000E+3
2.176770000E-4	-5.358480000E-5	6.266100000E+0	4.999986719E+4	2.139906000E+3
2.165150000E-4	-5.224370000E-5	6.276500000E+0	4.999986719E+4	2.141522000E+3
2.113290000E-4	-5.704190000E-5	6.286700000E+0	4.999986719E+4	2.143521000E+3
2.166940000E-4	-5.298880000E-5	6.298300000E+0	4.999986719E+4	2.146281000E+3
2.174090000E-4	-4.816080000E-5	6.309100000E+0	4.999986719E+4	2.148448000E+3
2.160080000E-4	-5.480670000E-5	6.321400000E+0	4.999986719E+4	2.150473000E+3
2.129680000E-4	-4.902510000E-5	6.333000000E+0	4.999986719E+4	2.153230000E+3
2.160680000E-4	-5.283980000E-5	6.344200000E+0	4.999986719E+4	2.155627000E+3
2.150840000E-4	-4.985950000E-5	6.355400000E+0	4.999986719E+4	2.157230000E+3
2.169020000E-4	-5.218410000E-5	6.368700000E+0	4.999986719E+4	2.160183000E+3
2.177370000E-4	-5.325700000E-5	6.379400000E+0	4.999986719E+4	2.162191000E+3
2.160680000E-4	-5.343580000E-5	6.390600000E+0	4.999986719E+4	2.164633000E+3
2.146670000E-4	-5.263110000E-5	6.402500000E+0	4.999986719E+4	2.167346000E+3
2.134750000E-4	-5.182650000E-5	6.415700000E+0	4.999986719E+4	2.169523000E+3
2.135940000E-4	-5.143900000E-5	6.425800000E+0	4.999986719E+4	2.171595000E+3
2.135350000E-4	-5.972410000E-5	6.436600000E+0	4.999986719E+4	2.173929000E+3
2.142800000E-4	-5.328680000E-5	6.447900000E+0	4.999986719E+4	2.175901000E+3
2.149050000E-4	-5.802540000E-5	6.458900000E+0	4.999986719E+4	2.177899000E+3
2.179450000E-4	-5.510470000E-5	6.470600000E+0	4.999986719E+4	2.180714000E+3
2.183920000E-4	-5.108140000E-5	6.481000000E+0	4.999986719E+4	2.183122000E+3
2.162170000E-4	-5.728030000E-5	6.493200000E+0	4.999986719E+4	2.184703000E+3
2.153530000E-4	-5.459810000E-5	6.504400000E+0	4.999986719E+4	2.187541000E+3
2.127600000E-4	-5.364440000E-5	6.515600000E+0	4.999986719E+4	2.189488000E+3
2.160980000E-4	-5.200530000E-5	6.526700000E+0	4.999986719E+4	2.191964000E+3
2.158290000E-4	-5.573060000E-5	6.536900000E+0	4.999986719E+4	2.193909000E+3
2.154720000E-4	-5.620740000E-5	6.549300000E+0	4.999986719E+4	2.196294000E+3
2.166040000E-4	-5.877040000E-5	6.560000000E+0	4.999986719E+4	2.198294000E+3
2.174390000E-4	-5.620740000E-5	6.570300000E+0	4.999986719E+4	2.200336000E+3
2.206280000E-4	-5.751870000E-5	6.581600000E+0	4.999986719E+4	2.203189000E+3
2.189290000E-4	-5.063440000E-5	6.592600000E+0	4.999986719E+4	2.205145000E+3
2.174980000E-4	-5.415110000E-5	6.604000000E+0	4.999986719E+4	2.207251000E+3
2.205680000E-4	-5.063440000E-5	6.614900000E+0	4.999986719E+4	2.209637000E+3
2.193460000E-4	-5.710150000E-5	6.626600000E+0	4.999986719E+4	2.211369000E+3
2.216710000E-4	-5.123040000E-5	6.637100000E+0	4.999986719E+4	2.213790000E+3
2.190780000E-4	-4.982970000E-5	6.648400000E+0	4.999986719E+4	2.215777000E+3
2.191670000E-4	-5.319740000E-5	6.658700000E+0	4.999986719E+4	2.218165000E+3
2.182730000E-4	-5.215430000E-5	6.669000000E+0	4.999986719E+4	2.220634000E+3
2.177070000E-4	-4.711770000E-5	6.681400000E+0	4.999986719E+4	2.222576000E+3
2.180350000E-4	-4.878660000E-5	6.692400000E+0	4.999986719E+4	2.224573000E+3
2.200910000E-4	-5.081320000E-5	6.703900000E+0	4.999986719E+4	2.227041000E+3
2.179750000E-4	-4.863760000E-5	6.714400000E+0	4.999986719E+4	2.229395000E+3
2.171410000E-4	-5.006810000E-5	6.726500000E+0	4.999986719E+4	2.232172000E+3
2.163360000E-4	-5.486630000E-5	6.739100000E+0	4.999986719E+4	2.234329000E+3
2.171110000E-4	-4.988930000E-5	6.749600000E+0	4.999986719E+4	2.236457000E+3
2.219390000E-4	-4.738590000E-5	6.760000000E+0	4.999986719E+4	2.238550000E+3
2.226240000E-4	-5.048540000E-5	6.770900000E+0	4.999986719E+4	2.240842000E+3
2.221770000E-4	-4.917410000E-5	6.781200000E+0	4.999986719E+4	2.242568000E+3
2.188100000E-4	-4.893560000E-5	6.793400000E+0	4.999986719E+4	2.244913000E+3
2.202400000E-4	-5.382320000E-5	6.803700000E+0	4.999986719E+4	2.247296000E+3
2.195250000E-4	-5.245230000E-5	6.815600000E+0	4.999986719E+4	2.250096000E+3
2.176170000E-4	-4.863760000E-5	6.826100000E+0	4.999986719E+4	2.251649000E+3
2.186900000E-4	-4.947210000E-5	6.836200000E+0	4.999986719E+4	2.253679000E+3
2.195840000E-4	-4.595540000E-5	6.846700000E+0	4.999986719E+4	2.256151000E+3
2.188690000E-4	-4.416730000E-5	6.857000000E+0	4.999986719E+4	2.257656000E+3
2.172600000E-4	-4.565740000E-5	6.867600000E+0	4.999986719E+4	2.260086000E+3
2.178860000E-4	-4.825020000E-5	6.878300000E+0	4.999986719E+4	2.262070000E+3
2.168130000E-4	-4.622360000E-5	6.890000000E+0	4.999986719E+4	2.264495000E+3
2.174980000E-4	-5.006810000E-5	6.901100000E+0	4.999986719E+4	2.266862000E+3
2.153230000E-4	-5.427030000E-5	6.911300000E+0	4.999986719E+4	2.268468000E+3
2.166940000E-4	-5.099200000E-5	6.921500000E+0	4.999986719E+4	2.270917000E+3
2.160080000E-4	-5.257150000E-5	6.932200000E+0	4.999986719E+4	2.272886000E+3
2.157100000E-4	-5.066420000E-5	6.944100000E+0	4.999986719E+4	2.275441000E+3
2.140110000E-4	-4.854820000E-5	6.956900000E+0	4.999986719E+4	2.277832000E+3
2.180940000E-4	-5.099200000E-5	6.968800000E+0	4.999986719E+4	2.279865000E+3
2.164850000E-4	-4.395870000E-5	6.979600000E+0	4.999986719E+4	2.282219000E+3
2.143990000E-4	-4.875680000E-5	6.990700000E+0	4.999986719E+4	2.284603000E+3
2.153530000E-4	-4.273680000E-5	7.001900000E+0	4.999986719E+4	2.287130000E+3
2.170810000E-4	-4.965090000E-5	7.012100000E+0	4.999986719E+4	2.288756000E+3
2.148460000E-4	-4.765410000E-5	7.022800000E+0	4.999986719E+4	2.290786000E+3
2.160980000E-4	-4.783300000E-5	7.034300000E+0	4.999986719E+4	2.293148000E+3
2.143990000E-4	-4.816080000E-5	7.045700000E+0	4.999986719E+4	2.295979000E+3
2.186310000E-4	-4.279640000E-5	7.057200000E+0	4.999986719E+4	2.297938000E+3
2.167530000E-4	-4.124660000E-5	7.067700000E+0	4.999986719E+4	2.299931000E+3
2.172300000E-4	-4.312420000E-5	7.078000000E+0	4.999986719E+4	2.302059000E+3
2.157100000E-4	-4.684950000E-5	7.088600000E+0	4.999986719E+4	2.304594000E+3
2.187200000E-4	-4.747530000E-5	7.099100000E+0	4.999986719E+4	2.306164000E+3
2.185710000E-4	-5.060460000E-5	7.109300000E+0	4.999986719E+4	2.308511000E+3
2.169320000E-4	-5.325700000E-5	7.121000000E+0	4.999986719E+4	2.310490000E+3
2.196740000E-4	-4.622360000E-5	7.132200000E+0	4.999986719E+4	2.312870000E+3
2.182140000E-4	-5.143900000E-5	7.142400000E+0	4.999986719E+4	2.315267000E+3
2.205080000E-4	-4.902510000E-5	7.153400000E+0	4.999986719E+4	2.317023000E+3
2.180050000E-4	-4.562760000E-5	7.164000000E+0	4.999986719E+4	2.319025000E+3
2.152630000E-4	-4.753490000E-5	7.174700000E+0	4.999986719E+4	2.321469000E+3
2.173790000E-4	-4.550840000E-5	7.185000000E+0	4.999986719E+4	2.323806000E+3
2.160680000E-4	-5.236290000E-5	7.197100000E+0	4.999986719E+4	2.325832000E+3
2.158890000E-4	-4.902510000E-5	7.208300000E+0	4.999986719E+4	2.327804000E+3
2.160680000E-4	-4.550840000E-5	7.220200000E+0	4.999986719E+4	2.330245000E+3
2.164850000E-4	-3.778960000E-5	7.232100000E+0	4.999986719E+4	2.332993000E+3
2.147860000E-4	-5.158810000E-5	7.245200000E+0	4.999986719E+4	2.335799000E+3
2.154120000E-4	-4.917410000E-5	7.257100000E+0	4.999986719E+4	2.337804000E+3
2.146370000E-4	-4.991910000E-5	7.268200000E+0	4.999986719E+4	2.340188000E+3
2.127000000E-4	-4.631300000E-5	7.278400000E+0	4.999986719E+4	2.342592000E+3
2.138330000E-4	-4.902510000E-5	7.290000000E+0	4.999986719E+4	2.344228000E+3
2.133860000E-4	-5.447890000E-5	7.303000000E+0	4.999986719E+4	2.346978000E+3
2.158290000E-4	-4.878660000E-5	7.313300000E+0	4.999986719E+4	2.349144000E+3
2.150250000E-4	-4.974030000E-5	7.324500000E+0	4.999986719E+4	2.351573000E+3
2.152040000E-4	-4.497190000E-5	7.336900000E+0	4.999986719E+4	2.353930000E+3
2.125510000E-4	-4.309440000E-5	7.348500000E+0	4.999986719E+4	2.355965000E+3
2.145780000E-4	-4.467390000E-5	7.360800000E+0	4.999986719E+4	2.358710000E+3
2.127600000E-4	-4.798200000E-5	7.372900000E+0	4.999986719E+4	2.361120000E+3
2.161570000E-4	-4.428650000E-5	7.385000000E+0	4.999986719E+4	2.363611000E+3
2.134450000E-4	-4.398850000E-5	7.396700000E+0	4.999986719E+4	2.365567000E+3
2.124020000E-4	-4.768390000E-5	7.407400000E+0	4.999986719E+4	2.367710000E+3
2.126110000E-4	-4.762430000E-5	7.418300000E+0	4.999986719E+4	2.370133000E+3
2.121040000E-4	-4.944230000E-5	7.428900000E+0	4.999986719E+4	2.372479000E+3
2.154420000E-4	-4.550840000E-5	7.439300000E+0	4.999986719E+4	2.374585000E+3
2.137130000E-4	-4.655150000E-5	7.451100000E+0	4.999986719E+4	2.376648000E+3
2.128190000E-4	-4.652170000E-5	7.463000000E+0	4.999986719E+4	2.379031000E+3
2.129090000E-4	-5.021710000E-5	7.473800000E+0	4.999986719E+4	2.381472000E+3
2.152040000E-4	-4.819060000E-5	7.485700000E+0	4.999986719E+4	2.383404000E+3
2.135050000E-4	-4.732630000E-5	7.496000000E+0	4.999986719E+4	2.385477000E+3
2.145180000E-4	-4.470370000E-5	7.506500000E+0	4.999986719E+4	2.388620000E+3
