20240415a_HM449HfTa4Zr_chiAC_vs_T_B_2.001.txt Tue, Apr 15, 2025 4:15:35 PM Juan Gabe
Magnet: None
Trigger spacing of 0.010000 on column #3
Offsets:	0.000000000E+0	0.000000000E+0	0.000000000E+0	0.000000000E+0	0.000000000E+0

Scale Factors:	1.000000000E+0	1.000000000E+0	1.000000000E+0	1.000000000E+0	1.000000000E+0

20000 Oe (2 T)
Lockin_V_001	Chan2_V_001	Temperture_001	Field_001	Timestamp_001
-2.364080000E-5	-6.645950000E-6	7.501100000E+0	1.999967578E+4	3.200000000E-2
-2.293300000E-5	-6.295770000E-6	7.490300000E+0	1.999967578E+4	4.393200000E+1
-2.299260000E-5	-6.586340000E-6	7.478300000E+0	1.999967578E+4	4.596300000E+1
-2.280630000E-5	-6.355370000E-6	7.466700000E+0	1.999967578E+4	4.753800000E+1
-2.281380000E-5	-6.422430000E-6	7.456500000E+0	1.999967578E+4	4.955100000E+1
-2.226990000E-5	-6.295770000E-6	7.444600000E+0	1.999967578E+4	5.202100000E+1
-2.253070000E-5	-6.511840000E-6	7.433800000E+0	1.999967578E+4	5.393300000E+1
-2.241150000E-5	-6.444780000E-6	7.423000000E+0	1.999967578E+4	5.599800000E+1
-2.282120000E-5	-6.467130000E-6	7.411300000E+0	1.999967578E+4	5.896100000E+1
-2.311930000E-5	-6.593790000E-6	7.400200000E+0	1.999967578E+4	6.085500000E+1
-2.273930000E-5	-6.526740000E-6	7.388700000E+0	1.999967578E+4	6.287900000E+1
-2.302990000E-5	-6.563990000E-6	7.376700000E+0	1.999967578E+4	6.531900000E+1
-2.262010000E-5	-6.526740000E-6	7.365600000E+0	1.999967578E+4	6.807600000E+1
-2.285850000E-5	-6.243620000E-6	7.354200000E+0	1.999967578E+4	7.009300000E+1
-2.326080000E-5	-6.645950000E-6	7.344100000E+0	1.999967578E+4	7.181800000E+1
-2.319380000E-5	-6.221260000E-6	7.332700000E+0	1.999967578E+4	7.424000000E+1
-2.322360000E-5	-6.027550000E-6	7.322600000E+0	1.999967578E+4	7.622800000E+1
-2.324590000E-5	-6.020100000E-6	7.311100000E+0	1.999967578E+4	7.900600000E+1
-2.293300000E-5	-5.960490000E-6	7.299200000E+0	1.999967578E+4	8.105000000E+1
-2.282120000E-5	-6.146760000E-6	7.286900000E+0	1.999967578E+4	8.298100000E+1
-2.264990000E-5	-6.191460000E-6	7.275300000E+0	1.999967578E+4	8.584500000E+1
-2.290320000E-5	-6.213810000E-6	7.264100000E+0	1.999967578E+4	8.829200000E+1
-2.338000000E-5	-6.161660000E-6	7.252400000E+0	1.999967578E+4	9.019500000E+1
-2.337260000E-5	-6.161660000E-6	7.241600000E+0	1.999967578E+4	9.226900000E+1
-2.303730000E-5	-6.340470000E-6	7.228700000E+0	1.999967578E+4	9.502800000E+1
-2.318630000E-5	-6.303220000E-6	7.216400000E+0	1.999967578E+4	9.739200000E+1
-2.304480000E-5	-6.563990000E-6	7.204500000E+0	1.999967578E+4	1.002420000E+2
-2.305220000E-5	-6.400080000E-6	7.193800000E+0	1.999967578E+4	1.017800000E+2
-2.272440000E-5	-6.213810000E-6	7.183600000E+0	1.999967578E+4	1.042590000E+2
-2.229970000E-5	-6.251070000E-6	7.172100000E+0	1.999967578E+4	1.062150000E+2
-2.256050000E-5	-6.191460000E-6	7.160900000E+0	1.999967578E+4	1.086530000E+2
-2.206870000E-5	-6.072250000E-6	7.150400000E+0	1.999967578E+4	1.109710000E+2
-2.210600000E-5	-5.997750000E-6	7.138400000E+0	1.999967578E+4	1.129760000E+2
-2.242640000E-5	-5.900890000E-6	7.128100000E+0	1.999967578E+4	1.149770000E+2
-2.264990000E-5	-6.116960000E-6	7.117500000E+0	1.999967578E+4	1.173840000E+2
-2.275420000E-5	-6.169110000E-6	7.107300000E+0	1.999967578E+4	1.195030000E+2
-2.218790000E-5	-6.049900000E-6	7.096500000E+0	1.999967578E+4	1.215520000E+2
-2.291070000E-5	-6.198910000E-6	7.084900000E+0	1.999967578E+4	1.235340000E+2
-2.259770000E-5	-6.400080000E-6	7.072600000E+0	1.999967578E+4	1.263410000E+2
-2.266480000E-5	-6.355370000E-6	7.062400000E+0	1.999967578E+4	1.283340000E+2
-2.292560000E-5	-6.474580000E-6	7.050300000E+0	1.999967578E+4	1.309100000E+2
-2.267970000E-5	-6.437330000E-6	7.040100000E+0	1.999967578E+4	1.324670000E+2
-2.273180000E-5	-6.280870000E-6	7.028300000E+0	1.999967578E+4	1.350290000E+2
-2.204640000E-5	-6.176560000E-6	7.016000000E+0	1.999967578E+4	1.373980000E+2
-2.242640000E-5	-6.534190000E-6	7.005400000E+0	1.999967578E+4	1.397900000E+2
-2.250090000E-5	-6.243620000E-6	6.993400000E+0	1.999967578E+4	1.423370000E+2
-2.261260000E-5	-6.541640000E-6	6.982400000E+0	1.999967578E+4	1.439520000E+2
-2.238170000E-5	-6.340470000E-6	6.970600000E+0	1.999967578E+4	1.467790000E+2
-2.273930000E-5	-6.526740000E-6	6.959900000E+0	1.999967578E+4	1.488380000E+2
-2.255300000E-5	-6.556540000E-6	6.946400000E+0	1.999967578E+4	1.512280000E+2
-2.259030000E-5	-6.407530000E-6	6.936100000E+0	1.999967578E+4	1.537580000E+2
-2.258280000E-5	-6.623600000E-6	6.924200000E+0	1.999967578E+4	1.557810000E+2
-2.283610000E-5	-6.541640000E-6	6.912500000E+0	1.999967578E+4	1.583340000E+2
-2.279890000E-5	-6.765160000E-6	6.902400000E+0	1.999967578E+4	1.604470000E+2
-2.279140000E-5	-6.094600000E-6	6.889000000E+0	1.999967578E+4	1.629670000E+2
-2.291810000E-5	-6.139310000E-6	6.877700000E+0	1.999967578E+4	1.649530000E+2
-2.292560000E-5	-5.982850000E-6	6.865800000E+0	1.999967578E+4	1.673460000E+2
-2.288830000E-5	-6.042450000E-6	6.854000000E+0	1.999967578E+4	1.700950000E+2
-2.256050000E-5	-6.027550000E-6	6.843800000E+0	1.999967578E+4	1.723050000E+2
-2.267970000E-5	-6.146760000E-6	6.832400000E+0	1.999967578E+4	1.738980000E+2
-2.259770000E-5	-5.796580000E-6	6.820900000E+0	1.999967578E+4	1.764860000E+2
-2.313420000E-5	-5.707170000E-6	6.809400000E+0	1.999967578E+4	1.789740000E+2
-2.288080000E-5	-5.744430000E-6	6.798700000E+0	1.999967578E+4	1.810980000E+2
-2.273930000E-5	-5.677370000E-6	6.787500000E+0	1.999967578E+4	1.835040000E+2
-2.260520000E-5	-5.811480000E-6	6.776200000E+0	1.999967578E+4	1.853710000E+2
-2.300750000E-5	-5.543260000E-6	6.766000000E+0	1.999967578E+4	1.873930000E+2
-2.273930000E-5	-5.409150000E-6	6.755100000E+0	1.999967578E+4	1.895540000E+2
-2.327570000E-5	-5.632670000E-6	6.743200000E+0	1.999967578E+4	1.924790000E+2
-2.356630000E-5	-5.416600000E-6	6.731800000E+0	1.999967578E+4	1.945540000E+2
-2.319380000E-5	-5.640120000E-6	6.721000000E+0	1.999967578E+4	1.967330000E+2
-2.308200000E-5	-5.714620000E-6	6.710900000E+0	1.999967578E+4	1.984400000E+2
-2.305970000E-5	-6.012650000E-6	6.700200000E+0	1.999967578E+4	2.008670000E+2
-2.285850000E-5	-5.751880000E-6	6.688900000E+0	1.999967578E+4	2.026980000E+2
-2.267970000E-5	-5.587960000E-6	6.677400000E+0	1.999967578E+4	2.050930000E+2
-2.291070000E-5	-5.885990000E-6	6.667100000E+0	1.999967578E+4	2.072340000E+2
-2.289580000E-5	-5.699720000E-6	6.655000000E+0	1.999967578E+4	2.097980000E+2
-2.247110000E-5	-5.513460000E-6	6.643800000E+0	1.999967578E+4	2.123050000E+2
-2.252320000E-5	-5.736980000E-6	6.633600000E+0	1.999967578E+4	2.138770000E+2
-2.279140000E-5	-5.938140000E-6	6.621000000E+0	1.999967578E+4	2.166240000E+2
-2.270950000E-5	-5.722080000E-6	6.608900000E+0	1.999967578E+4	2.190260000E+2
-2.293300000E-5	-5.431500000E-6	6.598600000E+0	1.999967578E+4	2.212160000E+2
-2.244130000E-5	-5.200530000E-6	6.586300000E+0	1.999967578E+4	2.232260000E+2
-2.266480000E-5	-5.088780000E-6	6.574000000E+0	1.999967578E+4	2.257480000E+2
-2.276910000E-5	-5.729530000E-6	6.563700000E+0	1.999967578E+4	2.281640000E+2
-2.300750000E-5	-5.342100000E-6	6.553200000E+0	1.999967578E+4	2.304120000E+2
-2.306710000E-5	-5.342100000E-6	6.541400000E+0	1.999967578E+4	2.324300000E+2
-2.280630000E-5	-5.520910000E-6	6.531000000E+0	1.999967578E+4	2.347540000E+2
-2.235930000E-5	-5.520910000E-6	6.519400000E+0	1.999967578E+4	2.369890000E+2
-2.267220000E-5	-5.751880000E-6	6.508600000E+0	1.999967578E+4	2.389900000E+2
-2.265730000E-5	-5.640120000E-6	6.496800000E+0	1.999967578E+4	2.415050000E+2
-2.273180000E-5	-5.707170000E-6	6.483700000E+0	1.999967578E+4	2.440210000E+2
-2.292560000E-5	-5.506010000E-6	6.472000000E+0	1.999967578E+4	2.461680000E+2
-2.267220000E-5	-5.692270000E-6	6.461600000E+0	1.999967578E+4	2.485870000E+2
-2.256790000E-5	-5.587960000E-6	6.451400000E+0	1.999967578E+4	2.508570000E+2
-2.282870000E-5	-5.424050000E-6	6.440200000E+0	1.999967578E+4	2.524440000E+2
-2.291810000E-5	-5.155830000E-6	6.428200000E+0	1.999967578E+4	2.550110000E+2
-2.286590000E-5	-5.558160000E-6	6.418100000E+0	1.999967578E+4	2.574890000E+2
-2.241150000E-5	-5.513460000E-6	6.406200000E+0	1.999967578E+4	2.596490000E+2
-2.195700000E-5	-5.960490000E-6	6.394300000E+0	1.999967578E+4	2.618120000E+2
-2.186010000E-5	-6.131860000E-6	6.383300000E+0	1.999967578E+4	2.642770000E+2
-2.188990000E-5	-6.198910000E-6	6.373000000E+0	1.999967578E+4	2.659330000E+2
-2.194950000E-5	-5.818930000E-6	6.361600000E+0	1.999967578E+4	2.685520000E+2
-2.256790000E-5	-5.386800000E-6	6.351200000E+0	1.999967578E+4	2.709900000E+2
-2.229230000E-5	-5.759330000E-6	6.338500000E+0	1.999967578E+4	2.727600000E+2
-2.219540000E-5	-5.878540000E-6	6.327900000E+0	1.999967578E+4	2.752490000E+2
-2.202400000E-5	-5.669920000E-6	6.317000000E+0	1.999967578E+4	2.774160000E+2
-2.212090000E-5	-5.766780000E-6	6.305400000E+0	1.999967578E+4	2.801360000E+2
-2.211340000E-5	-5.669920000E-6	6.294600000E+0	1.999967578E+4	2.815990000E+2
-2.221030000E-5	-5.371900000E-6	6.283000000E+0	1.999967578E+4	2.843290000E+2
-2.221030000E-5	-5.386800000E-6	6.271700000E+0	1.999967578E+4	2.862630000E+2
-2.207620000E-5	-5.625220000E-6	6.261500000E+0	1.999967578E+4	2.884410000E+2
-2.194210000E-5	-5.424050000E-6	6.249300000E+0	1.999967578E+4	2.914430000E+2
-2.177070000E-5	-5.245240000E-6	6.236700000E+0	1.999967578E+4	2.934590000E+2
-2.158440000E-5	-5.349550000E-6	6.226400000E+0	1.999967578E+4	2.955280000E+2
-2.177070000E-5	-5.677370000E-6	6.214900000E+0	1.999967578E+4	2.977550000E+2
-2.147270000E-5	-5.610320000E-6	6.204300000E+0	1.999967578E+4	2.997280000E+2
-2.183780000E-5	-5.528360000E-6	6.191500000E+0	1.999967578E+4	3.026740000E+2
-2.201660000E-5	-5.438950000E-6	6.179100000E+0	1.999967578E+4	3.047950000E+2
-2.191970000E-5	-5.483660000E-6	6.169000000E+0	1.999967578E+4	3.069230000E+2
-2.205380000E-5	-5.871090000E-6	6.157600000E+0	1.999967578E+4	3.097470000E+2
-2.175580000E-5	-5.781680000E-6	6.146400000E+0	1.999967578E+4	3.112380000E+2
-2.144290000E-5	-5.729530000E-6	6.134000000E+0	1.999967578E+4	3.142380000E+2
-2.153230000E-5	-6.079700000E-6	6.122800000E+0	1.999967578E+4	3.163010000E+2
-2.121940000E-5	-5.789130000E-6	6.111300000E+0	1.999967578E+4	3.188520000E+2
-2.119700000E-5	-5.833830000E-6	6.100000000E+0	1.999967578E+4	3.205850000E+2
-2.090640000E-5	-5.997750000E-6	6.089700000E+0	1.999967578E+4	3.222620000E+2
-2.155460000E-5	-5.744430000E-6	6.078900000E+0	1.999967578E+4	3.252020000E+2
-2.168130000E-5	-5.610320000E-6	6.068500000E+0	1.999967578E+4	3.273370000E+2
-2.128640000E-5	-5.729530000E-6	6.057900000E+0	1.999967578E+4	3.289500000E+2
-2.186760000E-5	-5.923240000E-6	6.047800000E+0	1.999967578E+4	3.314680000E+2
-2.163660000E-5	-5.759330000E-6	6.035700000E+0	1.999967578E+4	3.336780000E+2
-2.175580000E-5	-5.871090000E-6	6.025100000E+0	1.999967578E+4	3.357940000E+2
-2.169620000E-5	-6.094600000E-6	6.014800000E+0	1.999967578E+4	3.378570000E+2
-2.172600000E-5	-5.833830000E-6	6.003700000E+0	1.999967578E+4	3.396260000E+2
-2.185270000E-5	-5.714620000E-6	5.991700000E+0	1.999967578E+4	3.424010000E+2
-2.194210000E-5	-5.781680000E-6	5.981200000E+0	1.999967578E+4	3.442930000E+2
-2.153230000E-5	-5.908340000E-6	5.970600000E+0	1.999967578E+4	3.473720000E+2
-2.142800000E-5	-6.042450000E-6	5.957600000E+0	1.999967578E+4	3.493220000E+2
-2.165150000E-5	-5.841280000E-6	5.947500000E+0	1.999967578E+4	3.512250000E+2
-2.157700000E-5	-6.020100000E-6	5.935100000E+0	1.999967578E+4	3.539150000E+2
-2.184520000E-5	-6.064800000E-6	5.924500000E+0	1.999967578E+4	3.561030000E+2
-2.194950000E-5	-6.005200000E-6	5.913400000E+0	1.999967578E+4	3.577320000E+2
-2.174840000E-5	-5.342100000E-6	5.901600000E+0	1.999967578E+4	3.608040000E+2
-2.155460000E-5	-5.379350000E-6	5.889900000E+0	1.999967578E+4	3.627780000E+2
-2.154720000E-5	-5.677370000E-6	5.878400000E+0	1.999967578E+4	3.649460000E+2
-2.197930000E-5	-5.736980000E-6	5.865200000E+0	1.999967578E+4	3.674990000E+2
-2.171110000E-5	-5.818930000E-6	5.854600000E+0	1.999967578E+4	3.700240000E+2
-2.224760000E-5	-5.632670000E-6	5.842500000E+0	1.999967578E+4	3.722230000E+2
-2.197190000E-5	-5.744430000E-6	5.832500000E+0	1.999967578E+4	3.746560000E+2
-2.197930000E-5	-5.506010000E-6	5.820200000E+0	1.999967578E+4	3.764260000E+2
-2.256050000E-5	-5.655020000E-6	5.808800000E+0	1.999967578E+4	3.793760000E+2
-2.258280000E-5	-5.528360000E-6	5.797500000E+0	1.999967578E+4	3.814470000E+2
-2.305970000E-5	-5.483660000E-6	5.786700000E+0	1.999967578E+4	3.835860000E+2
-2.346200000E-5	-5.506010000E-6	5.775200000E+0	1.999967578E+4	3.853860000E+2
-2.356630000E-5	-5.684820000E-6	5.764600000E+0	1.999967578E+4	3.882430000E+2
-2.370790000E-5	-5.774230000E-6	5.753500000E+0	1.999967578E+4	3.902410000E+2
-2.402080000E-5	-5.744430000E-6	5.740900000E+0	1.999967578E+4	3.926970000E+2
-2.384940000E-5	-6.109510000E-6	5.730000000E+0	1.999967578E+4	3.945330000E+2
-2.399840000E-5	-6.295770000E-6	5.717800000E+0	1.999967578E+4	3.969500000E+2
-2.434120000E-5	-6.780060000E-6	5.707600000E+0	1.999967578E+4	3.993410000E+2
-2.381220000E-5	-7.249440000E-6	5.697200000E+0	1.999967578E+4	4.017520000E+2
-2.463170000E-5	-6.802410000E-6	5.686300000E+0	1.999967578E+4	4.032150000E+2
-2.480310000E-5	-7.033380000E-6	5.675800000E+0	1.999967578E+4	4.056300000E+2
-2.518310000E-5	-7.629450000E-6	5.663700000E+0	1.999967578E+4	4.085660000E+2
-2.577170000E-5	-7.100430000E-6	5.652500000E+0	1.999967578E+4	4.103690000E+2
-2.546620000E-5	-8.001980000E-6	5.641000000E+0	1.999967578E+4	4.123580000E+2
-2.589090000E-5	-7.666710000E-6	5.630400000E+0	1.999967578E+4	4.142800000E+2
-2.606220000E-5	-8.255300000E-6	5.619700000E+0	1.999967578E+4	4.171590000E+2
-2.614420000E-5	-8.456470000E-6	5.608200000E+0	1.999967578E+4	4.191060000E+2
-2.665080000E-5	-8.806640000E-6	5.597000000E+0	1.999967578E+4	4.206310000E+2
-2.667320000E-5	-9.052510000E-6	5.586000000E+0	1.999967578E+4	4.240850000E+2
-2.732140000E-5	-9.372890000E-6	5.574900000E+0	1.999967578E+4	4.258060000E+2
-2.761940000E-5	-9.641110000E-6	5.564000000E+0	1.999967578E+4	4.279830000E+2
-2.831230000E-5	-9.991290000E-6	5.551700000E+0	1.999967578E+4	4.306110000E+2
-2.828250000E-5	-1.043830000E-5	5.540500000E+0	1.999967578E+4	4.326870000E+2
-2.888600000E-5	-1.022230000E-5	5.530000000E+0	1.999967578E+4	4.350140000E+2
-2.950440000E-5	-1.071400000E-5	5.517200000E+0	1.999967578E+4	4.370530000E+2
-2.993650000E-5	-1.140690000E-5	5.506900000E+0	1.999967578E+4	4.398470000E+2
-3.024950000E-5	-1.155590000E-5	5.496500000E+0	1.999967578E+4	4.419060000E+2
-3.064450000E-5	-1.189860000E-5	5.483600000E+0	1.999967578E+4	4.439300000E+2
-3.156830000E-5	-1.181670000E-5	5.471700000E+0	1.999967578E+4	4.466810000E+2
-3.199300000E-5	-1.267350000E-5	5.459000000E+0	1.999967578E+4	4.486000000E+2
-3.281260000E-5	-1.281510000E-5	5.447300000E+0	1.999967578E+4	4.514130000E+2
-3.309570000E-5	-1.302370000E-5	5.434500000E+0	1.999967578E+4	4.538080000E+2
-3.383330000E-5	-1.353030000E-5	5.422600000E+0	1.999967578E+4	4.558150000E+2
-3.401210000E-5	-1.350050000E-5	5.409400000E+0	1.999967578E+4	4.586220000E+2
-3.460070000E-5	-1.358250000E-5	5.397700000E+0	1.999967578E+4	4.615810000E+2
-3.587480000E-5	-1.394010000E-5	5.385100000E+0	1.999967578E+4	4.637110000E+2
-3.709670000E-5	-1.415620000E-5	5.374500000E+0	1.999967578E+4	4.662270000E+2
-3.782680000E-5	-1.390280000E-5	5.363800000E+0	1.999967578E+4	4.682530000E+2
-3.868360000E-5	-1.423810000E-5	5.353500000E+0	1.999967578E+4	4.700590000E+2
-3.914560000E-5	-1.470750000E-5	5.343000000E+0	1.999967578E+4	4.720770000E+2
-4.000990000E-5	-1.470010000E-5	5.331500000E+0	1.999967578E+4	4.743900000E+2
-4.067300000E-5	-1.522900000E-5	5.320800000E+0	1.999967578E+4	4.767450000E+2
-4.129140000E-5	-1.512470000E-5	5.307800000E+0	1.999967578E+4	4.791330000E+2
-4.226740000E-5	-1.528130000E-5	5.297100000E+0	1.999967578E+4	4.815830000E+2
-4.223760000E-5	-1.544520000E-5	5.285700000E+0	1.999967578E+4	4.835430000E+2
-4.305710000E-5	-1.571340000E-5	5.274700000E+0	1.999967578E+4	4.859620000E+2
-4.389160000E-5	-1.563890000E-5	5.261400000E+0	1.999967578E+4	4.883590000E+2
-4.506130000E-5	-1.563140000E-5	5.251200000E+0	1.999967578E+4	4.910490000E+2
-4.551580000E-5	-1.563140000E-5	5.239900000E+0	1.999967578E+4	4.927990000E+2
-4.652910000E-5	-1.550480000E-5	5.227900000E+0	1.999967578E+4	4.951810000E+2
-4.743060000E-5	-1.546010000E-5	5.216000000E+0	1.999967578E+4	4.976210000E+2
-4.820550000E-5	-1.510240000E-5	5.205000000E+0	1.999967578E+4	4.995220000E+2
-4.892820000E-5	-1.567610000E-5	5.193700000E+0	1.999967578E+4	5.017830000E+2
-4.948700000E-5	-1.595930000E-5	5.182400000E+0	1.999967578E+4	5.043530000E+2
-5.023200000E-5	-1.609340000E-5	5.169800000E+0	1.999967578E+4	5.071840000E+2
-5.088770000E-5	-1.625730000E-5	5.158700000E+0	1.999967578E+4	5.091520000E+2
-5.136450000E-5	-1.569100000E-5	5.147100000E+0	1.999967578E+4	5.111150000E+2
-5.262370000E-5	-1.565380000E-5	5.135700000E+0	1.999967578E+4	5.133760000E+2
-5.326440000E-5	-1.608590000E-5	5.124800000E+0	1.999967578E+4	5.159810000E+2
-5.428520000E-5	-1.634670000E-5	5.112700000E+0	1.999967578E+4	5.184530000E+2
-5.510470000E-5	-1.618280000E-5	5.100300000E+0	1.999967578E+4	5.207520000E+2
-5.573800000E-5	-1.600400000E-5	5.090000000E+0	1.999967578E+4	5.228750000E+2
-5.680350000E-5	-1.574320000E-5	5.079900000E+0	1.999967578E+4	5.249790000E+2
-5.760070000E-5	-1.539300000E-5	5.068400000E+0	1.999967578E+4	5.269990000E+2
-5.807010000E-5	-1.509490000E-5	5.058000000E+0	1.999967578E+4	5.292580000E+2
-5.858410000E-5	-1.542280000E-5	5.046500000E+0	1.999967578E+4	5.317060000E+2
-5.938140000E-5	-1.519180000E-5	5.034200000E+0	1.999967578E+4	5.335300000E+2
-6.032010000E-5	-1.475970000E-5	5.023000000E+0	1.999967578E+4	5.358990000E+2
-6.117720000E-5	-1.499060000E-5	5.009600000E+0	1.999967578E+4	5.388590000E+2
-6.193710000E-5	-1.507260000E-5	4.998500000E+0	1.999967578E+4	5.407660000E+2
-6.268220000E-5	-1.493850000E-5	4.986200000E+0	1.999967578E+4	5.436760000E+2
-6.384450000E-5	-1.493100000E-5	4.973200000E+0	1.999967578E+4	5.457940000E+2
-6.522280000E-5	-1.406680000E-5	4.959300000E+0	1.999967578E+4	5.490210000E+2
-6.568480000E-5	-1.385070000E-5	4.947600000E+0	1.999967578E+4	5.510580000E+2
-6.669060000E-5	-1.379110000E-5	4.936600000E+0	1.999967578E+4	5.538340000E+2
-6.700350000E-5	-1.357500000E-5	4.926300000E+0	1.999967578E+4	5.552440000E+2
-6.783800000E-5	-1.350050000E-5	4.911800000E+0	1.999967578E+4	5.581690000E+2
-6.887360000E-5	-1.332170000E-5	4.901000000E+0	1.999967578E+4	5.607880000E+2
-6.970060000E-5	-1.345580000E-5	4.889600000E+0	1.999967578E+4	5.634340000E+2
-6.993160000E-5	-1.310560000E-5	4.879400000E+0	1.999967578E+4	5.651260000E+2
-7.049790000E-5	-1.333660000E-5	4.867200000E+0	1.999967578E+4	5.673020000E+2
-7.118330000E-5	-1.276290000E-5	4.854500000E+0	1.999967578E+4	5.696580000E+2
-7.190600000E-5	-1.249470000E-5	4.843100000E+0	1.999967578E+4	5.726990000E+2
-7.213700000E-5	-1.280020000E-5	4.831800000E+0	1.999967578E+4	5.740820000E+2
-7.297890000E-5	-1.249470000E-5	4.820000000E+0	1.999967578E+4	5.769770000E+2
-7.369420000E-5	-1.247980000E-5	4.808900000E+0	1.999967578E+4	5.788620000E+2
-7.446900000E-5	-1.222650000E-5	4.798600000E+0	1.999967578E+4	5.813010000E+2
-7.515450000E-5	-1.209240000E-5	4.787800000E+0	1.999967578E+4	5.833960000E+2
-7.605600000E-5	-1.212220000E-5	4.775400000E+0	1.999967578E+4	5.856970000E+2
-7.693520000E-5	-1.165280000E-5	4.765400000E+0	1.999967578E+4	5.876460000E+2
-7.656260000E-5	-1.195820000E-5	4.754600000E+0	1.999967578E+4	5.899610000E+2
-7.709910000E-5	-1.172730000E-5	4.743500000E+0	1.999967578E+4	5.919190000E+2
-7.759080000E-5	-1.153360000E-5	4.731700000E+0	1.999967578E+4	5.943370000E+2
-7.800800000E-5	-1.173470000E-5	4.721500000E+0	1.999967578E+4	5.967110000E+2
-7.902130000E-5	-1.207000000E-5	4.711000000E+0	1.999967578E+4	5.988360000E+2
-8.026560000E-5	-1.148140000E-5	4.696800000E+0	1.999967578E+4	6.011090000E+2
-8.067540000E-5	-1.128770000E-5	4.684800000E+0	1.999967578E+4	6.035090000E+2
-8.139060000E-5	-1.070650000E-5	4.673800000E+0	1.999967578E+4	6.064520000E+2
-8.186000000E-5	-1.128020000E-5	4.663500000E+0	1.999967578E+4	6.083110000E+2
-8.244860000E-5	-1.052030000E-5	4.653300000E+0	1.999967578E+4	6.097940000E+2
-8.307440000E-5	-1.012540000E-5	4.641500000E+0	1.999967578E+4	6.125790000E+2
-8.340230000E-5	-1.031910000E-5	4.630900000E+0	1.999967578E+4	6.146390000E+2
-8.422180000E-5	-1.028190000E-5	4.618200000E+0	1.999967578E+4	6.172490000E+2
-8.461670000E-5	-1.023720000E-5	4.607500000E+0	1.999967578E+4	6.188700000E+2
-8.405050000E-5	-9.968940000E-6	4.595700000E+0	1.999967578E+4	6.218550000E+2
-8.444530000E-5	-1.024460000E-5	4.584200000E+0	1.999967578E+4	6.239840000E+2
-8.493710000E-5	-1.032660000E-5	4.571500000E+0	1.999967578E+4	6.261880000E+2
-8.573430000E-5	-9.857180000E-6	4.560300000E+0	1.999967578E+4	6.286250000E+2
-8.564490000E-5	-9.968940000E-6	4.550200000E+0	1.999967578E+4	6.310210000E+2
-8.595040000E-5	-1.025210000E-5	4.537000000E+0	1.999967578E+4	6.330330000E+2
-8.644960000E-5	-9.752870000E-6	4.524600000E+0	1.999967578E+4	6.359550000E+2
-8.668800000E-5	-1.000620000E-5	4.513300000E+0	1.999967578E+4	6.382650000E+2
-8.727660000E-5	-9.968940000E-6	4.502200000E+0	1.999967578E+4	6.398000000E+2
-8.788750000E-5	-9.931680000E-6	4.489000000E+0	1.999967578E+4	6.427320000E+2
-8.838670000E-5	-9.708160000E-6	4.478200000E+0	1.999967578E+4	6.452780000E+2
-8.859530000E-5	-9.693260000E-6	4.466500000E+0	1.999967578E+4	6.479760000E+2
-8.933290000E-5	-8.784290000E-6	4.454900000E+0	1.999967578E+4	6.500090000E+2
-8.958620000E-5	-9.208980000E-6	4.444900000E+0	1.999967578E+4	6.514510000E+2
-9.017480000E-5	-8.001980000E-6	4.434100000E+0	1.999967578E+4	6.543970000E+2
-9.032390000E-5	-7.793370000E-6	4.423800000E+0	1.999967578E+4	6.557110000E+2
-9.063680000E-5	-8.411760000E-6	4.412800000E+0	1.999967578E+4	6.582660000E+2
-9.144140000E-5	-7.726310000E-6	4.401900000E+0	1.999967578E+4	6.606980000E+2
-9.074110000E-5	-8.806640000E-6	4.390700000E+0	1.999967578E+4	6.625180000E+2
-9.153830000E-5	-7.286700000E-6	4.380100000E+0	1.999967578E+4	6.644880000E+2
-9.248450000E-5	-6.578890000E-6	4.368600000E+0	1.999967578E+4	6.670610000E+2
-9.316250000E-5	-7.033380000E-6	4.354600000E+0	1.999967578E+4	6.698530000E+2
-9.339350000E-5	-6.005200000E-6	4.342100000E+0	1.999967578E+4	6.722250000E+2
-9.349040000E-5	-6.504390000E-6	4.330700000E+0	1.999967578E+4	6.746390000E+2
-9.366170000E-5	-6.459680000E-6	4.320500000E+0	1.999967578E+4	6.761240000E+2
-9.380330000E-5	-6.772610000E-6	4.310000000E+0	1.999967578E+4	6.790730000E+2
-9.366920000E-5	-7.361200000E-6	4.298500000E+0	1.999967578E+4	6.809300000E+2
-9.325940000E-5	-8.665080000E-6	4.288000000E+0	1.999967578E+4	6.829120000E+2
-9.243980000E-5	-9.045060000E-6	4.276500000E+0	1.999967578E+4	6.858310000E+2
-9.298370000E-5	-9.156820000E-6	4.263000000E+0	1.999967578E+4	6.880100000E+2
-9.331900000E-5	-8.560780000E-6	4.252800000E+0	1.999967578E+4	6.906960000E+2
-9.328170000E-5	-9.067410000E-6	4.240900000E+0	1.999967578E+4	6.927040000E+2
-9.343820000E-5	-1.014030000E-5	4.229300000E+0	1.999967578E+4	6.951650000E+2
-9.399700000E-5	-9.477200000E-6	4.216800000E+0	1.999967578E+4	6.975140000E+2
-9.421310000E-5	-8.806640000E-6	4.206000000E+0	1.999967578E+4	6.994920000E+2
-9.486870000E-5	-8.575680000E-6	4.195200000E+0	1.999967578E+4	7.017460000E+2
-9.506990000E-5	-8.419210000E-6	4.182400000E+0	1.999967578E+4	7.042840000E+2
-9.528590000E-5	-9.335640000E-6	4.171100000E+0	1.999967578E+4	7.063280000E+2
-9.439930000E-5	-1.045320000E-5	4.160900000E+0	1.999967578E+4	7.091550000E+2
-9.481660000E-5	-1.005830000E-5	4.150100000E+0	1.999967578E+4	7.105050000E+2
-9.470480000E-5	-9.812470000E-6	4.139800000E+0	1.999967578E+4	7.125820000E+2
-9.480170000E-5	-9.819920000E-6	4.129600000E+0	1.999967578E+4	7.149220000E+2
-9.518160000E-5	-9.425040000E-6	4.119000000E+0	1.999967578E+4	7.169180000E+2
-9.567340000E-5	-9.618760000E-6	4.106200000E+0	1.999967578E+4	7.200140000E+2
-9.566590000E-5	-9.700710000E-6	4.095800000E+0	1.999967578E+4	7.217430000E+2
-9.557650000E-5	-1.037870000E-5	4.082600000E+0	1.999967578E+4	7.237490000E+2
-9.595650000E-5	-1.107160000E-5	4.071500000E+0	1.999967578E+4	7.263150000E+2
-9.593410000E-5	-1.121320000E-5	4.061400000E+0	1.999967578E+4	7.285460000E+2
-9.640350000E-5	-1.008810000E-5	4.048800000E+0	1.999967578E+4	7.309640000E+2
-9.712620000E-5	-9.872080000E-6	4.037600000E+0	1.999967578E+4	7.331040000E+2
-9.672390000E-5	-1.090770000E-5	4.025800000E+0	1.999967578E+4	7.357310000E+2
-9.671650000E-5	-9.708160000E-6	4.015400000E+0	1.999967578E+4	7.374050000E+2
-9.682820000E-5	-9.566600000E-6	4.002300000E+0	1.999967578E+4	7.403730000E+2
-9.709640000E-5	-8.188250000E-6	3.989200000E+0	1.999967578E+4	7.430740000E+2
-9.731250000E-5	-8.046690000E-6	3.978500000E+0	1.999967578E+4	7.450850000E+2
-9.780420000E-5	-8.434120000E-6	3.968100000E+0	1.999967578E+4	7.476520000E+2
-9.778930000E-5	-8.426660000E-6	3.956300000E+0	1.999967578E+4	7.489910000E+2
-9.787130000E-5	-9.097220000E-6	3.943700000E+0	1.999967578E+4	7.522890000E+2
-9.843750000E-5	-8.523520000E-6	3.933200000E+0	1.999967578E+4	7.542930000E+2
-9.840770000E-5	-8.791740000E-6	3.922400000E+0	1.999967578E+4	7.557990000E+2
-9.844500000E-5	-8.545870000E-6	3.909800000E+0	1.999967578E+4	7.587630000E+2
-9.848970000E-5	-8.881150000E-6	3.898900000E+0	1.999967578E+4	7.607520000E+2
-9.814700000E-5	-8.553320000E-6	3.887900000E+0	1.999967578E+4	7.635210000E+2
-9.872810000E-5	-8.575680000E-6	3.874900000E+0	1.999967578E+4	7.655590000E+2
-9.930180000E-5	-8.061590000E-6	3.863900000E+0	1.999967578E+4	7.678900000E+2
-9.936140000E-5	-8.739590000E-6	3.853500000E+0	1.999967578E+4	7.707240000E+2
-9.867600000E-5	-8.523520000E-6	3.842000000E+0	1.999967578E+4	7.723360000E+2
-9.810230000E-5	-8.143540000E-6	3.830100000E+0	1.999967578E+4	7.747720000E+2
-9.871320000E-5	-7.763560000E-6	3.819700000E+0	1.999967578E+4	7.766200000E+2
-9.921240000E-5	-8.069040000E-6	3.809400000E+0	1.999967578E+4	7.791700000E+2
-9.919000000E-5	-8.218050000E-6	3.798700000E+0	1.999967578E+4	7.812240000E+2
-9.919750000E-5	-8.553320000E-6	3.787300000E+0	1.999967578E+4	7.833800000E+2
-9.932420000E-5	-7.458060000E-6	3.776000000E+0	1.999967578E+4	7.853540000E+2
-9.980840000E-5	-8.001980000E-6	3.765200000E+0	1.999967578E+4	7.880900000E+2
-9.974880000E-5	-8.247850000E-6	3.753600000E+0	1.999967578E+4	7.902090000E+2
-9.987550000E-5	-8.806640000E-6	3.742000000E+0	1.999967578E+4	7.921710000E+2
-9.997240000E-5	-8.843900000E-6	3.731400000E+0	1.999967578E+4	7.948930000E+2
-9.986800000E-5	-8.568230000E-6	3.719000000E+0	1.999967578E+4	7.965610000E+2
-1.007550000E-4	-7.413360000E-6	3.707400000E+0	1.999967578E+4	7.995850000E+2
-1.005680000E-4	-7.666710000E-6	3.694000000E+0	1.999967578E+4	8.015480000E+2
-1.006580000E-4	-8.411760000E-6	3.683900000E+0	1.999967578E+4	8.037470000E+2
-1.005610000E-4	-8.001980000E-6	3.672800000E+0	1.999967578E+4	8.062950000E+2
-1.006500000E-4	-8.083940000E-6	3.662500000E+0	1.999967578E+4	8.082120000E+2
-1.009110000E-4	-7.830620000E-6	3.652300000E+0	1.999967578E+4	8.102470000E+2
-1.007470000E-4	-8.665080000E-6	3.641100000E+0	1.999967578E+4	8.126380000E+2
-1.011940000E-4	-8.314910000E-6	3.628800000E+0	1.999967578E+4	8.152770000E+2
-1.015150000E-4	-7.920030000E-6	3.618100000E+0	1.999967578E+4	8.170200000E+2
-1.013660000E-4	-7.227090000E-6	3.603400000E+0	1.999967578E+4	8.201890000E+2
-1.011420000E-4	-8.396860000E-6	3.592100000E+0	1.999967578E+4	8.223150000E+2
-1.016410000E-4	-7.465510000E-6	3.580400000E+0	1.999967578E+4	8.254440000E+2
-1.017900000E-4	-7.480410000E-6	3.566200000E+0	1.999967578E+4	8.275560000E+2
-1.020810000E-4	-7.271800000E-6	3.548300000E+0	1.999967578E+4	8.311840000E+2
-1.020060000E-4	-7.361200000E-6	3.531300000E+0	1.999967578E+4	8.354550000E+2
-1.023040000E-4	-7.130230000E-6	3.515100000E+0	1.999967578E+4	8.385850000E+2
-1.027370000E-4	-7.204740000E-6	3.502900000E+0	1.999967578E+4	8.417880000E+2
-1.022890000E-4	-7.420810000E-6	3.489900000E+0	1.999967578E+4	8.439340000E+2
-1.025580000E-4	-7.569820000E-6	3.477300000E+0	1.999967578E+4	8.466140000E+2
-1.027290000E-4	-7.033380000E-6	3.463300000E+0	1.999967578E+4	8.497870000E+2
-1.029900000E-4	-6.966320000E-6	3.447300000E+0	1.999967578E+4	8.529960000E+2
-1.030940000E-4	-7.078080000E-6	3.436800000E+0	1.999967578E+4	8.551240000E+2
-1.033400000E-4	-7.033380000E-6	3.425300000E+0	1.999967578E+4	8.584190000E+2
-1.029300000E-4	-7.107880000E-6	3.409500000E+0	1.999967578E+4	8.604800000E+2
-1.031910000E-4	-6.973770000E-6	3.392200000E+0	1.999967578E+4	8.645860000E+2
-1.033920000E-4	-7.137690000E-6	3.381900000E+0	1.999967578E+4	8.667450000E+2
-1.031540000E-4	-6.772610000E-6	3.366900000E+0	1.999967578E+4	8.699420000E+2
-1.034000000E-4	-7.607070000E-6	3.356300000E+0	1.999967578E+4	8.721410000E+2
-1.038170000E-4	-7.107880000E-6	3.344100000E+0	1.999967578E+4	8.752620000E+2
-1.040030000E-4	-7.078080000E-6	3.330700000E+0	1.999967578E+4	8.774110000E+2
-1.038020000E-4	-7.160040000E-6	3.318100000E+0	1.999967578E+4	8.806230000E+2
-1.035860000E-4	-7.443160000E-6	3.306100000E+0	1.999967578E+4	8.827800000E+2
-1.039140000E-4	-7.502760000E-6	3.293100000E+0	1.999967578E+4	8.859940000E+2
-1.039880000E-4	-7.115330000E-6	3.279500000E+0	1.999967578E+4	8.880930000E+2
-1.043160000E-4	-7.309050000E-6	3.267300000E+0	1.999967578E+4	8.911450000E+2
-1.041300000E-4	-7.659260000E-6	3.257300000E+0	1.999967578E+4	8.932790000E+2
-1.038470000E-4	-7.480410000E-6	3.239800000E+0	1.999967578E+4	8.963430000E+2
-1.037350000E-4	-8.814100000E-6	3.228300000E+0	1.999967578E+4	8.999960000E+2
-1.044500000E-4	-8.568230000E-6	3.211900000E+0	1.999967578E+4	9.020780000E+2
-1.044650000E-4	-8.866250000E-6	3.198000000E+0	1.999967578E+4	9.058170000E+2
-1.044870000E-4	-8.896050000E-6	3.185500000E+0	1.999967578E+4	9.079620000E+2
-1.050910000E-4	-8.344710000E-6	3.171600000E+0	1.999967578E+4	9.112110000E+2
-1.048520000E-4	-7.934930000E-6	3.159600000E+0	1.999967578E+4	9.143750000E+2
-1.049270000E-4	-8.665080000E-6	3.144600000E+0	1.999967578E+4	9.165220000E+2
-1.047110000E-4	-7.987080000E-6	3.133200000E+0	1.999967578E+4	9.198180000E+2
-1.052470000E-4	-8.396860000E-6	3.113900000E+0	1.999967578E+4	9.228870000E+2
-1.049490000E-4	-8.225500000E-6	3.103800000E+0	1.999967578E+4	9.261340000E+2
-1.052320000E-4	-8.173350000E-6	3.093200000E+0	1.999967578E+4	9.282130000E+2
-1.054110000E-4	-8.232950000E-6	3.079900000E+0	1.999967578E+4	9.303590000E+2
-1.053960000E-4	-9.283480000E-6	3.068800000E+0	1.999967578E+4	9.336950000E+2
-1.053590000E-4	-8.367060000E-6	3.055100000E+0	1.999967578E+4	9.357350000E+2
-1.072810000E-4	-8.262750000E-6	3.041100000E+0	1.999967578E+4	9.392940000E+2
-1.065810000E-4	-8.158440000E-6	3.027800000E+0	1.999967578E+4	9.414220000E+2
-1.070360000E-4	-7.733760000E-6	3.013300000E+0	1.999967578E+4	9.452450000E+2
-1.074150000E-4	-7.331400000E-6	2.999400000E+0	1.999967578E+4	9.472940000E+2
-1.070280000E-4	-7.741210000E-6	2.985200000E+0	1.999967578E+4	9.505430000E+2
-1.074080000E-4	-8.113740000E-6	2.973600000E+0	1.999967578E+4	9.537190000E+2
-1.074150000E-4	-8.270200000E-6	2.958200000E+0	1.999967578E+4	9.558420000E+2
-1.060300000E-4	-8.471370000E-6	2.944900000E+0	1.999967578E+4	9.594540000E+2
-1.067600000E-4	-8.367060000E-6	2.930200000E+0	1.999967578E+4	9.615630000E+2
-1.061560000E-4	-8.024330000E-6	2.915000000E+0	1.999967578E+4	9.652930000E+2
-1.066110000E-4	-7.517660000E-6	2.903000000E+0	1.999967578E+4	9.674780000E+2
-1.057540000E-4	-7.942380000E-6	2.885900000E+0	1.999967578E+4	9.710410000E+2
-1.056270000E-4	-9.276030000E-6	2.873700000E+0	1.999967578E+4	9.741440000E+2
-1.059400000E-4	-8.650180000E-6	2.862400000E+0	1.999967578E+4	9.762550000E+2
-1.059630000E-4	-8.411760000E-6	2.849100000E+0	1.999967578E+4	9.794540000E+2
-1.062900000E-4	-7.748660000E-6	2.836500000E+0	1.999967578E+4	9.815730000E+2
-1.064100000E-4	-7.748660000E-6	2.822200000E+0	1.999967578E+4	9.847590000E+2
-1.061940000E-4	-8.270200000E-6	2.810200000E+0	1.999967578E+4	9.874490000E+2
-1.060970000E-4	-7.927480000E-6	2.797300000E+0	1.999967578E+4	9.906350000E+2
-1.066630000E-4	-6.996120000E-6	2.785100000E+0	1.999967578E+4	9.928680000E+2
-1.064690000E-4	-7.249440000E-6	2.770100000E+0	1.999967578E+4	9.959900000E+2
-1.070430000E-4	-7.934930000E-6	2.760000000E+0	1.999967578E+4	9.981190000E+2
-1.076020000E-4	-6.757710000E-6	2.746000000E+0	1.999967578E+4	1.000639000E+3
-1.074970000E-4	-7.316500000E-6	2.728900000E+0	1.999967578E+4	1.004776000E+3
-1.081530000E-4	-7.286700000E-6	2.717600000E+0	1.999967578E+4	1.006894000E+3
-1.073630000E-4	-7.525120000E-6	2.703600000E+0	1.999967578E+4	1.010140000E+3
-1.077730000E-4	-7.040830000E-6	2.690400000E+0	1.999967578E+4	1.012239000E+3
-1.074680000E-4	-7.540020000E-6	2.680000000E+0	1.999967578E+4	1.015477000E+3
-1.077140000E-4	-7.800820000E-6	2.666300000E+0	1.999967578E+4	1.017601000E+3
-1.077140000E-4	-6.765160000E-6	2.653500000E+0	1.999967578E+4	1.020780000E+3
-1.077430000E-4	-7.227090000E-6	2.641300000E+0	1.999967578E+4	1.022954000E+3
-1.077660000E-4	-7.346300000E-6	2.629000000E+0	1.999967578E+4	1.025620000E+3
-1.078180000E-4	-7.666710000E-6	2.615800000E+0	1.999967578E+4	1.028771000E+3
-1.075500000E-4	-7.726310000E-6	2.602600000E+0	1.999967578E+4	1.030977000E+3
-1.079520000E-4	-7.577270000E-6	2.587900000E+0	1.999967578E+4	1.033971000E+3
-1.080930000E-4	-8.426660000E-6	2.575600000E+0	1.999967578E+4	1.037203000E+3
-1.082280000E-4	-8.910950000E-6	2.561500000E+0	1.999967578E+4	1.039303000E+3
-1.071920000E-4	-8.910950000E-6	2.546900000E+0	1.999967578E+4	1.042936000E+3
-1.074530000E-4	-7.681610000E-6	2.536500000E+0	1.999967578E+4	1.045063000E+3
-1.079520000E-4	-7.458060000E-6	2.522800000E+0	1.999967578E+4	1.048215000E+3
-1.078770000E-4	-6.884370000E-6	2.510400000E+0	1.999967578E+4	1.050401000E+3
-1.080040000E-4	-7.219640000E-6	2.498100000E+0	1.999967578E+4	1.053580000E+3
-1.078250000E-4	-6.623600000E-6	2.485000000E+0	1.999967578E+4	1.055742000E+3
-1.080120000E-4	-7.227090000E-6	2.474800000E+0	1.999967578E+4	1.058359000E+3
-1.080410000E-4	-7.554920000E-6	2.462600000E+0	1.999967578E+4	1.060504000E+3
-1.077360000E-4	-7.845520000E-6	2.447900000E+0	1.999967578E+4	1.063617000E+3
-1.078850000E-4	-7.398460000E-6	2.436100000E+0	1.999967578E+4	1.066785000E+3
-1.077660000E-4	-7.629450000E-6	2.423800000E+0	1.999967578E+4	1.068914000E+3
-1.081610000E-4	-6.474580000E-6	2.413000000E+0	1.999967578E+4	1.071053000E+3
-1.076760000E-4	-6.020100000E-6	2.398900000E+0	1.999967578E+4	1.074267000E+3
-1.075870000E-4	-6.929070000E-6	2.388000000E+0	1.999967578E+4	1.076373000E+3
-1.073860000E-4	-6.757710000E-6	2.373600000E+0	1.999967578E+4	1.079645000E+3
-1.080560000E-4	-6.698100000E-6	2.363600000E+0	1.999967578E+4	1.081750000E+3
-1.075570000E-4	-7.182390000E-6	2.351400000E+0	1.999967578E+4	1.084328000E+3
-1.077280000E-4	-6.608690000E-6	2.340400000E+0	1.999967578E+4	1.086351000E+3
-1.072140000E-4	-6.221260000E-6	2.325700000E+0	1.999967578E+4	1.089578000E+3
-1.076610000E-4	-6.198910000E-6	2.310600000E+0	1.999967578E+4	1.092765000E+3
-1.080710000E-4	-7.376100000E-6	2.297800000E+0	1.999967578E+4	1.095974000E+3
-1.075050000E-4	-6.899270000E-6	2.285000000E+0	1.999967578E+4	1.098133000E+3
-1.073630000E-4	-6.839660000E-6	2.272600000E+0	1.999967578E+4	1.101387000E+3
-1.074380000E-4	-7.115330000E-6	2.259900000E+0	1.999967578E+4	1.103469000E+3
-1.076460000E-4	-6.511840000E-6	2.246900000E+0	1.999967578E+4	1.106702000E+3
-1.073930000E-4	-6.340470000E-6	2.234900000E+0	1.999967578E+4	1.108814000E+3
-1.075270000E-4	-6.809860000E-6	2.223500000E+0	1.999967578E+4	1.111450000E+3
-1.076990000E-4	-7.540020000E-6	2.209900000E+0	1.999967578E+4	1.114669000E+3
-1.076540000E-4	-6.780060000E-6	2.197700000E+0	1.999967578E+4	1.116812000E+3
-1.073630000E-4	-6.847110000E-6	2.184100000E+0	1.999967578E+4	1.120001000E+3
-1.073110000E-4	-7.249440000E-6	2.172600000E+0	1.999967578E+4	1.122155000E+3
-1.075500000E-4	-6.847110000E-6	2.158600000E+0	1.999967578E+4	1.125368000E+3
-1.073110000E-4	-6.973770000E-6	2.147300000E+0	1.999967578E+4	1.127443000E+3
-1.072290000E-4	-6.414980000E-6	2.133200000E+0	1.999967578E+4	1.130696000E+3
-1.071770000E-4	-7.338850000E-6	2.121800000E+0	1.999967578E+4	1.132802000E+3
-1.075500000E-4	-7.376100000E-6	2.105100000E+0	1.999967578E+4	1.135953000E+3
-1.072740000E-4	-6.936520000E-6	2.095000000E+0	1.999967578E+4	1.139186000E+3
-1.072960000E-4	-6.973770000E-6	2.079200000E+0	1.999967578E+4	1.141381000E+3
-1.075720000E-4	-6.608690000E-6	2.062800000E+0	1.999967578E+4	1.144876000E+3
-1.075640000E-4	-6.847110000E-6	2.047200000E+0	1.999967578E+4	1.148630000E+3
-1.075720000E-4	-7.391010000E-6	2.035600000E+0	1.999967578E+4	1.150798000E+3
-1.075720000E-4	-7.495310000E-6	2.019000000E+0	1.999967578E+4	1.153962000E+3
-1.076460000E-4	-8.471370000E-6	2.007400000E+0	1.999967578E+4	1.157222000E+3
-1.075350000E-4	-7.607070000E-6	1.995500000E+0	1.999967578E+4	1.159336000E+3
-1.066480000E-4	-5.766780000E-6	2.008400000E+0	1.999967578E+4	1.288413000E+3
-1.064690000E-4	-5.967940000E-6	2.019200000E+0	1.999967578E+4	1.290388000E+3
-1.064020000E-4	-6.116960000E-6	2.029300000E+0	1.999967578E+4	1.292431000E+3
-1.064390000E-4	-6.452230000E-6	2.040100000E+0	1.999967578E+4	1.294403000E+3
-1.065070000E-4	-6.571440000E-6	2.050400000E+0	1.999967578E+4	1.296931000E+3
-1.063430000E-4	-6.482030000E-6	2.060600000E+0	1.999967578E+4	1.298568000E+3
-1.064250000E-4	-6.087150000E-6	2.071000000E+0	1.999967578E+4	1.300917000E+3
-1.064770000E-4	-5.818930000E-6	2.083000000E+0	1.999967578E+4	1.303109000E+3
-1.067670000E-4	-5.774230000E-6	2.094000000E+0	1.999967578E+4	1.305487000E+3
-1.068190000E-4	-5.811480000E-6	2.104100000E+0	1.999967578E+4	1.307262000E+3
-1.067900000E-4	-5.587960000E-6	2.115800000E+0	1.999967578E+4	1.309742000E+3
-1.069310000E-4	-5.655020000E-6	2.125900000E+0	1.999967578E+4	1.311942000E+3
-1.068190000E-4	-6.109510000E-6	2.136600000E+0	1.999967578E+4	1.313915000E+3
-1.065210000E-4	-5.960490000E-6	2.147900000E+0	1.999967578E+4	1.316263000E+3
-1.067000000E-4	-5.684820000E-6	2.158600000E+0	1.999967578E+4	1.318055000E+3
-1.067970000E-4	-5.766780000E-6	2.168900000E+0	1.999967578E+4	1.320614000E+3
-1.068490000E-4	-5.856190000E-6	2.179200000E+0	1.999967578E+4	1.322539000E+3
-1.065960000E-4	-5.580510000E-6	2.191200000E+0	1.999967578E+4	1.324875000E+3
-1.065360000E-4	-5.930690000E-6	2.203400000E+0	1.999967578E+4	1.327592000E+3
-1.064690000E-4	-6.265970000E-6	2.214500000E+0	1.999967578E+4	1.329204000E+3
-1.063950000E-4	-6.049900000E-6	2.227600000E+0	1.999967578E+4	1.332114000E+3
-1.067750000E-4	-5.997750000E-6	2.238000000E+0	1.999967578E+4	1.334269000E+3
-1.065590000E-4	-6.020100000E-6	2.248300000E+0	1.999967578E+4	1.336457000E+3
-1.066410000E-4	-6.198910000E-6	2.262300000E+0	1.999967578E+4	1.338980000E+3
-1.070800000E-4	-6.191460000E-6	2.274200000E+0	1.999967578E+4	1.341782000E+3
-1.069610000E-4	-6.310670000E-6	2.285200000E+0	1.999967578E+4	1.343331000E+3
-1.066410000E-4	-6.146760000E-6	2.295900000E+0	1.999967578E+4	1.345857000E+3
-1.070880000E-4	-5.930690000E-6	2.306200000E+0	1.999967578E+4	1.347906000E+3
-1.067450000E-4	-6.392630000E-6	2.317200000E+0	1.999967578E+4	1.350162000E+3
-1.070430000E-4	-6.400080000E-6	2.328600000E+0	1.999967578E+4	1.352534000E+3
-1.068050000E-4	-6.139310000E-6	2.338600000E+0	1.999967578E+4	1.354105000E+3
-1.064770000E-4	-6.318120000E-6	2.352200000E+0	1.999967578E+4	1.357055000E+3
-1.063650000E-4	-6.176560000E-6	2.362600000E+0	1.999967578E+4	1.359075000E+3
-1.061860000E-4	-6.690650000E-6	2.375200000E+0	1.999967578E+4	1.362037000E+3
-1.062680000E-4	-6.578890000E-6	2.388700000E+0	1.999967578E+4	1.364148000E+3
-1.061410000E-4	-6.213810000E-6	2.400600000E+0	1.999967578E+4	1.367076000E+3
-1.059100000E-4	-6.534190000E-6	2.411000000E+0	1.999967578E+4	1.369113000E+3
-1.060450000E-4	-6.407530000E-6	2.422200000E+0	1.999967578E+4	1.371089000E+3
-1.058140000E-4	-6.817310000E-6	2.433100000E+0	1.999967578E+4	1.373634000E+3
-1.061270000E-4	-6.720450000E-6	2.444300000E+0	1.999967578E+4	1.375332000E+3
-1.059480000E-4	-6.653400000E-6	2.455400000E+0	1.999967578E+4	1.377711000E+3
-1.061860000E-4	-6.556540000E-6	2.466700000E+0	1.999967578E+4	1.380277000E+3
-1.059030000E-4	-6.958870000E-6	2.478300000E+0	1.999967578E+4	1.382286000E+3
-1.056870000E-4	-6.593790000E-6	2.491500000E+0	1.999967578E+4	1.384769000E+3
-1.056720000E-4	-6.161660000E-6	2.501900000E+0	1.999967578E+4	1.387187000E+3
-1.059100000E-4	-6.057350000E-6	2.512200000E+0	1.999967578E+4	1.389189000E+3
-1.060150000E-4	-6.124410000E-6	2.526500000E+0	1.999967578E+4	1.391826000E+3
-1.057540000E-4	-6.146760000E-6	2.537300000E+0	1.999967578E+4	1.394223000E+3
-1.053370000E-4	-6.169110000E-6	2.549900000E+0	1.999967578E+4	1.396369000E+3
-1.056050000E-4	-5.953040000E-6	2.560000000E+0	1.999967578E+4	1.398762000E+3
-1.057090000E-4	-6.340470000E-6	2.571500000E+0	1.999967578E+4	1.400762000E+3
-1.056500000E-4	-6.042450000E-6	2.584200000E+0	1.999967578E+4	1.403626000E+3
-1.054490000E-4	-6.191460000E-6	2.597000000E+0	1.999967578E+4	1.406293000E+3
-1.051580000E-4	-6.213810000E-6	2.608400000E+0	1.999967578E+4	1.408276000E+3
-1.054040000E-4	-6.631050000E-6	2.619200000E+0	1.999967578E+4	1.410692000E+3
-1.050760000E-4	-6.377730000E-6	2.629300000E+0	1.999967578E+4	1.412553000E+3
-1.056120000E-4	-6.094600000E-6	2.639800000E+0	1.999967578E+4	1.414903000E+3
-1.054860000E-4	-5.878540000E-6	2.651900000E+0	1.999967578E+4	1.416917000E+3
-1.051650000E-4	-6.243620000E-6	2.662100000E+0	1.999967578E+4	1.419342000E+3
-1.054560000E-4	-6.072250000E-6	2.673800000E+0	1.999967578E+4	1.421302000E+3
-1.051730000E-4	-6.087150000E-6	2.685000000E+0	1.999967578E+4	1.423869000E+3
-1.050980000E-4	-6.265970000E-6	2.695700000E+0	1.999967578E+4	1.426020000E+3
-1.052180000E-4	-6.273420000E-6	2.705800000E+0	1.999967578E+4	1.428019000E+3
-1.048450000E-4	-6.593790000E-6	2.715800000E+0	1.999967578E+4	1.429729000E+3
-1.049200000E-4	-6.645950000E-6	2.731800000E+0	1.999967578E+4	1.433011000E+3
-1.050010000E-4	-6.191460000E-6	2.742000000E+0	1.999967578E+4	1.435422000E+3
-1.049940000E-4	-6.184010000E-6	2.754500000E+0	1.999967578E+4	1.437437000E+3
-1.048970000E-4	-6.295770000E-6	2.766500000E+0	1.999967578E+4	1.440238000E+3
-1.046360000E-4	-5.640120000E-6	2.776800000E+0	1.999967578E+4	1.441965000E+3
-1.049490000E-4	-6.251070000E-6	2.787300000E+0	1.999967578E+4	1.444372000E+3
-1.048230000E-4	-6.035000000E-6	2.799300000E+0	1.999967578E+4	1.446674000E+3
-1.049420000E-4	-5.885990000E-6	2.809600000E+0	1.999967578E+4	1.449074000E+3
-1.049120000E-4	-5.997750000E-6	2.819700000E+0	1.999967578E+4	1.450284000E+3
-1.047030000E-4	-5.804030000E-6	2.830700000E+0	1.999967578E+4	1.453041000E+3
-1.044800000E-4	-6.124410000E-6	2.842500000E+0	1.999967578E+4	1.455187000E+3
-1.041600000E-4	-5.915790000E-6	2.854200000E+0	1.999967578E+4	1.457582000E+3
-1.047110000E-4	-6.049900000E-6	2.865200000E+0	1.999967578E+4	1.460112000E+3
-1.047710000E-4	-6.288320000E-6	2.876100000E+0	1.999967578E+4	1.461831000E+3
-1.046140000E-4	-6.713000000E-6	2.887700000E+0	1.999967578E+4	1.464547000E+3
-1.047480000E-4	-6.437330000E-6	2.900200000E+0	1.999967578E+4	1.466507000E+3
-1.047260000E-4	-6.705550000E-6	2.912200000E+0	1.999967578E+4	1.469470000E+3
-1.047560000E-4	-6.593790000E-6	2.923500000E+0	1.999967578E+4	1.471172000E+3
-1.046220000E-4	-6.720450000E-6	2.935300000E+0	1.999967578E+4	1.474005000E+3
-1.044350000E-4	-6.541640000E-6	2.946400000E+0	1.999967578E+4	1.476387000E+3
-1.045990000E-4	-6.862010000E-6	2.959900000E+0	1.999967578E+4	1.478901000E+3
-1.045170000E-4	-6.489480000E-6	2.972500000E+0	1.999967578E+4	1.481101000E+3
-1.041520000E-4	-5.960490000E-6	2.983200000E+0	1.999967578E+4	1.483452000E+3
-1.043090000E-4	-6.280870000E-6	2.994400000E+0	1.999967578E+4	1.485844000E+3
-1.042860000E-4	-6.653400000E-6	3.008100000E+0	1.999967578E+4	1.487959000E+3
-1.039960000E-4	-6.526740000E-6	3.020200000E+0	1.999967578E+4	1.490787000E+3
-1.042420000E-4	-6.452230000E-6	3.032100000E+0	1.999967578E+4	1.493202000E+3
-1.041820000E-4	-6.333020000E-6	3.042800000E+0	1.999967578E+4	1.495327000E+3
-1.041740000E-4	-6.504390000E-6	3.053600000E+0	1.999967578E+4	1.497778000E+3
-1.042560000E-4	-6.280870000E-6	3.064200000E+0	1.999967578E+4	1.499763000E+3
-1.036600000E-4	-6.057350000E-6	3.075600000E+0	1.999967578E+4	1.501451000E+3
-1.034000000E-4	-6.340470000E-6	3.087000000E+0	1.999967578E+4	1.504436000E+3
-1.031240000E-4	-6.407530000E-6	3.097500000E+0	1.999967578E+4	1.505969000E+3
-1.033470000E-4	-5.833830000E-6	3.107700000E+0	1.999967578E+4	1.508384000E+3
-1.037270000E-4	-5.520910000E-6	3.119300000E+0	1.999967578E+4	1.510521000E+3
-1.038170000E-4	-5.632670000E-6	3.130000000E+0	1.999967578E+4	1.512963000E+3
-1.030790000E-4	-5.923240000E-6	3.141100000E+0	1.999967578E+4	1.515375000E+3
-1.025800000E-4	-6.303220000E-6	3.151300000E+0	1.999967578E+4	1.516920000E+3
-1.025730000E-4	-5.863640000E-6	3.161700000E+0	1.999967578E+4	1.519333000E+3
-1.027140000E-4	-5.506010000E-6	3.173100000E+0	1.999967578E+4	1.521050000E+3
-1.028780000E-4	-5.789130000E-6	3.183500000E+0	1.999967578E+4	1.523605000E+3
-1.025350000E-4	-6.467130000E-6	3.195900000E+0	1.999967578E+4	1.525575000E+3
-1.024910000E-4	-6.273420000E-6	3.206400000E+0	1.999967578E+4	1.528028000E+3
-1.021930000E-4	-6.288320000E-6	3.216900000E+0	1.999967578E+4	1.530363000E+3
-1.023860000E-4	-6.042450000E-6	3.227000000E+0	1.999967578E+4	1.531858000E+3
-1.022450000E-4	-5.833830000E-6	3.238000000E+0	1.999967578E+4	1.534700000E+3
-1.023340000E-4	-6.035000000E-6	3.249100000E+0	1.999967578E+4	1.536639000E+3
-1.020510000E-4	-6.102050000E-6	3.259800000E+0	1.999967578E+4	1.538665000E+3
-1.025430000E-4	-6.549090000E-6	3.270200000E+0	1.999967578E+4	1.541054000E+3
-1.024610000E-4	-6.504390000E-6	3.282500000E+0	1.999967578E+4	1.543102000E+3
-1.029970000E-4	-6.653400000E-6	3.292600000E+0	1.999967578E+4	1.545486000E+3
-1.028930000E-4	-6.549090000E-6	3.302900000E+0	1.999967578E+4	1.547610000E+3
-1.027810000E-4	-6.720450000E-6	3.313600000E+0	1.999967578E+4	1.549751000E+3
-1.026170000E-4	-6.653400000E-6	3.324000000E+0	1.999967578E+4	1.551695000E+3
-1.022600000E-4	-6.847110000E-6	3.335300000E+0	1.999967578E+4	1.553729000E+3
-1.022000000E-4	-6.526740000E-6	3.346100000E+0	1.999967578E+4	1.556240000E+3
-1.015220000E-4	-6.884370000E-6	3.356700000E+0	1.999967578E+4	1.558288000E+3
-1.016860000E-4	-6.787510000E-6	3.367300000E+0	1.999967578E+4	1.560007000E+3
-1.018950000E-4	-6.891820000E-6	3.377500000E+0	1.999967578E+4	1.562363000E+3
-1.016640000E-4	-7.323950000E-6	3.387600000E+0	1.999967578E+4	1.564432000E+3
-1.012460000E-4	-7.323950000E-6	3.398900000E+0	1.999967578E+4	1.566822000E+3
-1.010820000E-4	-6.847110000E-6	3.409100000E+0	1.999967578E+4	1.568780000E+3
-1.010530000E-4	-7.301600000E-6	3.420900000E+0	1.999967578E+4	1.570778000E+3
-1.012610000E-4	-7.212190000E-6	3.431100000E+0	1.999967578E+4	1.573384000E+3
-1.011500000E-4	-6.899270000E-6	3.441800000E+0	1.999967578E+4	1.574945000E+3
-1.012690000E-4	-7.085530000E-6	3.453700000E+0	1.999967578E+4	1.577999000E+3
-1.012840000E-4	-6.906720000E-6	3.465100000E+0	1.999967578E+4	1.579442000E+3
-1.008810000E-4	-7.398460000E-6	3.477300000E+0	1.999967578E+4	1.582385000E+3
-1.008140000E-4	-6.996120000E-6	3.487700000E+0	1.999967578E+4	1.584367000E+3
-1.008810000E-4	-7.137690000E-6	3.500000000E+0	1.999967578E+4	1.586381000E+3
-1.008960000E-4	-7.115330000E-6	3.511700000E+0	1.999967578E+4	1.589216000E+3
-1.007700000E-4	-7.212190000E-6	3.525200000E+0	1.999967578E+4	1.591753000E+3
-1.010230000E-4	-7.540020000E-6	3.536100000E+0	1.999967578E+4	1.594106000E+3
-1.012320000E-4	-7.361200000E-6	3.549600000E+0	1.999967578E+4	1.596905000E+3
-1.011720000E-4	-7.182390000E-6	3.559600000E+0	1.999967578E+4	1.598274000E+3
-1.011500000E-4	-7.428260000E-6	3.571000000E+0	1.999967578E+4	1.601026000E+3
-1.009040000E-4	-7.160040000E-6	3.582900000E+0	1.999967578E+4	1.603530000E+3
-1.007100000E-4	-7.458060000E-6	3.594200000E+0	1.999967578E+4	1.605476000E+3
-1.003520000E-4	-7.450610000E-6	3.604200000E+0	1.999967578E+4	1.607960000E+3
-1.003000000E-4	-7.368650000E-6	3.616400000E+0	1.999967578E+4	1.609797000E+3
-1.003600000E-4	-7.532570000E-6	3.627900000E+0	1.999967578E+4	1.612568000E+3
-1.000250000E-4	-7.540020000E-6	3.638600000E+0	1.999967578E+4	1.614478000E+3
-1.000250000E-4	-7.472960000E-6	3.648700000E+0	1.999967578E+4	1.616507000E+3
-9.965200000E-5	-7.301600000E-6	3.659200000E+0	1.999967578E+4	1.618491000E+3
-9.975630000E-5	-7.502760000E-6	3.670000000E+0	1.999967578E+4	1.621305000E+3
-9.961470000E-5	-7.368650000E-6	3.681400000E+0	1.999967578E+4	1.623018000E+3
-9.916770000E-5	-7.659260000E-6	3.692700000E+0	1.999967578E+4	1.625620000E+3
-9.942100000E-5	-7.219640000E-6	3.704600000E+0	1.999967578E+4	1.627626000E+3
-9.954020000E-5	-7.331400000E-6	3.715600000E+0	1.999967578E+4	1.630017000E+3
-9.905590000E-5	-7.554920000E-6	3.725900000E+0	1.999967578E+4	1.632381000E+3
-9.854930000E-5	-7.718860000E-6	3.736000000E+0	1.999967578E+4	1.633960000E+3
-9.885480000E-5	-7.607070000E-6	3.748100000E+0	1.999967578E+4	1.636968000E+3
-9.892180000E-5	-7.696510000E-6	3.761200000E+0	1.999967578E+4	1.638935000E+3
-9.894420000E-5	-7.607070000E-6	3.773900000E+0	1.999967578E+4	1.641694000E+3
-9.870580000E-5	-7.607070000E-6	3.784800000E+0	1.999967578E+4	1.643824000E+3
-9.829600000E-5	-7.599620000E-6	3.796100000E+0	1.999967578E+4	1.645810000E+3
-9.868340000E-5	-7.644350000E-6	3.807400000E+0	1.999967578E+4	1.648196000E+3
-9.798310000E-5	-7.890220000E-6	3.817900000E+0	1.999967578E+4	1.650593000E+3
-9.814700000E-5	-7.987080000E-6	3.829800000E+0	1.999967578E+4	1.652659000E+3
-9.785640000E-5	-7.547470000E-6	3.841900000E+0	1.999967578E+4	1.655209000E+3
-9.786380000E-5	-7.480410000E-6	3.852000000E+0	1.999967578E+4	1.657246000E+3
-9.778930000E-5	-7.867870000E-6	3.865100000E+0	1.999967578E+4	1.659679000E+3
-9.751370000E-5	-7.785910000E-6	3.875400000E+0	1.999967578E+4	1.661715000E+3
-9.729010000E-5	-7.897670000E-6	3.885400000E+0	1.999967578E+4	1.664115000E+3
-9.708150000E-5	-7.778460000E-6	3.895600000E+0	1.999967578E+4	1.666063000E+3
-9.718580000E-5	-7.793370000E-6	3.907300000E+0	1.999967578E+4	1.668261000E+3
-9.661210000E-5	-8.307460000E-6	3.918600000E+0	1.999967578E+4	1.670572000E+3
-9.646310000E-5	-8.225500000E-6	3.929500000E+0	1.999967578E+4	1.672587000E+3
-9.658980000E-5	-7.860420000E-6	3.941300000E+0	1.999967578E+4	1.674994000E+3
-9.655250000E-5	-8.188250000E-6	3.952800000E+0	1.999967578E+4	1.677772000E+3
-9.663450000E-5	-7.845520000E-6	3.963600000E+0	1.999967578E+4	1.679384000E+3
-9.642590000E-5	-7.569820000E-6	3.974300000E+0	1.999967578E+4	1.682037000E+3
-9.647060000E-5	-7.450610000E-6	3.986600000E+0	1.999967578E+4	1.684354000E+3
-9.642590000E-5	-7.651800000E-6	3.998300000E+0	1.999967578E+4	1.686754000E+3
-9.571810000E-5	-7.383550000E-6	4.009500000E+0	1.999967578E+4	1.688904000E+3
-9.547970000E-5	-7.689060000E-6	4.021500000E+0	1.999967578E+4	1.690879000E+3
-9.533810000E-5	-7.927480000E-6	4.031900000E+0	1.999967578E+4	1.693272000E+3
-9.493580000E-5	-7.905120000E-6	4.043700000E+0	1.999967578E+4	1.695816000E+3
-9.511460000E-5	-7.540020000E-6	4.054500000E+0	1.999967578E+4	1.697371000E+3
-9.492830000E-5	-7.525120000E-6	4.066900000E+0	1.999967578E+4	1.700348000E+3
-9.454090000E-5	-7.383550000E-6	4.077800000E+0	1.999967578E+4	1.702357000E+3
-9.448130000E-5	-7.353750000E-6	4.088700000E+0	1.999967578E+4	1.704367000E+3
-9.433230000E-5	-7.435710000E-6	4.100600000E+0	1.999967578E+4	1.707108000E+3
-9.375110000E-5	-7.987080000E-6	4.111700000E+0	1.999967578E+4	1.709505000E+3
-9.322960000E-5	-7.823170000E-6	4.122000000E+0	1.999967578E+4	1.711148000E+3
-9.359470000E-5	-7.405910000E-6	4.132800000E+0	1.999967578E+4	1.713102000E+3
-9.287940000E-5	-7.212190000E-6	4.144900000E+0	1.999967578E+4	1.715905000E+3
-9.276020000E-5	-7.808270000E-6	4.157100000E+0	1.999967578E+4	1.718367000E+3
-9.249200000E-5	-7.808270000E-6	4.169200000E+0	1.999967578E+4	1.720577000E+3
-9.290920000E-5	-7.860420000E-6	4.183000000E+0	1.999967578E+4	1.723379000E+3
-9.250690000E-5	-7.741210000E-6	4.193100000E+0	1.999967578E+4	1.725819000E+3
-9.211200000E-5	-7.838070000E-6	4.203500000E+0	1.999967578E+4	1.727774000E+3
-9.167990000E-5	-7.994530000E-6	4.216600000E+0	1.999967578E+4	1.729792000E+3
-9.165750000E-5	-7.733760000E-6	4.231000000E+0	1.999967578E+4	1.733069000E+3
-9.150100000E-5	-7.659260000E-6	4.242500000E+0	1.999967578E+4	1.735651000E+3
-9.149360000E-5	-7.599620000E-6	4.252700000E+0	1.999967578E+4	1.737244000E+3
-9.092740000E-5	-7.703960000E-6	4.263000000E+0	1.999967578E+4	1.739630000E+3
-9.057720000E-5	-7.256890000E-6	4.273700000E+0	1.999967578E+4	1.741671000E+3
-9.010030000E-5	-7.338850000E-6	4.285600000E+0	1.999967578E+4	1.743640000E+3
-9.047290000E-5	-7.145140000E-6	4.297300000E+0	1.999967578E+4	1.746014000E+3
-9.059950000E-5	-7.465510000E-6	4.308700000E+0	1.999967578E+4	1.748803000E+3
-9.013010000E-5	-7.912570000E-6	4.320400000E+0	1.999967578E+4	1.750842000E+3
-8.987680000E-5	-8.657630000E-6	4.333200000E+0	1.999967578E+4	1.753628000E+3
-8.994390000E-5	-7.532570000E-6	4.344500000E+0	1.999967578E+4	1.755764000E+3
-8.919140000E-5	-7.830620000E-6	4.357900000E+0	1.999967578E+4	1.758547000E+3
-8.890080000E-5	-7.830620000E-6	4.368800000E+0	1.999967578E+4	1.760322000E+3
-8.873690000E-5	-8.039230000E-6	4.379600000E+0	1.999967578E+4	1.762734000E+3
-8.925840000E-5	-8.247850000E-6	4.390100000E+0	1.999967578E+4	1.765489000E+3
-8.932550000E-5	-8.232950000E-6	4.402200000E+0	1.999967578E+4	1.767464000E+3
-8.893060000E-5	-8.560780000E-6	4.412200000E+0	1.999967578E+4	1.769079000E+3
-8.893060000E-5	-8.322360000E-6	4.423600000E+0	1.999967578E+4	1.771680000E+3
-8.827490000E-5	-8.359610000E-6	4.433800000E+0	1.999967578E+4	1.773655000E+3
-8.817060000E-5	-8.367060000E-6	4.445300000E+0	1.999967578E+4	1.776183000E+3
-8.754480000E-5	-8.344710000E-6	4.457000000E+0	1.999967578E+4	1.777749000E+3
-8.727660000E-5	-8.121190000E-6	4.467500000E+0	1.999967578E+4	1.780125000E+3
-8.734360000E-5	-7.845520000E-6	4.478600000E+0	1.999967578E+4	1.782943000E+3
-8.700090000E-5	-7.681610000E-6	4.489700000E+0	1.999967578E+4	1.784914000E+3
-8.676990000E-5	-7.994530000E-6	4.500000000E+0	1.999967578E+4	1.786932000E+3
-8.651660000E-5	-7.987080000E-6	4.511300000E+0	1.999967578E+4	1.788917000E+3
-8.645700000E-5	-8.180800000E-6	4.523400000E+0	1.999967578E+4	1.791366000E+3
-8.615150000E-5	-8.352160000E-6	4.534700000E+0	1.999967578E+4	1.794260000E+3
-8.595780000E-5	-8.702340000E-6	4.545400000E+0	1.999967578E+4	1.795965000E+3
-8.570450000E-5	-8.821550000E-6	4.556100000E+0	1.999967578E+4	1.797859000E+3
-8.494450000E-5	-8.419210000E-6	4.567300000E+0	1.999967578E+4	1.800640000E+3
-8.477320000E-5	-8.560780000E-6	4.577400000E+0	1.999967578E+4	1.801992000E+3
-8.469120000E-5	-9.216430000E-6	4.588900000E+0	1.999967578E+4	1.804831000E+3
-8.433360000E-5	-9.127020000E-6	4.601700000E+0	1.999967578E+4	1.807256000E+3
-8.390890000E-5	-8.829000000E-6	4.613300000E+0	1.999967578E+4	1.809748000E+3
-8.365560000E-5	-8.687440000E-6	4.623800000E+0	1.999967578E+4	1.811327000E+3
-8.303720000E-5	-8.829000000E-6	4.635500000E+0	1.999967578E+4	1.814127000E+3
-8.280620000E-5	-8.799190000E-6	4.647500000E+0	1.999967578E+4	1.816115000E+3
-8.257530000E-5	-8.992910000E-6	4.657700000E+0	1.999967578E+4	1.818664000E+3
-8.226980000E-5	-9.216430000E-6	4.669600000E+0	1.999967578E+4	1.820653000E+3
-8.147260000E-5	-9.439940000E-6	4.682200000E+0	1.999967578E+4	1.823016000E+3
-8.131610000E-5	-9.201530000E-6	4.693300000E+0	1.999967578E+4	1.825494000E+3
-8.094360000E-5	-9.313280000E-6	4.703600000E+0	1.999967578E+4	1.827486000E+3
-8.046670000E-5	-9.350540000E-6	4.714200000E+0	1.999967578E+4	1.829819000E+3
-8.029540000E-5	-9.387790000E-6	4.725000000E+0	1.999967578E+4	1.831841000E+3
-7.945350000E-5	-9.819920000E-6	4.736400000E+0	1.999967578E+4	1.834020000E+3
-7.895430000E-5	-9.894430000E-6	4.747000000E+0	1.999967578E+4	1.836353000E+3
-7.896920000E-5	-9.916780000E-6	4.760400000E+0	1.999967578E+4	1.838830000E+3
-7.820180000E-5	-1.005830000E-5	4.771200000E+0	1.999967578E+4	1.841164000E+3
-7.738960000E-5	-1.023720000E-5	4.781500000E+0	1.999967578E+4	1.843195000E+3
-7.668930000E-5	-1.057990000E-5	4.794100000E+0	1.999967578E+4	1.845556000E+3
-7.560150000E-5	-1.064690000E-5	4.804900000E+0	1.999967578E+4	1.848119000E+3
-7.560900000E-5	-1.069910000E-5	4.816900000E+0	1.999967578E+4	1.850202000E+3
-7.522150000E-5	-1.072890000E-5	4.828100000E+0	1.999967578E+4	1.852714000E+3
-7.475210000E-5	-1.080340000E-5	4.838300000E+0	1.999967578E+4	1.854267000E+3
-7.389530000E-5	-1.142920000E-5	4.850000000E+0	1.999967578E+4	1.856634000E+3
-7.311300000E-5	-1.146650000E-5	4.860600000E+0	1.999967578E+4	1.859041000E+3
-7.299380000E-5	-1.081090000E-5	4.871000000E+0	1.999967578E+4	1.861487000E+3
-7.244250000E-5	-1.134730000E-5	4.881400000E+0	1.999967578E+4	1.863134000E+3
-7.165270000E-5	-1.148140000E-5	4.894700000E+0	1.999967578E+4	1.865623000E+3
-7.087780000E-5	-1.186880000E-5	4.905600000E+0	1.999967578E+4	1.867945000E+3
-7.008810000E-5	-1.145160000E-5	4.918200000E+0	1.999967578E+4	1.870742000E+3
-6.964850000E-5	-1.170490000E-5	4.928300000E+0	1.999967578E+4	1.872339000E+3
-6.850110000E-5	-1.154850000E-5	4.940600000E+0	1.999967578E+4	1.874758000E+3
-6.768900000E-5	-1.262130000E-5	4.952700000E+0	1.999967578E+4	1.877672000E+3
-6.726430000E-5	-1.243510000E-5	4.963100000E+0	1.999967578E+4	1.879317000E+3
-6.684710000E-5	-1.364950000E-5	4.973800000E+0	1.999967578E+4	1.881258000E+3
-6.626590000E-5	-1.294170000E-5	4.985900000E+0	1.999967578E+4	1.884522000E+3
-6.546130000E-5	-1.329190000E-5	4.996900000E+0	1.999967578E+4	1.886096000E+3
-6.447030000E-5	-1.347820000E-5	5.009900000E+0	1.999967578E+4	1.888923000E+3
-6.411270000E-5	-1.376870000E-5	5.020700000E+0	1.999967578E+4	1.891273000E+3
-6.310690000E-5	-1.425300000E-5	5.033400000E+0	1.999967578E+4	1.893261000E+3
-6.149760000E-5	-1.404440000E-5	5.045400000E+0	1.999967578E+4	1.896346000E+3
-6.102790000E-5	-1.385810000E-5	5.057400000E+0	1.999967578E+4	1.898384000E+3
-6.032010000E-5	-1.372400000E-5	5.068200000E+0	1.999967578E+4	1.900383000E+3
-5.909080000E-5	-1.424560000E-5	5.080400000E+0	1.999967578E+4	1.903138000E+3
-5.836060000E-5	-1.414870000E-5	5.092500000E+0	1.999967578E+4	1.905127000E+3
-5.729520000E-5	-1.375380000E-5	5.102800000E+0	1.999967578E+4	1.907526000E+3
-5.630430000E-5	-1.374640000E-5	5.113600000E+0	1.999967578E+4	1.909573000E+3
-5.569330000E-5	-1.442440000E-5	5.124600000E+0	1.999967578E+4	1.911539000E+3
-5.545490000E-5	-1.382090000E-5	5.134900000E+0	1.999967578E+4	1.913962000E+3
-5.472470000E-5	-1.356010000E-5	5.146800000E+0	1.999967578E+4	1.916572000E+3
-5.392750000E-5	-1.349310000E-5	5.158300000E+0	1.999967578E+4	1.918075000E+3
-5.287700000E-5	-1.344090000E-5	5.169300000E+0	1.999967578E+4	1.920488000E+3
-5.220650000E-5	-1.323970000E-5	5.179800000E+0	1.999967578E+4	1.922464000E+3
-5.111870000E-5	-1.335150000E-5	5.190600000E+0	1.999967578E+4	1.925000000E+3
-5.059710000E-5	-1.373890000E-5	5.200900000E+0	1.999967578E+4	1.927423000E+3
-5.020220000E-5	-1.351540000E-5	5.212300000E+0	1.999967578E+4	1.929423000E+3
-4.981480000E-5	-1.356010000E-5	5.224800000E+0	1.999967578E+4	1.931782000E+3
-4.858550000E-5	-1.384320000E-5	5.235300000E+0	1.999967578E+4	1.934218000E+3
-4.795220000E-5	-1.419340000E-5	5.247000000E+0	1.999967578E+4	1.935787000E+3
-4.709540000E-5	-1.408170000E-5	5.257100000E+0	1.999967578E+4	1.938219000E+3
-4.632050000E-5	-1.394750000E-5	5.268000000E+0	1.999967578E+4	1.940600000E+3
-4.622360000E-5	-1.380600000E-5	5.279600000E+0	1.999967578E+4	1.942414000E+3
-4.508370000E-5	-1.364950000E-5	5.291400000E+0	1.999967578E+4	1.945129000E+3
-4.405550000E-5	-1.385070000E-5	5.302800000E+0	1.999967578E+4	1.947589000E+3
-4.313910000E-5	-1.362720000E-5	5.313200000E+0	1.999967578E+4	1.949416000E+3
-4.220780000E-5	-1.356010000E-5	5.324500000E+0	1.999967578E+4	1.952112000E+3
-4.197680000E-5	-1.346330000E-5	5.334500000E+0	1.999967578E+4	1.953646000E+3
-4.066550000E-5	-1.356010000E-5	5.345700000E+0	1.999967578E+4	1.956133000E+3
-4.015890000E-5	-1.294920000E-5	5.356900000E+0	1.999967578E+4	1.958462000E+3
-3.990550000E-5	-1.309820000E-5	5.367200000E+0	1.999967578E+4	1.960092000E+3
-3.882520000E-5	-1.313540000E-5	5.378600000E+0	1.999967578E+4	1.962459000E+3
-3.794600000E-5	-1.263620000E-5	5.388800000E+0	1.999967578E+4	1.964856000E+3
-3.727550000E-5	-1.267350000E-5	5.401900000E+0	1.999967578E+4	1.966915000E+3
-3.661240000E-5	-1.262880000E-5	5.412400000E+0	1.999967578E+4	1.969717000E+3
-3.654530000E-5	-1.230100000E-5	5.423400000E+0	1.999967578E+4	1.971384000E+3
-3.577790000E-5	-1.215200000E-5	5.435500000E+0	1.999967578E+4	1.973919000E+3
-3.510740000E-5	-1.188370000E-5	5.448800000E+0	1.999967578E+4	1.976788000E+3
-3.439210000E-5	-1.172730000E-5	5.459700000E+0	1.999967578E+4	1.978702000E+3
-3.375880000E-5	-1.146650000E-5	5.470800000E+0	1.999967578E+4	1.981109000E+3
-3.305850000E-5	-1.134730000E-5	5.483000000E+0	1.999967578E+4	1.983152000E+3
-3.201540000E-5	-1.111630000E-5	5.496300000E+0	1.999967578E+4	1.986323000E+3
-3.139700000E-5	-1.067670000E-5	5.507400000E+0	1.999967578E+4	1.988328000E+3
-3.063700000E-5	-1.101200000E-5	5.518200000E+0	1.999967578E+4	1.990728000E+3
-3.053270000E-5	-1.039360000E-5	5.530400000E+0	1.999967578E+4	1.992443000E+3
-2.962360000E-5	-1.033400000E-5	5.540500000E+0	1.999967578E+4	1.994912000E+3
-2.907230000E-5	-9.946580000E-6	5.550500000E+0	1.999967578E+4	1.996907000E+3
-2.869230000E-5	-9.551700000E-6	5.561900000E+0	1.999967578E+4	1.999241000E+3
-2.850600000E-5	-8.978010000E-6	5.574100000E+0	1.999967578E+4	2.001703000E+3
-2.808140000E-5	-8.367060000E-6	5.585600000E+0	1.999967578E+4	2.003657000E+3
-2.737350000E-5	-7.845520000E-6	5.595800000E+0	1.999967578E+4	2.006039000E+3
-2.787270000E-5	-8.039230000E-6	5.608900000E+0	1.999967578E+4	2.008656000E+3
-2.790250000E-5	-7.227090000E-6	5.619800000E+0	1.999967578E+4	2.010991000E+3
-2.746300000E-5	-7.204740000E-6	5.630700000E+0	1.999967578E+4	2.012991000E+3
-2.708300000E-5	-6.720450000E-6	5.642200000E+0	1.999967578E+4	2.015002000E+3
-2.671040000E-5	-6.400080000E-6	5.653000000E+0	1.999967578E+4	2.017797000E+3
-2.634540000E-5	-6.258520000E-6	5.663900000E+0	1.999967578E+4	2.019771000E+3
-2.622620000E-5	-5.900890000E-6	5.674800000E+0	1.999967578E+4	2.021773000E+3
-2.578660000E-5	-5.565610000E-6	5.686100000E+0	1.999967578E+4	2.024195000E+3
-2.543640000E-5	-5.282490000E-6	5.697400000E+0	1.999967578E+4	2.026328000E+3
-2.521290000E-5	-5.222890000E-6	5.708400000E+0	1.999967578E+4	2.028763000E+3
-2.513090000E-5	-4.924860000E-6	5.720400000E+0	1.999967578E+4	2.030841000E+3
-2.511600000E-5	-4.798200000E-6	5.730400000E+0	1.999967578E+4	2.033260000E+3
-2.521290000E-5	-4.790750000E-6	5.742700000E+0	1.999967578E+4	2.035250000E+3
-2.503410000E-5	-4.924860000E-6	5.752800000E+0	1.999967578E+4	2.037239000E+3
-2.457960000E-5	-4.999370000E-6	5.764200000E+0	1.999967578E+4	2.039727000E+3
-2.520540000E-5	-4.977020000E-6	5.774800000E+0	1.999967578E+4	2.042084000E+3
-2.511600000E-5	-4.753500000E-6	5.785200000E+0	1.999967578E+4	2.044059000E+3
-2.491490000E-5	-4.604490000E-6	5.795500000E+0	1.999967578E+4	2.045643000E+3
-2.486270000E-5	-4.664090000E-6	5.806200000E+0	1.999967578E+4	2.048170000E+3
-2.496700000E-5	-4.068050000E-6	5.817700000E+0	1.999967578E+4	2.050631000E+3
-2.484780000E-5	-4.492730000E-6	5.828200000E+0	1.999967578E+4	2.052178000E+3
-2.485530000E-5	-4.231960000E-6	5.840100000E+0	1.999967578E+4	2.054633000E+3
-2.463920000E-5	-4.269210000E-6	5.850100000E+0	1.999967578E+4	2.057422000E+3
-2.487020000E-5	-3.971190000E-6	5.863400000E+0	1.999967578E+4	2.059781000E+3
-2.495210000E-5	-3.993540000E-6	5.874300000E+0	1.999967578E+4	2.061379000E+3
-2.457210000E-5	-4.150000000E-6	5.886900000E+0	1.999967578E+4	2.064220000E+3
-2.454980000E-5	-4.120200000E-6	5.897400000E+0	1.999967578E+4	2.066174000E+3
-2.446040000E-5	-4.187260000E-6	5.908700000E+0	1.999967578E+4	2.068786000E+3
-2.440080000E-5	-4.261760000E-6	5.918700000E+0	1.999967578E+4	2.070719000E+3
-2.442310000E-5	-4.515080000E-6	5.928900000E+0	1.999967578E+4	2.072357000E+3
-2.477330000E-5	-4.537430000E-6	5.939900000E+0	1.999967578E+4	2.074702000E+3
-2.484040000E-5	-4.313920000E-6	5.950600000E+0	1.999967578E+4	2.077119000E+3
-2.494470000E-5	-4.351170000E-6	5.962000000E+0	1.999967578E+4	2.079167000E+3
-2.539910000E-5	-4.477830000E-6	5.972100000E+0	1.999967578E+4	2.081131000E+3
-2.523520000E-5	-4.254310000E-6	5.983400000E+0	1.999967578E+4	2.083694000E+3
-2.537680000E-5	-4.716250000E-6	5.995200000E+0	1.999967578E+4	2.085634000E+3
-2.492980000E-5	-4.567240000E-6	6.007500000E+0	1.999967578E+4	2.088436000E+3
-2.463170000E-5	-4.805650000E-6	6.017600000E+0	1.999967578E+4	2.090030000E+3
-2.477330000E-5	-4.582140000E-6	6.027900000E+0	1.999967578E+4	2.092599000E+3
-2.466900000E-5	-4.574690000E-6	6.040200000E+0	1.999967578E+4	2.095020000E+3
-2.492980000E-5	-4.529980000E-6	6.050400000E+0	1.999967578E+4	2.097020000E+3
-2.507130000E-5	-4.589590000E-6	6.062100000E+0	1.999967578E+4	2.099012000E+3
-2.487020000E-5	-4.768400000E-6	6.072400000E+0	1.999967578E+4	2.101355000E+3
-2.519050000E-5	-4.589590000E-6	6.083000000E+0	1.999967578E+4	2.103761000E+3
-2.499680000E-5	-4.686440000E-6	6.093300000E+0	1.999967578E+4	2.105586000E+3
-2.446780000E-5	-4.693890000E-6	6.103800000E+0	1.999967578E+4	2.107896000E+3
-2.469880000E-5	-4.537430000E-6	6.114600000E+0	1.999967578E+4	2.109577000E+3
-2.479560000E-5	-4.626840000E-6	6.125300000E+0	1.999967578E+4	2.111923000E+3
-2.478820000E-5	-4.567240000E-6	6.135700000E+0	1.999967578E+4	2.114304000E+3
-2.448270000E-5	-4.611940000E-6	6.147200000E+0	1.999967578E+4	2.116290000E+3
-2.481050000E-5	-4.448030000E-6	6.159000000E+0	1.999967578E+4	2.118284000E+3
-2.452000000E-5	-4.522530000E-6	6.170400000E+0	1.999967578E+4	2.120771000E+3
-2.454980000E-5	-4.194710000E-6	6.181900000E+0	1.999967578E+4	2.123525000E+3
-2.483290000E-5	-4.462930000E-6	6.192300000E+0	1.999967578E+4	2.125525000E+3
-2.460940000E-5	-4.828010000E-6	6.204200000E+0	1.999967578E+4	2.127559000E+3
-2.410270000E-5	-4.880160000E-6	6.215500000E+0	1.999967578E+4	2.129909000E+3
-2.495960000E-5	-4.969570000E-6	6.227900000E+0	1.999967578E+4	2.132296000E+3
-2.471370000E-5	-4.671540000E-6	6.238600000E+0	1.999967578E+4	2.134041000E+3
-2.442310000E-5	-5.044070000E-6	6.248900000E+0	1.999967578E+4	2.136876000E+3
-2.472110000E-5	-5.088780000E-6	6.260000000E+0	1.999967578E+4	2.138830000E+3
-2.456470000E-5	-4.820550000E-6	6.271000000E+0	1.999967578E+4	2.141215000E+3
-2.447530000E-5	-4.999370000E-6	6.282100000E+0	1.999967578E+4	2.143219000E+3
-2.483290000E-5	-4.671540000E-6	6.292200000E+0	1.999967578E+4	2.145249000E+3
-2.477330000E-5	-4.753500000E-6	6.303000000E+0	1.999967578E+4	2.147345000E+3
-2.416230000E-5	-4.984470000E-6	6.314300000E+0	1.999967578E+4	2.149741000E+3
-2.457960000E-5	-4.746050000E-6	6.326600000E+0	1.999967578E+4	2.152231000E+3
-2.406550000E-5	-4.753500000E-6	6.338700000E+0	1.999967578E+4	2.154148000E+3
-2.440820000E-5	-4.135100000E-6	6.350600000E+0	1.999967578E+4	2.156962000E+3
-2.444550000E-5	-4.552330000E-6	6.360700000E+0	1.999967578E+4	2.158994000E+3
-2.430390000E-5	-4.507630000E-6	6.373000000E+0	1.999967578E+4	2.161571000E+3
-2.451250000E-5	-4.380970000E-6	6.384000000E+0	1.999967578E+4	2.163612000E+3
-2.452000000E-5	-4.388420000E-6	6.394900000E+0	1.999967578E+4	2.165504000E+3
-2.463920000E-5	-4.217060000E-6	6.407300000E+0	1.999967578E+4	2.168045000E+3
-2.457210000E-5	-4.217060000E-6	6.418200000E+0	1.999967578E+4	2.170840000E+3
-2.443060000E-5	-4.358620000E-6	6.429000000E+0	1.999967578E+4	2.172849000E+3
-2.457210000E-5	-4.425670000E-6	6.440000000E+0	1.999967578E+4	2.174824000E+3
-2.413250000E-5	-4.105300000E-6	6.452400000E+0	1.999967578E+4	2.177232000E+3
-2.454230000E-5	-4.135100000E-6	6.465100000E+0	1.999967578E+4	2.179629000E+3
-2.498190000E-5	-4.410770000E-6	6.476300000E+0	1.999967578E+4	2.182451000E+3
-2.498940000E-5	-4.150000000E-6	6.487200000E+0	1.999967578E+4	2.184413000E+3
-2.510110000E-5	-4.611940000E-6	6.498400000E+0	1.999967578E+4	2.186444000E+3
-2.443060000E-5	-4.656640000E-6	6.509300000E+0	1.999967578E+4	2.188851000E+3
-2.444550000E-5	-4.462930000E-6	6.521100000E+0	1.999967578E+4	2.190823000E+3
-2.520540000E-5	-4.410770000E-6	6.531600000E+0	1.999967578E+4	2.193247000E+3
-2.463920000E-5	-4.507630000E-6	6.543100000E+0	1.999967578E+4	2.195648000E+3
-2.463170000E-5	-4.515080000E-6	6.553600000E+0	1.999967578E+4	2.197692000E+3
-2.459450000E-5	-4.440580000E-6	6.564300000E+0	1.999967578E+4	2.199623000E+3
-2.488510000E-5	-4.388420000E-6	6.576700000E+0	1.999967578E+4	2.202079000E+3
-2.498190000E-5	-4.805650000E-6	6.587900000E+0	1.999967578E+4	2.204467000E+3
-2.517560000E-5	-4.649190000E-6	6.598200000E+0	1.999967578E+4	2.206580000E+3
-2.475840000E-5	-4.366070000E-6	6.611400000E+0	1.999967578E+4	2.209097000E+3
-2.480310000E-5	-4.410770000E-6	6.623100000E+0	1.999967578E+4	2.211118000E+3
-2.478070000E-5	-4.477830000E-6	6.633900000E+0	1.999967578E+4	2.213605000E+3
-2.483290000E-5	-4.373520000E-6	6.644400000E+0	1.999967578E+4	2.215913000E+3
-2.498190000E-5	-4.336270000E-6	6.657800000E+0	1.999967578E+4	2.218314000E+3
-2.500430000E-5	-4.060600000E-6	6.669100000E+0	1.999967578E+4	2.220327000E+3
-2.544380000E-5	-3.650800000E-6	6.679300000E+0	1.999967578E+4	2.222751000E+3
-2.470620000E-5	-3.963740000E-6	6.691900000E+0	1.999967578E+4	2.225117000E+3
-2.475090000E-5	-3.956290000E-6	6.702400000E+0	1.999967578E+4	2.227510000E+3
-2.474350000E-5	-4.112750000E-6	6.714200000E+0	1.999967578E+4	2.229644000E+3
-2.546620000E-5	-3.777460000E-6	6.726400000E+0	1.999967578E+4	2.231917000E+3
-2.618890000E-5	-3.270820000E-6	6.737300000E+0	1.999967578E+4	2.234481000E+3
-2.546620000E-5	-3.419830000E-6	6.748300000E+0	1.999967578E+4	2.236982000E+3
-2.572700000E-5	-2.853590000E-6	6.760600000E+0	1.999967578E+4	2.238994000E+3
-2.533950000E-5	-2.980250000E-6	6.771800000E+0	1.999967578E+4	2.241048000E+3
-2.578660000E-5	-2.920640000E-6	6.782900000E+0	1.999967578E+4	2.243390000E+3
-2.550350000E-5	-3.695500000E-6	6.793800000E+0	1.999967578E+4	2.245791000E+3
-2.548860000E-5	-3.740210000E-6	6.804400000E+0	1.999967578E+4	2.247413000E+3
-2.568970000E-5	-3.062200000E-6	6.817100000E+0	1.999967578E+4	2.250202000E+3
-2.611440000E-5	-3.680600000E-6	6.828600000E+0	1.999967578E+4	2.252577000E+3
-2.596540000E-5	-4.060600000E-6	6.838800000E+0	1.999967578E+4	2.255035000E+3
-2.618150000E-5	-3.941390000E-6	6.849600000E+0	1.999967578E+4	2.256646000E+3
-2.596540000E-5	-3.993540000E-6	6.860400000E+0	1.999967578E+4	2.258607000E+3
-2.620380000E-5	-4.962120000E-6	6.871800000E+0	1.999967578E+4	2.261030000E+3
-2.554070000E-5	-4.753500000E-6	6.883000000E+0	1.999967578E+4	2.263806000E+3
-2.546620000E-5	-4.440580000E-6	6.893100000E+0	1.999967578E+4	2.265781000E+3
-2.584620000E-5	-4.313920000E-6	6.903400000E+0	1.999967578E+4	2.267392000E+3
-2.577910000E-5	-4.388420000E-6	6.914300000E+0	1.999967578E+4	2.269380000E+3
-2.574190000E-5	-4.164900000E-6	6.925200000E+0	1.999967578E+4	2.272193000E+3
-2.586850000E-5	-4.500180000E-6	6.935900000E+0	1.999967578E+4	2.274376000E+3
-2.552580000E-5	-4.701350000E-6	6.947300000E+0	1.999967578E+4	2.275964000E+3
-2.536190000E-5	-4.671540000E-6	6.958000000E+0	1.999967578E+4	2.278325000E+3
-2.562270000E-5	-4.634290000E-6	6.968400000E+0	1.999967578E+4	2.280311000E+3
-2.537680000E-5	-4.909960000E-6	6.980700000E+0	1.999967578E+4	2.283134000E+3
-2.554070000E-5	-4.701350000E-6	6.992000000E+0	1.999967578E+4	2.285500000E+3
-2.505640000E-5	-4.828010000E-6	7.003400000E+0	1.999967578E+4	2.287250000E+3
-2.548860000E-5	-4.738600000E-6	7.015700000E+0	1.999967578E+4	2.290063000E+3
-2.510860000E-5	-5.088780000E-6	7.027600000E+0	1.999967578E+4	2.292063000E+3
-2.545130000E-5	-5.103680000E-6	7.038900000E+0	1.999967578E+4	2.294906000E+3
-2.508620000E-5	-4.902510000E-6	7.049100000E+0	1.999967578E+4	2.296862000E+3
-2.498940000E-5	-5.170730000E-6	7.060700000E+0	1.999967578E+4	2.298975000E+3
-2.511600000E-5	-5.267590000E-6	7.072100000E+0	1.999967578E+4	2.301047000E+3
-2.481800000E-5	-4.909960000E-6	7.083500000E+0	1.999967578E+4	2.303392000E+3
-2.502660000E-5	-4.880160000E-6	7.093600000E+0	1.999967578E+4	2.305859000E+3
-2.531720000E-5	-5.207980000E-6	7.105400000E+0	1.999967578E+4	2.308195000E+3
-2.524270000E-5	-5.200530000E-6	7.116100000E+0	1.999967578E+4	2.310241000E+3
-2.557800000E-5	-5.260140000E-6	7.126900000E+0	1.999967578E+4	2.312174000E+3
-2.545880000E-5	-4.984470000E-6	7.139100000E+0	1.999967578E+4	2.314629000E+3
-2.450510000E-5	-5.185630000E-6	7.152000000E+0	1.999967578E+4	2.317543000E+3
-2.437100000E-5	-5.312290000E-6	7.162300000E+0	1.999967578E+4	2.319154000E+3
-2.445290000E-5	-5.528360000E-6	7.172900000E+0	1.999967578E+4	2.321098000E+3
-2.472110000E-5	-5.386800000E-6	7.183100000E+0	1.999967578E+4	2.323519000E+3
-2.432630000E-5	-5.103680000E-6	7.194300000E+0	1.999967578E+4	2.325911000E+3
-2.495960000E-5	-5.029170000E-6	7.204600000E+0	1.999967578E+4	2.327909000E+3
-2.463170000E-5	-5.088780000E-6	7.215800000E+0	1.999967578E+4	2.329957000E+3
-2.495960000E-5	-4.954670000E-6	7.226700000E+0	1.999967578E+4	2.332314000E+3
-2.476580000E-5	-4.813100000E-6	7.237100000E+0	1.999967578E+4	2.334325000E+3
-2.481050000E-5	-5.133480000E-6	7.247400000E+0	1.999967578E+4	2.335907000E+3
-2.432630000E-5	-4.872710000E-6	7.258000000E+0	1.999967578E+4	2.338732000E+3
-2.524270000E-5	-4.798200000E-6	7.268300000E+0	1.999967578E+4	2.340323000E+3
-2.516070000E-5	-4.999370000E-6	7.278500000E+0	1.999967578E+4	2.342305000E+3
-2.540660000E-5	-4.649190000E-6	7.289200000E+0	1.999967578E+4	2.344688000E+3
-2.568970000E-5	-4.515080000E-6	7.300600000E+0	1.999967578E+4	2.347241000E+3
-2.457960000E-5	-4.962120000E-6	7.311300000E+0	1.999967578E+4	2.349250000E+3
-2.437840000E-5	-4.939760000E-6	7.323300000E+0	1.999967578E+4	2.351235000E+3
-2.449020000E-5	-4.962120000E-6	7.334500000E+0	1.999967578E+4	2.353669000E+3
-2.482550000E-5	-4.991920000E-6	7.345400000E+0	1.999967578E+4	2.356436000E+3
-2.501920000E-5	-5.073870000E-6	7.357500000E+0	1.999967578E+4	2.358439000E+3
-2.493720000E-5	-5.222890000E-6	7.368500000E+0	1.999967578E+4	2.360444000E+3
-2.446040000E-5	-5.498560000E-6	7.378700000E+0	1.999967578E+4	2.362442000E+3
-2.449020000E-5	-5.364450000E-6	7.388800000E+0	1.999967578E+4	2.364420000E+3
-2.438590000E-5	-5.319740000E-6	7.401000000E+0	1.999967578E+4	2.367393000E+3
-2.499680000E-5	-4.887610000E-6	7.411800000E+0	1.999967578E+4	2.369400000E+3
-2.501170000E-5	-5.081330000E-6	7.422400000E+0	1.999967578E+4	2.371396000E+3
-2.448270000E-5	-5.066420000E-6	7.433300000E+0	1.999967578E+4	2.373493000E+3
-2.516070000E-5	-5.334640000E-6	7.445000000E+0	1.999967578E+4	2.375895000E+3
-2.502660000E-5	-5.334640000E-6	7.457800000E+0	1.999967578E+4	2.377915000E+3
-2.526500000E-5	-5.513460000E-6	7.470300000E+0	1.999967578E+4	2.380710000E+3
-2.475840000E-5	-5.796580000E-6	7.481000000E+0	1.999967578E+4	2.382730000E+3
-2.476580000E-5	-5.424050000E-6	7.491400000E+0	1.999967578E+4	2.385097000E+3
-2.489250000E-5	-5.006820000E-6	7.502700000E+0	1.999967578E+4	2.387941000E+3
