20240415a_HM449HfTa4Zr_chiAC_vs_T_B_4.002.txt Tue, Apr 15, 2025 5:45:55 PM Juan Gabe
Magnet: None
Trigger spacing of 0.010000 on column #3
Offsets:	0.000000000E+0	0.000000000E+0	0.000000000E+0	0.000000000E+0	0.000000000E+0

Scale Factors:	1.000000000E+0	1.000000000E+0	1.000000000E+0	1.000000000E+0	1.000000000E+0

40000 Oe (4 T)
Lockin_V_002	Chan2_V_002	Temperture_002	Field_002	Timestamp_002
1.180180000E-5	-1.809010000E-5	7.500200000E+0	3.999977344E+4	2.900000000E-2
8.203150000E-6	-2.051900000E-5	7.490100000E+0	3.999977344E+4	1.077100000E+1
9.022710000E-6	-2.011670000E-5	7.478300000E+0	3.999977344E+4	1.276400000E+1
7.249440000E-6	-2.092880000E-5	7.466200000E+0	3.999977344E+4	1.440500000E+1
8.523520000E-6	-2.022840000E-5	7.454700000E+0	3.999977344E+4	1.636900000E+1
9.559150000E-6	-2.071270000E-5	7.442600000E+0	3.999977344E+4	1.920300000E+1
8.873700000E-6	-1.979630000E-5	7.431800000E+0	3.999977344E+4	2.117400000E+1
9.745420000E-6	-1.892460000E-5	7.421200000E+0	3.999977344E+4	2.342900000E+1
1.188370000E-5	-1.880540000E-5	7.409900000E+0	3.999977344E+4	2.587300000E+1
1.102690000E-5	-1.864150000E-5	7.398100000E+0	3.999977344E+4	2.783300000E+1
9.052510000E-6	-2.052650000E-5	7.388000000E+0	3.999977344E+4	2.964600000E+1
1.219670000E-5	-1.765050000E-5	7.376700000E+0	3.999977344E+4	3.237200000E+1
1.210730000E-5	-1.753130000E-5	7.366200000E+0	3.999977344E+4	3.435700000E+1
1.014030000E-5	-1.688310000E-5	7.354400000E+0	3.999977344E+4	3.677100000E+1
8.434120000E-6	-1.982610000E-5	7.343700000E+0	3.999977344E+4	3.874900000E+1
7.785910000E-6	-1.876810000E-5	7.332800000E+0	3.999977344E+4	4.122900000E+1
7.621970000E-6	-1.991550000E-5	7.321200000E+0	3.999977344E+4	4.317400000E+1
1.052030000E-5	-1.948340000E-5	7.309500000E+0	3.999977344E+4	4.518600000E+1
9.186620000E-6	-2.013160000E-5	7.298300000E+0	3.999977344E+4	4.758200000E+1
9.238780000E-6	-2.004960000E-5	7.287800000E+0	3.999977344E+4	5.000100000E+1
9.365440000E-6	-2.281380000E-5	7.277400000E+0	3.999977344E+4	5.204400000E+1
6.929070000E-6	-2.434860000E-5	7.266800000E+0	3.999977344E+4	5.436800000E+1
8.158440000E-6	-2.194210000E-5	7.255500000E+0	3.999977344E+4	5.597500000E+1
9.439940000E-6	-2.042960000E-5	7.244500000E+0	3.999977344E+4	5.840700000E+1
8.612930000E-6	-2.108530000E-5	7.233900000E+0	3.999977344E+4	6.037500000E+1
7.107880000E-6	-2.297030000E-5	7.223100000E+0	3.999977344E+4	6.282100000E+1
9.805020000E-6	-2.074250000E-5	7.211900000E+0	3.999977344E+4	6.517800000E+1
1.086300000E-5	-1.959510000E-5	7.199500000E+0	3.999977344E+4	6.756300000E+1
9.089770000E-6	-1.935670000E-5	7.188900000E+0	3.999977344E+4	6.955300000E+1
9.551700000E-6	-2.197930000E-5	7.177700000E+0	3.999977344E+4	7.157100000E+1
1.174220000E-5	-1.835090000E-5	7.166400000E+0	3.999977344E+4	7.395200000E+1
9.521900000E-6	-2.124920000E-5	7.156300000E+0	3.999977344E+4	7.679000000E+1
8.121190000E-6	-2.309690000E-5	7.145600000E+0	3.999977344E+4	7.837700000E+1
7.897670000E-6	-1.883520000E-5	7.134600000E+0	3.999977344E+4	8.037700000E+1
6.750260000E-6	-2.083940000E-5	7.124500000E+0	3.999977344E+4	8.238700000E+1
6.914170000E-6	-1.989320000E-5	7.114500000E+0	3.999977344E+4	8.455700000E+1
7.517660000E-6	-1.934180000E-5	7.103200000E+0	3.999977344E+4	8.698200000E+1
8.232950000E-6	-1.999750000E-5	7.093100000E+0	3.999977344E+4	8.849400000E+1
8.188250000E-6	-2.058610000E-5	7.081800000E+0	3.999977344E+4	9.067600000E+1
8.590580000E-6	-2.030290000E-5	7.071200000E+0	3.999977344E+4	9.304200000E+1
1.108650000E-5	-2.096610000E-5	7.060900000E+0	3.999977344E+4	9.523500000E+1
8.747040000E-6	-2.129390000E-5	7.049300000E+0	3.999977344E+4	9.802400000E+1
1.125790000E-5	-1.720350000E-5	7.038500000E+0	3.999977344E+4	9.961400000E+1
1.058730000E-5	-1.736740000E-5	7.027600000E+0	3.999977344E+4	1.016820000E+2
9.037610000E-6	-2.113000000E-5	7.017100000E+0	3.999977344E+4	1.041220000E+2
8.992910000E-6	-2.106290000E-5	7.005800000E+0	3.999977344E+4	1.065380000E+2
1.089280000E-5	-1.911090000E-5	6.995500000E+0	3.999977344E+4	1.078910000E+2
7.338850000E-6	-2.175580000E-5	6.984500000E+0	3.999977344E+4	1.106510000E+2
1.060220000E-5	-2.200910000E-5	6.973900000E+0	3.999977344E+4	1.126470000E+2
8.978010000E-6	-2.133860000E-5	6.961900000E+0	3.999977344E+4	1.147530000E+2
7.487860000E-6	-2.241150000E-5	6.951500000E+0	3.999977344E+4	1.171910000E+2
7.510210000E-6	-2.151740000E-5	6.940300000E+0	3.999977344E+4	1.193430000E+2
6.929070000E-6	-2.151740000E-5	6.929600000E+0	3.999977344E+4	1.213280000E+2
8.657630000E-6	-1.957280000E-5	6.918100000E+0	3.999977344E+4	1.237130000E+2
9.544250000E-6	-2.023590000E-5	6.907000000E+0	3.999977344E+4	1.258410000E+2
8.545870000E-6	-2.118960000E-5	6.896300000E+0	3.999977344E+4	1.286780000E+2
1.003600000E-5	-2.251580000E-5	6.885800000E+0	3.999977344E+4	1.304300000E+2
9.834820000E-6	-1.811990000E-5	6.875400000E+0	3.999977344E+4	1.321520000E+2
7.398460000E-6	-2.306710000E-5	6.863100000E+0	3.999977344E+4	1.346860000E+2
9.685810000E-6	-1.931950000E-5	6.849800000E+0	3.999977344E+4	1.375900000E+2
9.290930000E-6	-1.875320000E-5	6.838600000E+0	3.999977344E+4	1.393630000E+2
7.867870000E-6	-1.982610000E-5	6.826000000E+0	3.999977344E+4	1.424030000E+2
6.511840000E-6	-2.106290000E-5	6.814700000E+0	3.999977344E+4	1.440400000E+2
8.091390000E-6	-1.829130000E-5	6.802200000E+0	3.999977344E+4	1.469260000E+2
6.876910000E-6	-2.012410000E-5	6.791600000E+0	3.999977344E+4	1.493800000E+2
8.307460000E-6	-1.981120000E-5	6.778400000E+0	3.999977344E+4	1.516230000E+2
7.122780000E-6	-2.169620000E-5	6.766800000E+0	3.999977344E+4	1.540240000E+2
7.681610000E-6	-1.844780000E-5	6.755900000E+0	3.999977344E+4	1.563140000E+2
7.212190000E-6	-1.961000000E-5	6.744000000E+0	3.999977344E+4	1.586950000E+2
6.645950000E-6	-1.913320000E-5	6.732800000E+0	3.999977344E+4	1.604120000E+2
1.066180000E-5	-1.454360000E-5	6.722000000E+0	3.999977344E+4	1.629350000E+2
9.842280000E-6	-1.778470000E-5	6.711600000E+0	3.999977344E+4	1.650590000E+2
8.195700000E-6	-1.849990000E-5	6.701400000E+0	3.999977344E+4	1.671030000E+2
8.747040000E-6	-1.979630000E-5	6.688900000E+0	3.999977344E+4	1.697270000E+2
8.031780000E-6	-2.080960000E-5	6.677100000E+0	3.999977344E+4	1.717720000E+2
9.514450000E-6	-1.860420000E-5	6.666100000E+0	3.999977344E+4	1.740010000E+2
9.298380000E-6	-1.659260000E-5	6.655500000E+0	3.999977344E+4	1.764220000E+2
8.337260000E-6	-1.900650000E-5	6.644500000E+0	3.999977344E+4	1.786170000E+2
8.635280000E-6	-2.046690000E-5	6.634000000E+0	3.999977344E+4	1.802970000E+2
9.514450000E-6	-2.026570000E-5	6.623300000E+0	3.999977344E+4	1.828540000E+2
8.307460000E-6	-2.077980000E-5	6.611700000E+0	3.999977344E+4	1.852670000E+2
1.068420000E-5	-1.628710000E-5	6.601400000E+0	3.999977344E+4	1.866600000E+2
1.107910000E-5	-1.819440000E-5	6.590000000E+0	3.999977344E+4	1.894950000E+2
1.090770000E-5	-1.744940000E-5	6.579900000E+0	3.999977344E+4	1.912730000E+2
8.739590000E-6	-1.982610000E-5	6.567200000E+0	3.999977344E+4	1.937880000E+2
1.033400000E-5	-1.725570000E-5	6.555200000E+0	3.999977344E+4	1.963830000E+2
7.860420000E-6	-2.089150000E-5	6.542000000E+0	3.999977344E+4	1.995050000E+2
7.301600000E-6	-2.002730000E-5	6.531600000E+0	3.999977344E+4	2.009850000E+2
7.212190000E-6	-2.010920000E-5	6.520500000E+0	3.999977344E+4	2.032280000E+2
7.055730000E-6	-1.987080000E-5	6.509900000E+0	3.999977344E+4	2.052240000E+2
7.756110000E-6	-2.058610000E-5	6.499400000E+0	3.999977344E+4	2.079260000E+2
1.020740000E-5	-1.746430000E-5	6.489100000E+0	3.999977344E+4	2.098900000E+2
9.790120000E-6	-1.975160000E-5	6.478700000E+0	3.999977344E+4	2.115280000E+2
1.140690000E-5	-2.130880000E-5	6.467300000E+0	3.999977344E+4	2.136790000E+2
1.166020000E-5	-1.737490000E-5	6.457200000E+0	3.999977344E+4	2.158020000E+2
1.102690000E-5	-2.006450000E-5	6.445700000E+0	3.999977344E+4	2.182930000E+2
1.287470000E-5	-1.934180000E-5	6.434300000E+0	3.999977344E+4	2.209790000E+2
1.142180000E-5	-1.965470000E-5	6.422300000E+0	3.999977344E+4	2.230440000E+2
1.057240000E-5	-2.210600000E-5	6.410000000E+0	3.999977344E+4	2.255570000E+2
1.131750000E-5	-2.014650000E-5	6.399400000E+0	3.999977344E+4	2.274930000E+2
1.008810000E-5	-2.238910000E-5	6.386400000E+0	3.999977344E+4	2.297980000E+2
9.507000000E-6	-2.077980000E-5	6.373900000E+0	3.999977344E+4	2.326150000E+2
1.109400000E-5	-1.876810000E-5	6.363600000E+0	3.999977344E+4	2.348070000E+2
1.144420000E-5	-1.960260000E-5	6.350500000E+0	3.999977344E+4	2.372760000E+2
1.332910000E-5	-2.063080000E-5	6.340500000E+0	3.999977344E+4	2.393740000E+2
1.307580000E-5	-1.766540000E-5	6.329800000E+0	3.999977344E+4	2.414850000E+2
1.253940000E-5	-2.001980000E-5	6.318900000E+0	3.999977344E+4	2.436480000E+2
1.340370000E-5	-2.077980000E-5	6.307600000E+0	3.999977344E+4	2.457600000E+2
1.269580000E-5	-2.032530000E-5	6.296200000E+0	3.999977344E+4	2.478810000E+2
9.976390000E-6	-2.197930000E-5	6.285200000E+0	3.999977344E+4	2.503860000E+2
9.276030000E-6	-2.022100000E-5	6.275100000E+0	3.999977344E+4	2.521490000E+2
1.012540000E-5	-1.814230000E-5	6.265000000E+0	3.999977344E+4	2.546200000E+2
1.009560000E-5	-2.083940000E-5	6.254800000E+0	3.999977344E+4	2.566930000E+2
1.057990000E-5	-1.907360000E-5	6.243600000E+0	3.999977344E+4	2.584310000E+2
1.057240000E-5	-2.148760000E-5	6.231400000E+0	3.999977344E+4	2.609610000E+2
1.108650000E-5	-1.695760000E-5	6.219700000E+0	3.999977344E+4	2.634090000E+2
9.819920000E-6	-1.989320000E-5	6.208500000E+0	3.999977344E+4	2.656260000E+2
1.005830000E-5	-2.019120000E-5	6.198000000E+0	3.999977344E+4	2.681630000E+2
1.024460000E-5	-1.905870000E-5	6.187500000E+0	3.999977344E+4	2.698900000E+2
9.432490000E-6	-2.047430000E-5	6.175500000E+0	3.999977344E+4	2.720750000E+2
9.179170000E-6	-1.879790000E-5	6.163200000E+0	3.999977344E+4	2.749530000E+2
9.141920000E-6	-2.034770000E-5	6.152800000E+0	3.999977344E+4	2.766740000E+2
1.019990000E-5	-2.146520000E-5	6.142000000E+0	3.999977344E+4	2.787520000E+2
9.432490000E-6	-1.992300000E-5	6.131700000E+0	3.999977344E+4	2.809720000E+2
8.888600000E-6	-1.787410000E-5	6.121100000E+0	3.999977344E+4	2.833430000E+2
9.782670000E-6	-1.712160000E-5	6.108500000E+0	3.999977344E+4	2.855260000E+2
9.380340000E-6	-1.638390000E-5	6.097500000E+0	3.999977344E+4	2.876130000E+2
8.992910000E-6	-1.692780000E-5	6.085900000E+0	3.999977344E+4	2.901520000E+2
9.447390000E-6	-1.849250000E-5	6.074200000E+0	3.999977344E+4	2.923560000E+2
1.151120000E-5	-1.738230000E-5	6.064100000E+0	3.999977344E+4	2.948590000E+2
9.201530000E-6	-1.786660000E-5	6.053500000E+0	3.999977344E+4	2.968300000E+2
9.648560000E-6	-1.700230000E-5	6.041300000E+0	3.999977344E+4	2.990890000E+2
1.049790000E-5	-1.858930000E-5	6.029000000E+0	3.999977344E+4	3.017480000E+2
1.058730000E-5	-1.804540000E-5	6.015200000E+0	3.999977344E+4	3.041850000E+2
1.171980000E-5	-1.761330000E-5	6.004500000E+0	3.999977344E+4	3.063130000E+2
1.049790000E-5	-1.670430000E-5	5.993800000E+0	3.999977344E+4	3.086930000E+2
1.109400000E-5	-1.489380000E-5	5.981200000E+0	3.999977344E+4	3.109610000E+2
8.761940000E-6	-1.701720000E-5	5.970700000E+0	3.999977344E+4	3.133590000E+2
9.052510000E-6	-1.697250000E-5	5.959600000E+0	3.999977344E+4	3.152270000E+2
9.566600000E-6	-1.676390000E-5	5.948000000E+0	3.999977344E+4	3.179430000E+2
8.955660000E-6	-1.825400000E-5	5.937800000E+0	3.999977344E+4	3.197460000E+2
7.949830000E-6	-1.716630000E-5	5.927600000E+0	3.999977344E+4	3.221320000E+2
9.223880000E-6	-1.935670000E-5	5.917000000E+0	3.999977344E+4	3.244660000E+2
9.886980000E-6	-1.921520000E-5	5.904500000E+0	3.999977344E+4	3.265390000E+2
8.195700000E-6	-1.836580000E-5	5.891800000E+0	3.999977344E+4	3.286630000E+2
9.171720000E-6	-1.843290000E-5	5.880400000E+0	3.999977344E+4	3.312290000E+2
7.182390000E-6	-1.639880000E-5	5.868600000E+0	3.999977344E+4	3.338160000E+2
9.626210000E-6	-1.495340000E-5	5.857800000E+0	3.999977344E+4	3.359260000E+2
8.933300000E-6	-1.750150000E-5	5.846200000E+0	3.999977344E+4	3.380150000E+2
6.966320000E-6	-1.676390000E-5	5.835300000E+0	3.999977344E+4	3.405860000E+2
4.887610000E-6	-1.723330000E-5	5.824600000E+0	3.999977344E+4	3.424360000E+2
4.366070000E-6	-1.883520000E-5	5.813600000E+0	3.999977344E+4	3.444090000E+2
6.668300000E-6	-1.937160000E-5	5.802900000E+0	3.999977344E+4	3.474200000E+2
6.221260000E-6	-1.741210000E-5	5.788900000E+0	3.999977344E+4	3.495120000E+2
6.228710000E-6	-1.598910000E-5	5.776900000E+0	3.999977344E+4	3.516150000E+2
6.482030000E-6	-1.803800000E-5	5.766300000E+0	3.999977344E+4	3.540730000E+2
7.830620000E-6	-1.716630000E-5	5.755600000E+0	3.999977344E+4	3.564670000E+2
5.297390000E-6	-1.773990000E-5	5.743500000E+0	3.999977344E+4	3.589460000E+2
6.534190000E-6	-1.941630000E-5	5.730500000E+0	3.999977344E+4	3.606990000E+2
7.703960000E-6	-1.882030000E-5	5.718400000E+0	3.999977344E+4	3.636120000E+2
6.265970000E-6	-1.980380000E-5	5.707500000E+0	3.999977344E+4	3.661390000E+2
7.852970000E-6	-1.832110000E-5	5.697000000E+0	3.999977344E+4	3.684030000E+2
7.443160000E-6	-1.938650000E-5	5.685000000E+0	3.999977344E+4	3.705440000E+2
7.256890000E-6	-1.933440000E-5	5.674700000E+0	3.999977344E+4	3.721600000E+2
5.364450000E-6	-1.982610000E-5	5.663500000E+0	3.999977344E+4	3.746950000E+2
5.364450000E-6	-1.917050000E-5	5.651900000E+0	3.999977344E+4	3.774990000E+2
7.338850000E-6	-1.876810000E-5	5.640400000E+0	3.999977344E+4	3.793500000E+2
6.690650000E-6	-1.890220000E-5	5.627900000E+0	3.999977344E+4	3.817750000E+2
5.617770000E-6	-1.815720000E-5	5.617800000E+0	3.999977344E+4	3.841730000E+2
1.002850000E-5	-1.424560000E-5	5.604700000E+0	3.999977344E+4	3.863380000E+2
7.540020000E-6	-1.903630000E-5	5.592900000E+0	3.999977344E+4	3.889930000E+2
8.560780000E-6	-1.727800000E-5	5.581700000E+0	3.999977344E+4	3.909720000E+2
6.958870000E-6	-1.931950000E-5	5.571600000E+0	3.999977344E+4	3.932090000E+2
8.553320000E-6	-1.715140000E-5	5.561200000E+0	3.999977344E+4	3.952680000E+2
8.538420000E-6	-1.811990000E-5	5.549800000E+0	3.999977344E+4	3.971020000E+2
1.003600000E-5	-1.668200000E-5	5.537900000E+0	3.999977344E+4	3.999020000E+2
8.307460000E-6	-1.923010000E-5	5.526700000E+0	3.999977344E+4	4.021470000E+2
9.082320000E-6	-1.834340000E-5	5.516000000E+0	3.999977344E+4	4.037440000E+2
9.991290000E-6	-1.759090000E-5	5.504500000E+0	3.999977344E+4	4.068090000E+2
8.687440000E-6	-1.985590000E-5	5.494200000E+0	3.999977344E+4	4.085560000E+2
6.862010000E-6	-2.007940000E-5	5.482300000E+0	3.999977344E+4	4.110790000E+2
7.696510000E-6	-2.009430000E-5	5.471400000E+0	3.999977344E+4	4.125040000E+2
1.034890000E-5	-1.972180000E-5	5.460500000E+0	3.999977344E+4	4.153710000E+2
8.046690000E-6	-2.104060000E-5	5.448100000E+0	3.999977344E+4	4.175880000E+2
9.946580000E-6	-2.039980000E-5	5.436800000E+0	3.999977344E+4	4.201180000E+2
1.095240000E-5	-1.825400000E-5	5.422300000E+0	3.999977344E+4	4.225890000E+2
9.045060000E-6	-2.069040000E-5	5.410100000E+0	3.999977344E+4	4.254290000E+2
1.114610000E-5	-1.819440000E-5	5.399900000E+0	3.999977344E+4	4.273320000E+2
1.045320000E-5	-1.933440000E-5	5.389200000E+0	3.999977344E+4	4.291840000E+2
8.329810000E-6	-2.161430000E-5	5.376500000E+0	3.999977344E+4	4.321250000E+2
1.095240000E-5	-1.879790000E-5	5.366000000E+0	3.999977344E+4	4.343740000E+2
9.112120000E-6	-1.887240000E-5	5.354500000E+0	3.999977344E+4	4.368410000E+2
1.040850000E-5	-1.967710000E-5	5.343300000E+0	3.999977344E+4	4.383940000E+2
1.143670000E-5	-2.033280000E-5	5.331600000E+0	3.999977344E+4	4.411810000E+2
1.411890000E-5	-1.660750000E-5	5.319000000E+0	3.999977344E+4	4.436170000E+2
1.403700000E-5	-1.963980000E-5	5.307400000E+0	3.999977344E+4	4.454550000E+2
1.186140000E-5	-1.730040000E-5	5.295300000E+0	3.999977344E+4	4.484400000E+2
1.091520000E-5	-2.008690000E-5	5.282400000E+0	3.999977344E+4	4.508090000E+2
1.291940000E-5	-1.870850000E-5	5.271500000E+0	3.999977344E+4	4.531800000E+2
1.291940000E-5	-1.807520000E-5	5.258300000E+0	3.999977344E+4	4.552100000E+2
1.137710000E-5	-2.084680000E-5	5.246300000E+0	3.999977344E+4	4.582470000E+2
1.355270000E-5	-1.921520000E-5	5.236100000E+0	3.999977344E+4	4.599920000E+2
1.470750000E-5	-1.488630000E-5	5.225800000E+0	3.999977344E+4	4.623850000E+2
1.348560000E-5	-1.741960000E-5	5.212700000E+0	3.999977344E+4	4.648150000E+2
1.489380000E-5	-1.960260000E-5	5.202300000E+0	3.999977344E+4	4.668050000E+2
1.242020000E-5	-1.776980000E-5	5.190500000E+0	3.999977344E+4	4.693190000E+2
1.250210000E-5	-1.698000000E-5	5.178700000E+0	3.999977344E+4	4.720550000E+2
1.483420000E-5	-1.970690000E-5	5.166200000E+0	3.999977344E+4	4.739980000E+2
1.519920000E-5	-2.075000000E-5	5.154400000E+0	3.999977344E+4	4.762540000E+2
1.700230000E-5	-2.017630000E-5	5.142600000E+0	3.999977344E+4	4.791830000E+2
1.470750000E-5	-2.156210000E-5	5.131100000E+0	3.999977344E+4	4.813810000E+2
1.443930000E-5	-1.976650000E-5	5.119800000E+0	3.999977344E+4	4.830460000E+2
1.630200000E-5	-2.172600000E-5	5.107800000E+0	3.999977344E+4	4.859610000E+2
1.633920000E-5	-2.311930000E-5	5.095200000E+0	3.999977344E+4	4.883930000E+2
1.411890000E-5	-1.969950000E-5	5.083500000E+0	3.999977344E+4	4.904620000E+2
1.531850000E-5	-2.279140000E-5	5.070500000E+0	3.999977344E+4	4.932960000E+2
1.551220000E-5	-2.020610000E-5	5.059500000E+0	3.999977344E+4	4.956460000E+2
1.570590000E-5	-2.205380000E-5	5.048100000E+0	3.999977344E+4	4.976320000E+2
1.432750000E-5	-2.005710000E-5	5.035100000E+0	3.999977344E+4	5.004710000E+2
1.362720000E-5	-2.215070000E-5	5.023600000E+0	3.999977344E+4	5.029390000E+2
1.493100000E-5	-2.082450000E-5	5.010400000E+0	3.999977344E+4	5.049160000E+2
1.516940000E-5	-2.096610000E-5	4.999600000E+0	3.999977344E+4	5.072020000E+2
1.367930000E-5	-2.058610000E-5	4.988600000E+0	3.999977344E+4	5.101820000E+2
1.508750000E-5	-2.048180000E-5	4.978400000E+0	3.999977344E+4	5.115710000E+2
1.566870000E-5	-1.920030000E-5	4.968300000E+0	3.999977344E+4	5.135910000E+2
1.494590000E-5	-2.061590000E-5	4.955500000E+0	3.999977344E+4	5.166450000E+2
1.608590000E-5	-1.873090000E-5	4.943500000E+0	3.999977344E+4	5.188190000E+2
1.604120000E-5	-1.699490000E-5	4.930900000E+0	3.999977344E+4	5.207570000E+2
1.608590000E-5	-2.014650000E-5	4.919700000E+0	3.999977344E+4	5.232220000E+2
1.607100000E-5	-1.999750000E-5	4.908000000E+0	3.999977344E+4	5.256300000E+2
1.589220000E-5	-2.042960000E-5	4.896600000E+0	3.999977344E+4	5.280940000E+2
1.481180000E-5	-1.832110000E-5	4.883700000E+0	3.999977344E+4	5.305020000E+2
1.539300000E-5	-1.984850000E-5	4.872600000E+0	3.999977344E+4	5.333800000E+2
1.445420000E-5	-2.010180000E-5	4.861500000E+0	3.999977344E+4	5.354400000E+2
1.555690000E-5	-1.714390000E-5	4.851200000E+0	3.999977344E+4	5.372080000E+2
1.577300000E-5	-2.035510000E-5	4.839800000E+0	3.999977344E+4	5.391870000E+2
1.624980000E-5	-1.732270000E-5	4.829500000E+0	3.999977344E+4	5.416100000E+2
1.513220000E-5	-1.898420000E-5	4.818300000E+0	3.999977344E+4	5.439600000E+2
1.500550000E-5	-1.984850000E-5	4.806000000E+0	3.999977344E+4	5.460950000E+2
1.462550000E-5	-1.963240000E-5	4.793700000E+0	3.999977344E+4	5.487550000E+2
1.519920000E-5	-1.715140000E-5	4.782800000E+0	3.999977344E+4	5.507590000E+2
1.358250000E-5	-1.766540000E-5	4.770700000E+0	3.999977344E+4	5.531480000E+2
1.676390000E-5	-1.764310000E-5	4.758700000E+0	3.999977344E+4	5.556030000E+2
1.627960000E-5	-1.838070000E-5	4.747400000E+0	3.999977344E+4	5.581350000E+2
1.636900000E-5	-1.758350000E-5	4.735100000E+0	3.999977344E+4	5.600210000E+2
1.653300000E-5	-1.643610000E-5	4.722800000E+0	3.999977344E+4	5.629430000E+2
1.776980000E-5	-1.845520000E-5	4.712400000E+0	3.999977344E+4	5.650410000E+2
1.519920000E-5	-1.639880000E-5	4.702300000E+0	3.999977344E+4	5.671520000E+2
1.684590000E-5	-2.072020000E-5	4.689100000E+0	3.999977344E+4	5.691650000E+2
1.657770000E-5	-1.885750000E-5	4.678500000E+0	3.999977344E+4	5.715860000E+2
1.734510000E-5	-2.041470000E-5	4.667800000E+0	3.999977344E+4	5.735490000E+2
1.651810000E-5	-2.088410000E-5	4.657000000E+0	3.999977344E+4	5.766020000E+2
1.639880000E-5	-2.169620000E-5	4.644700000E+0	3.999977344E+4	5.785060000E+2
1.918540000E-5	-1.936420000E-5	4.633900000E+0	3.999977344E+4	5.803920000E+2
1.674900000E-5	-2.147270000E-5	4.622700000E+0	3.999977344E+4	5.831430000E+2
1.541540000E-5	-2.048920000E-5	4.612300000E+0	3.999977344E+4	5.846530000E+2
1.657020000E-5	-2.024330000E-5	4.601900000E+0	3.999977344E+4	5.871480000E+2
1.573570000E-5	-1.823910000E-5	4.588200000E+0	3.999977344E+4	5.899570000E+2
1.677880000E-5	-2.071270000E-5	4.574800000E+0	3.999977344E+4	5.920300000E+2
1.534090000E-5	-2.153970000E-5	4.564300000E+0	3.999977344E+4	5.949710000E+2
1.537810000E-5	-2.147270000E-5	4.552900000E+0	3.999977344E+4	5.967730000E+2
1.469260000E-5	-1.900650000E-5	4.541000000E+0	3.999977344E+4	5.987600000E+2
1.556440000E-5	-2.054140000E-5	4.527900000E+0	3.999977344E+4	6.017550000E+2
1.619020000E-5	-1.999000000E-5	4.517100000E+0	3.999977344E+4	6.039810000E+2
1.699490000E-5	-2.262750000E-5	4.505400000E+0	3.999977344E+4	6.065210000E+2
1.521410000E-5	-2.254560000E-5	4.494400000E+0	3.999977344E+4	6.086120000E+2
1.546010000E-5	-2.097350000E-5	4.482700000E+0	3.999977344E+4	6.107510000E+2
1.831360000E-5	-2.133110000E-5	4.472100000E+0	3.999977344E+4	6.133370000E+2
1.615300000E-5	-2.248600000E-5	4.462000000E+0	3.999977344E+4	6.151570000E+2
1.643610000E-5	-2.325340000E-5	4.451200000E+0	3.999977344E+4	6.171750000E+2
1.736000000E-5	-2.291810000E-5	4.440600000E+0	3.999977344E+4	6.192610000E+2
1.723330000E-5	-2.185270000E-5	4.428800000E+0	3.999977344E+4	6.214470000E+2
1.565380000E-5	-2.425920000E-5	4.416400000E+0	3.999977344E+4	6.240070000E+2
1.677880000E-5	-2.254560000E-5	4.404200000E+0	3.999977344E+4	6.269370000E+2
1.641370000E-5	-2.244870000E-5	4.394100000E+0	3.999977344E+4	6.288070000E+2
1.626470000E-5	-2.156210000E-5	4.383600000E+0	3.999977344E+4	6.307970000E+2
1.776230000E-5	-2.172600000E-5	4.372700000E+0	3.999977344E+4	6.330580000E+2
1.852970000E-5	-2.096610000E-5	4.361400000E+0	3.999977344E+4	6.346380000E+2
1.675650000E-5	-2.309690000E-5	4.350800000E+0	3.999977344E+4	6.375800000E+2
1.801560000E-5	-2.338750000E-5	4.340300000E+0	3.999977344E+4	6.392710000E+2
1.829870000E-5	-2.332790000E-5	4.327600000E+0	3.999977344E+4	6.418700000E+2
1.718120000E-5	-2.443060000E-5	4.316700000E+0	3.999977344E+4	6.443330000E+2
1.682350000E-5	-2.308950000E-5	4.304500000E+0	3.999977344E+4	6.466300000E+2
1.666710000E-5	-2.101820000E-5	4.293900000E+0	3.999977344E+4	6.480520000E+2
1.704700000E-5	-2.437100000E-5	4.282400000E+0	3.999977344E+4	6.511320000E+2
1.818700000E-5	-2.343220000E-5	4.272000000E+0	3.999977344E+4	6.528670000E+2
1.740470000E-5	-2.327570000E-5	4.260300000E+0	3.999977344E+4	6.553990000E+2
1.882030000E-5	-2.282120000E-5	4.249500000E+0	3.999977344E+4	6.573000000E+2
1.753880000E-5	-2.244870000E-5	4.238700000E+0	3.999977344E+4	6.596650000E+2
1.642860000E-5	-2.460190000E-5	4.227200000E+0	3.999977344E+4	6.622090000E+2
1.715880000E-5	-2.525010000E-5	4.215600000E+0	3.999977344E+4	6.641300000E+2
1.817950000E-5	-2.432630000E-5	4.202000000E+0	3.999977344E+4	6.670540000E+2
1.818700000E-5	-2.407290000E-5	4.189100000E+0	3.999977344E+4	6.694080000E+2
1.840310000E-5	-2.501920000E-5	4.176300000E+0	3.999977344E+4	6.720660000E+2
1.900650000E-5	-2.507880000E-5	4.164600000E+0	3.999977344E+4	6.747690000E+2
1.842540000E-5	-2.610700000E-5	4.150900000E+0	3.999977344E+4	6.767390000E+2
1.749410000E-5	-2.701590000E-5	4.137800000E+0	3.999977344E+4	6.796820000E+2
1.692780000E-5	-2.621130000E-5	4.125800000E+0	3.999977344E+4	6.827750000E+2
1.776980000E-5	-2.567480000E-5	4.112800000E+0	3.999977344E+4	6.844750000E+2
1.793370000E-5	-2.621130000E-5	4.101500000E+0	3.999977344E+4	6.873900000E+2
1.753130000E-5	-2.782800000E-5	4.088300000E+0	3.999977344E+4	6.895970000E+2
1.632430000E-5	-2.775350000E-5	4.075800000E+0	3.999977344E+4	6.922030000E+2
1.620510000E-5	-2.946720000E-5	4.064300000E+0	3.999977344E+4	6.946370000E+2
1.615300000E-5	-2.811120000E-5	4.052800000E+0	3.999977344E+4	6.971270000E+2
1.840310000E-5	-2.679240000E-5	4.041400000E+0	3.999977344E+4	6.989800000E+2
1.818700000E-5	-2.780570000E-5	4.029100000E+0	3.999977344E+4	7.014010000E+2
1.766540000E-5	-2.844640000E-5	4.018900000E+0	3.999977344E+4	7.039690000E+2
1.762820000E-5	-2.965340000E-5	4.008900000E+0	3.999977344E+4	7.052820000E+2
1.602630000E-5	-2.986200000E-5	3.998400000E+0	3.999977344E+4	7.078340000E+2
1.713650000E-5	-2.861030000E-5	3.986600000E+0	3.999977344E+4	7.103880000E+2
1.608590000E-5	-3.064450000E-5	3.973300000E+0	3.999977344E+4	7.126530000E+2
1.407420000E-5	-2.856560000E-5	3.962500000E+0	3.999977344E+4	7.150160000E+2
1.108650000E-5	-3.238050000E-5	3.951700000E+0	3.999977344E+4	7.171860000E+2
1.181670000E-5	-3.170250000E-5	3.941000000E+0	3.999977344E+4	7.188900000E+2
1.156340000E-5	-3.214950000E-5	3.929000000E+0	3.999977344E+4	7.217940000E+2
1.228610000E-5	-3.206750000E-5	3.918500000E+0	3.999977344E+4	7.233200000E+2
1.227120000E-5	-3.122560000E-5	3.906700000E+0	3.999977344E+4	7.262600000E+2
1.187630000E-5	-3.183660000E-5	3.893100000E+0	3.999977344E+4	7.282260000E+2
1.035640000E-5	-3.078600000E-5	3.881400000E+0	3.999977344E+4	7.313540000E+2
9.387790000E-6	-3.027180000E-5	3.870400000E+0	3.999977344E+4	7.334380000E+2
1.050540000E-5	-3.157580000E-5	3.860100000E+0	3.999977344E+4	7.349900000E+2
9.805020000E-6	-3.285730000E-5	3.849900000E+0	3.999977344E+4	7.375590000E+2
8.039230000E-6	-3.253690000E-5	3.838800000E+0	3.999977344E+4	7.392800000E+2
7.703960000E-6	-3.211220000E-5	3.825500000E+0	3.999977344E+4	7.422670000E+2
4.097850000E-6	-3.348310000E-5	3.814500000E+0	3.999977344E+4	7.444550000E+2
6.444780000E-6	-3.419090000E-5	3.803000000E+0	3.999977344E+4	7.469970000E+2
5.461300000E-6	-3.483170000E-5	3.788800000E+0	3.999977344E+4	7.495660000E+2
5.006820000E-6	-3.378120000E-5	3.778700000E+0	3.999977344E+4	7.515480000E+2
2.987700000E-6	-3.426550000E-5	3.764300000E+0	3.999977344E+4	7.543690000E+2
2.734380000E-6	-3.422070000E-5	3.751100000E+0	3.999977344E+4	7.572810000E+2
1.162300000E-6	-3.242520000E-5	3.740800000E+0	3.999977344E+4	7.593160000E+2
2.108530000E-6	-3.350550000E-5	3.730600000E+0	3.999977344E+4	7.612520000E+2
1.572080000E-6	-3.261140000E-5	3.719100000E+0	3.999977344E+4	7.635260000E+2
-1.490130000E-7	-3.466030000E-5	3.706200000E+0	3.999977344E+4	7.661220000E+2
-1.266610000E-6	-3.368430000E-5	3.694300000E+0	3.999977344E+4	7.681010000E+2
-1.855200000E-6	-3.213460000E-5	3.683300000E+0	3.999977344E+4	7.709140000E+2
-1.750890000E-6	-3.318510000E-5	3.671700000E+0	3.999977344E+4	7.723260000E+2
-2.339500000E-6	-3.196320000E-5	3.656600000E+0	3.999977344E+4	7.757870000E+2
-3.717850000E-6	-3.217930000E-5	3.643900000E+0	3.999977344E+4	7.787370000E+2
-4.701350000E-6	-3.351290000E-5	3.632400000E+0	3.999977344E+4	7.805750000E+2
-5.677370000E-6	-3.283490000E-5	3.618300000E+0	3.999977344E+4	7.835620000E+2
-6.146760000E-6	-3.332670000E-5	3.602100000E+0	3.999977344E+4	7.871740000E+2
-7.025930000E-6	-3.272320000E-5	3.584700000E+0	3.999977344E+4	7.903130000E+2
-9.864630000E-6	-3.238790000E-5	3.574400000E+0	3.999977344E+4	7.929950000E+2
-1.015520000E-5	-3.298400000E-5	3.564200000E+0	3.999977344E+4	7.951490000E+2
-1.080340000E-5	-3.331920000E-5	3.553200000E+0	3.999977344E+4	7.972660000E+2
-8.970560000E-6	-3.348310000E-5	3.540700000E+0	3.999977344E+4	8.003100000E+2
-1.077360000E-5	-3.325220000E-5	3.526800000E+0	3.999977344E+4	8.024430000E+2
-1.245740000E-5	-3.551720000E-5	3.512000000E+0	3.999977344E+4	8.061590000E+2
-1.492360000E-5	-3.644100000E-5	3.501000000E+0	3.999977344E+4	8.081880000E+2
-1.141430000E-5	-3.148640000E-5	3.488200000E+0	3.999977344E+4	8.113890000E+2
-1.274060000E-5	-3.211970000E-5	3.474500000E+0	3.999977344E+4	8.135090000E+2
-1.736740000E-5	-3.378120000E-5	3.464400000E+0	3.999977344E+4	8.167340000E+2
-1.546010000E-5	-3.363220000E-5	3.451300000E+0	3.999977344E+4	8.188560000E+2
-1.723330000E-5	-3.473480000E-5	3.437400000E+0	3.999977344E+4	8.215380000E+2
-1.871600000E-5	-3.581520000E-5	3.424200000E+0	3.999977344E+4	8.247200000E+2
-1.679370000E-5	-3.410900000E-5	3.412700000E+0	3.999977344E+4	8.269050000E+2
-1.807520000E-5	-3.333410000E-5	3.401700000E+0	3.999977344E+4	8.299510000E+2
-1.736000000E-5	-3.267850000E-5	3.386600000E+0	3.999977344E+4	8.320800000E+2
-1.969200000E-5	-3.388550000E-5	3.374300000E+0	3.999977344E+4	8.351140000E+2
-2.044450000E-5	-3.559910000E-5	3.363400000E+0	3.999977344E+4	8.372460000E+2
-2.103310000E-5	-3.408660000E-5	3.350600000E+0	3.999977344E+4	8.404470000E+2
-2.195700000E-5	-3.445170000E-5	3.339400000E+0	3.999977344E+4	8.425900000E+2
-2.039980000E-5	-3.390040000E-5	3.328200000E+0	3.999977344E+4	8.447320000E+2
-2.417730000E-5	-3.492110000E-5	3.316900000E+0	3.999977344E+4	8.478020000E+2
-2.404310000E-5	-3.451130000E-5	3.303100000E+0	3.999977344E+4	8.499690000E+2
-2.387920000E-5	-3.398230000E-5	3.291300000E+0	3.999977344E+4	8.531270000E+2
-2.404310000E-5	-3.427290000E-5	3.278200000E+0	3.999977344E+4	8.552560000E+2
-2.428160000E-5	-3.294670000E-5	3.263500000E+0	3.999977344E+4	8.585180000E+2
-2.659120000E-5	-3.521170000E-5	3.250600000E+0	3.999977344E+4	8.616910000E+2
-2.653910000E-5	-3.417600000E-5	3.237800000E+0	3.999977344E+4	8.637810000E+2
-2.569720000E-5	-3.374390000E-5	3.224800000E+0	3.999977344E+4	8.669740000E+2
-2.603240000E-5	-3.312550000E-5	3.211700000E+0	3.999977344E+4	8.691600000E+2
-3.027930000E-5	-3.554700000E-5	3.197800000E+0	3.999977344E+4	8.723820000E+2
-3.045060000E-5	-3.211220000E-5	3.186700000E+0	3.999977344E+4	8.756440000E+2
-2.952680000E-5	-3.423570000E-5	3.175700000E+0	3.999977344E+4	8.769680000E+2
-3.324470000E-5	-3.241770000E-5	3.159400000E+0	3.999977344E+4	8.807690000E+2
-3.222400000E-5	-3.371410000E-5	3.146500000E+0	3.999977344E+4	8.828510000E+2
-2.908720000E-5	-3.168760000E-5	3.126400000E+0	3.999977344E+4	8.871290000E+2
-3.195580000E-5	-3.264120000E-5	3.115900000E+0	3.999977344E+4	8.899340000E+2
-3.175460000E-5	-3.214200000E-5	3.102500000E+0	3.999977344E+4	8.924300000E+2
-3.167270000E-5	-3.201540000E-5	3.090400000E+0	3.999977344E+4	8.946120000E+2
-3.072640000E-5	-2.941500000E-5	3.072500000E+0	3.999977344E+4	8.981630000E+2
-3.434000000E-5	-3.170990000E-5	3.057800000E+0	3.999977344E+4	9.019190000E+2
-3.515950000E-5	-2.959380000E-5	3.045000000E+0	3.999977344E+4	9.040450000E+2
-3.325960000E-5	-3.180680000E-5	3.034100000E+0	3.999977344E+4	9.072560000E+2
-3.390780000E-5	-3.096480000E-5	3.020000000E+0	3.999977344E+4	9.094130000E+2
-3.395250000E-5	-3.132250000E-5	3.005900000E+0	3.999977344E+4	9.129740000E+2
-3.625480000E-5	-3.187380000E-5	2.994100000E+0	3.999977344E+4	9.151130000E+2
-3.600890000E-5	-3.039850000E-5	2.982700000E+0	3.999977344E+4	9.172350000E+2
-3.491370000E-5	-3.116600000E-5	2.966100000E+0	3.999977344E+4	9.209680000E+2
-3.831110000E-5	-3.092010000E-5	2.952400000E+0	3.999977344E+4	9.241880000E+2
-3.778210000E-5	-3.109900000E-5	2.942300000E+0	3.999977344E+4	9.263380000E+2
-3.916790000E-5	-3.057740000E-5	2.932100000E+0	3.999977344E+4	9.284450000E+2
-4.185010000E-5	-3.106920000E-5	2.922000000E+0	3.999977344E+4	9.305830000E+2
-3.965970000E-5	-3.021220000E-5	2.910000000E+0	3.999977344E+4	9.331280000E+2
-4.058350000E-5	-2.919890000E-5	2.899900000E+0	3.999977344E+4	9.352300000E+2
-4.338500000E-5	-3.001110000E-5	2.885700000E+0	3.999977344E+4	9.378950000E+2
-4.024830000E-5	-2.957150000E-5	2.874000000E+0	3.999977344E+4	9.411470000E+2
-4.204390000E-5	-3.143420000E-5	2.859600000E+0	3.999977344E+4	9.432390000E+2
-4.324340000E-5	-3.068920000E-5	2.847200000E+0	3.999977344E+4	9.464420000E+2
-4.464410000E-5	-3.038360000E-5	2.834600000E+0	3.999977344E+4	9.485460000E+2
-4.424920000E-5	-3.074880000E-5	2.821000000E+0	3.999977344E+4	9.517540000E+2
-4.395870000E-5	-3.114370000E-5	2.810500000E+0	3.999977344E+4	9.539180000E+2
-4.456220000E-5	-3.158320000E-5	2.799900000E+0	3.999977344E+4	9.560580000E+2
-4.517310000E-5	-3.226120000E-5	2.788200000E+0	3.999977344E+4	9.592240000E+2
-4.346690000E-5	-3.141930000E-5	2.774300000E+0	3.999977344E+4	9.613550000E+2
-4.649190000E-5	-3.078600000E-5	2.760400000E+0	3.999977344E+4	9.646010000E+2
-4.883880000E-5	-2.793230000E-5	2.744400000E+0	3.999977344E+4	9.677690000E+2
-4.635770000E-5	-2.828250000E-5	2.731700000E+0	3.999977344E+4	9.709590000E+2
-4.424920000E-5	-2.694890000E-5	2.719400000E+0	3.999977344E+4	9.731020000E+2
-4.774360000E-5	-2.993650000E-5	2.707100000E+0	3.999977344E+4	9.763340000E+2
-4.902510000E-5	-2.878170000E-5	2.694800000E+0	3.999977344E+4	9.784700000E+2
-4.799690000E-5	-2.853580000E-5	2.679300000E+0	3.999977344E+4	9.816340000E+2
-4.944970000E-5	-3.132250000E-5	2.665700000E+0	3.999977344E+4	9.848260000E+2
-4.824270000E-5	-2.939270000E-5	2.655500000E+0	3.999977344E+4	9.869650000E+2
-5.055990000E-5	-2.978010000E-5	2.645000000E+0	3.999977344E+4	9.891200000E+2
-4.949440000E-5	-3.015260000E-5	2.630700000E+0	3.999977344E+4	9.923080000E+2
-4.968820000E-5	-2.892330000E-5	2.620500000E+0	3.999977344E+4	9.944590000E+2
-4.875680000E-5	-2.843900000E-5	2.609400000E+0	3.999977344E+4	9.965840000E+2
-5.067160000E-5	-2.893070000E-5	2.599200000E+0	3.999977344E+4	9.991150000E+2
-5.199780000E-5	-2.917660000E-5	2.587400000E+0	3.999977344E+4	1.001231000E+3
-4.882390000E-5	-2.458700000E-5	2.574900000E+0	3.999977344E+4	1.004460000E+3
-5.130490000E-5	-2.684460000E-5	2.560200000E+0	3.999977344E+4	1.006553000E+3
-5.206490000E-5	-2.758960000E-5	2.547200000E+0	3.999977344E+4	1.009794000E+3
-5.310050000E-5	-2.653910000E-5	2.535900000E+0	3.999977344E+4	1.011898000E+3
-5.249700000E-5	-2.662850000E-5	2.524000000E+0	3.999977344E+4	1.015116000E+3
-5.430750000E-5	-2.755980000E-5	2.509000000E+0	3.999977344E+4	1.017224000E+3
-5.390520000E-5	-2.779820000E-5	2.495100000E+0	3.999977344E+4	1.020969000E+3
-5.335380000E-5	-2.919890000E-5	2.482500000E+0	3.999977344E+4	1.023091000E+3
-5.364440000E-5	-2.735120000E-5	2.472300000E+0	3.999977344E+4	1.025610000E+3
-5.419580000E-5	-2.761200000E-5	2.461100000E+0	3.999977344E+4	1.027750000E+3
-5.377850000E-5	-2.700100000E-5	2.448100000E+0	3.999977344E+4	1.030947000E+3
-5.523140000E-5	-2.819310000E-5	2.436500000E+0	3.999977344E+4	1.033104000E+3
-5.494830000E-5	-2.694140000E-5	2.425900000E+0	3.999977344E+4	1.035806000E+3
-5.508980000E-5	-2.799940000E-5	2.414000000E+0	3.999977344E+4	1.037953000E+3
-5.605840000E-5	-2.804410000E-5	2.400400000E+0	3.999977344E+4	1.041107000E+3
-5.631920000E-5	-2.941500000E-5	2.389000000E+0	3.999977344E+4	1.043215000E+3
-5.643840000E-5	-2.907970000E-5	2.374500000E+0	3.999977344E+4	1.046498000E+3
-5.561140000E-5	-2.855070000E-5	2.360100000E+0	3.999977344E+4	1.049641000E+3
-5.599130000E-5	-2.811120000E-5	2.347700000E+0	3.999977344E+4	1.051820000E+3
-5.664700000E-5	-2.780570000E-5	2.334400000E+0	3.999977344E+4	1.055033000E+3
-5.808500000E-5	-2.923620000E-5	2.322900000E+0	3.999977344E+4	1.057099000E+3
-5.733250000E-5	-2.853580000E-5	2.310100000E+0	3.999977344E+4	1.060294000E+3
-5.690780000E-5	-2.697120000E-5	2.297000000E+0	3.999977344E+4	1.062482000E+3
-5.884490000E-5	-2.875190000E-5	2.283200000E+0	3.999977344E+4	1.065622000E+3
-5.953040000E-5	-2.856560000E-5	2.272800000E+0	3.999977344E+4	1.067780000E+3
-5.874810000E-5	-2.889350000E-5	2.255800000E+0	3.999977344E+4	1.070987000E+3
-5.774970000E-5	-2.920640000E-5	2.243600000E+0	3.999977344E+4	1.074165000E+3
-5.991780000E-5	-2.973540000E-5	2.232300000E+0	3.999977344E+4	1.076393000E+3
-6.118460000E-5	-3.094990000E-5	2.220700000E+0	3.999977344E+4	1.078819000E+3
-6.083420000E-5	-3.046550000E-5	2.207900000E+0	3.999977344E+4	1.082022000E+3
-6.030520000E-5	-2.951930000E-5	2.193800000E+0	3.999977344E+4	1.084202000E+3
-5.894920000E-5	-3.081580000E-5	2.183500000E+0	3.999977344E+4	1.087370000E+3
-6.003700000E-5	-3.039850000E-5	2.168000000E+0	3.999977344E+4	1.089503000E+3
-6.177320000E-5	-2.981730000E-5	2.155800000E+0	3.999977344E+4	1.092714000E+3
-6.227240000E-5	-3.223140000E-5	2.144500000E+0	3.999977344E+4	1.094831000E+3
-6.120700000E-5	-3.042080000E-5	2.128400000E+0	3.999977344E+4	1.098033000E+3
-6.315160000E-5	-3.250710000E-5	2.116400000E+0	3.999977344E+4	1.101215000E+3
-6.157950000E-5	-3.261890000E-5	2.105000000E+0	3.999977344E+4	1.103340000E+3
-5.890450000E-5	-3.051020000E-5	2.094900000E+0	3.999977344E+4	1.105577000E+3
-6.245870000E-5	-3.223890000E-5	2.080300000E+0	3.999977344E+4	1.108683000E+3
-6.149010000E-5	-3.179930000E-5	2.069600000E+0	3.999977344E+4	1.110870000E+3
-6.219050000E-5	-3.293920000E-5	2.055000000E+0	3.999977344E+4	1.114016000E+3
-6.248850000E-5	-3.174720000E-5	2.043000000E+0	3.999977344E+4	1.117095000E+3
-6.359120000E-5	-3.205260000E-5	2.027800000E+0	3.999977344E+4	1.119287000E+3
-6.300260000E-5	-3.209730000E-5	2.016000000E+0	3.999977344E+4	1.122322000E+3
-6.308450000E-5	-3.262630000E-5	2.005800000E+0	3.999977344E+4	1.124417000E+3
-6.612440000E-5	-3.213460000E-5	2.017300000E+0	3.999977344E+4	1.254643000E+3
-6.867990000E-5	-3.470500000E-5	2.029600000E+0	3.999977344E+4	1.257446000E+3
-6.619890000E-5	-3.416110000E-5	2.039900000E+0	3.999977344E+4	1.259387000E+3
-6.618400000E-5	-3.200790000E-5	2.051800000E+0	3.999977344E+4	1.261768000E+3
-6.473110000E-5	-2.844640000E-5	2.061900000E+0	3.999977344E+4	1.263772000E+3
-6.537190000E-5	-3.008560000E-5	2.073400000E+0	3.999977344E+4	1.266231000E+3
-6.718240000E-5	-3.422070000E-5	2.084200000E+0	3.999977344E+4	1.268365000E+3
-6.607970000E-5	-3.030910000E-5	2.095200000E+0	3.999977344E+4	1.270756000E+3
-6.578910000E-5	-3.095740000E-5	2.106400000E+0	3.999977344E+4	1.272873000E+3
-6.526010000E-5	-3.382590000E-5	2.118000000E+0	3.999977344E+4	1.275004000E+3
-6.365820000E-5	-2.981730000E-5	2.129600000E+0	3.999977344E+4	1.277597000E+3
-6.526760000E-5	-3.299890000E-5	2.141000000E+0	3.999977344E+4	1.279505000E+3
-6.336020000E-5	-3.059230000E-5	2.153400000E+0	3.999977344E+4	1.282327000E+3
-6.290570000E-5	-3.173230000E-5	2.164600000E+0	3.999977344E+4	1.284226000E+3
-6.514830000E-5	-3.258160000E-5	2.175400000E+0	3.999977344E+4	1.286630000E+3
-6.347200000E-5	-2.996640000E-5	2.186400000E+0	3.999977344E+4	1.288848000E+3
-6.467150000E-5	-3.108410000E-5	2.197700000E+0	3.999977344E+4	1.291302000E+3
-6.449270000E-5	-3.059980000E-5	2.209000000E+0	3.999977344E+4	1.293315000E+3
-6.658630000E-5	-3.305100000E-5	2.220200000E+0	3.999977344E+4	1.295718000E+3
-6.753250000E-5	-3.364710000E-5	2.233000000E+0	3.999977344E+4	1.298476000E+3
-6.441820000E-5	-3.283490000E-5	2.244300000E+0	3.999977344E+4	1.300767000E+3
-6.345710000E-5	-3.291690000E-5	2.254600000E+0	3.999977344E+4	1.302484000E+3
-6.339000000E-5	-3.227610000E-5	2.266600000E+0	3.999977344E+4	1.305000000E+3
-6.302490000E-5	-3.194090000E-5	2.277800000E+0	3.999977344E+4	1.307003000E+3
-6.553580000E-5	-3.241770000E-5	2.290000000E+0	3.999977344E+4	1.309833000E+3
-6.269710000E-5	-3.175460000E-5	2.300200000E+0	3.999977344E+4	1.311558000E+3
-6.461940000E-5	-3.246240000E-5	2.311200000E+0	3.999977344E+4	1.313941000E+3
-6.239910000E-5	-3.261140000E-5	2.322700000E+0	3.999977344E+4	1.316238000E+3
-6.363590000E-5	-3.248480000E-5	2.332900000E+0	3.999977344E+4	1.318196000E+3
-6.470130000E-5	-3.477210000E-5	2.346900000E+0	3.999977344E+4	1.321114000E+3
-6.202650000E-5	-3.363220000E-5	2.358900000E+0	3.999977344E+4	1.323516000E+3
-6.223520000E-5	-3.536070000E-5	2.369000000E+0	3.999977344E+4	1.325634000E+3
-6.102790000E-5	-3.142680000E-5	2.380100000E+0	3.999977344E+4	1.327701000E+3
-6.169870000E-5	-3.337140000E-5	2.392200000E+0	3.999977344E+4	1.330193000E+3
-6.172850000E-5	-3.325220000E-5	2.403100000E+0	3.999977344E+4	1.332383000E+3
-6.104310000E-5	-3.332670000E-5	2.414400000E+0	3.999977344E+4	1.334302000E+3
-5.858410000E-5	-3.232830000E-5	2.427300000E+0	3.999977344E+4	1.337118000E+3
-5.999980000E-5	-3.391530000E-5	2.438400000E+0	3.999977344E+4	1.339438000E+3
-5.964210000E-5	-3.356510000E-5	2.449600000E+0	3.999977344E+4	1.341357000E+3
-6.005940000E-5	-3.364710000E-5	2.461000000E+0	3.999977344E+4	1.343900000E+3
-6.119950000E-5	-3.522660000E-5	2.473300000E+0	3.999977344E+4	1.346307000E+3
-5.738460000E-5	-3.300630000E-5	2.484500000E+0	3.999977344E+4	1.348299000E+3
-5.759320000E-5	-3.398230000E-5	2.496600000E+0	3.999977344E+4	1.351233000E+3
-5.792850000E-5	-3.276790000E-5	2.506600000E+0	3.999977344E+4	1.352835000E+3
-5.465770000E-5	-3.138210000E-5	2.518100000E+0	3.999977344E+4	1.355428000E+3
-5.563370000E-5	-3.351290000E-5	2.530800000E+0	3.999977344E+4	1.357889000E+3
-5.669170000E-5	-3.384820000E-5	2.542300000E+0	3.999977344E+4	1.360048000E+3
-5.433730000E-5	-3.221650000E-5	2.553700000E+0	3.999977344E+4	1.362482000E+3
-5.481420000E-5	-3.266360000E-5	2.565300000E+0	3.999977344E+4	1.364419000E+3
-5.363700000E-5	-3.331920000E-5	2.576200000E+0	3.999977344E+4	1.366808000E+3
-5.419580000E-5	-3.368430000E-5	2.588500000E+0	3.999977344E+4	1.369523000E+3
-5.241510000E-5	-3.317770000E-5	2.598800000E+0	3.999977344E+4	1.371534000E+3
-5.117830000E-5	-3.211970000E-5	2.609900000E+0	3.999977344E+4	1.373474000E+3
-5.202020000E-5	-3.289450000E-5	2.620700000E+0	3.999977344E+4	1.375947000E+3
-5.099200000E-5	-3.273060000E-5	2.631100000E+0	3.999977344E+4	1.377797000E+3
-5.088770000E-5	-3.404940000E-5	2.642600000E+0	3.999977344E+4	1.379791000E+3
-5.117080000E-5	-3.518930000E-5	2.654500000E+0	3.999977344E+4	1.382606000E+3
-4.983720000E-5	-3.295420000E-5	2.666600000E+0	3.999977344E+4	1.384606000E+3
-5.006810000E-5	-3.305850000E-5	2.677800000E+0	3.999977344E+4	1.387341000E+3
-4.914430000E-5	-3.486900000E-5	2.688800000E+0	3.999977344E+4	1.389061000E+3
-5.017990000E-5	-3.405680000E-5	2.703300000E+0	3.999977344E+4	1.392029000E+3
-4.812350000E-5	-3.259650000E-5	2.714800000E+0	3.999977344E+4	1.394577000E+3
-4.705060000E-5	-3.248480000E-5	2.725100000E+0	3.999977344E+4	1.396965000E+3
-4.375000000E-5	-3.378120000E-5	2.735700000E+0	3.999977344E+4	1.398745000E+3
-4.613420000E-5	-3.399720000E-5	2.747100000E+0	3.999977344E+4	1.401087000E+3
-4.568720000E-5	-3.337880000E-5	2.757600000E+0	3.999977344E+4	1.403088000E+3
-4.573190000E-5	-3.292430000E-5	2.767800000E+0	3.999977344E+4	1.405476000E+3
-4.486020000E-5	-3.521170000E-5	2.779300000E+0	3.999977344E+4	1.407233000E+3
-4.524020000E-5	-3.322980000E-5	2.790300000E+0	3.999977344E+4	1.410009000E+3
-4.398850000E-5	-3.289450000E-5	2.800400000E+0	3.999977344E+4	1.411619000E+3
-4.529230000E-5	-3.496580000E-5	2.810500000E+0	3.999977344E+4	1.413875000E+3
-4.649190000E-5	-3.603120000E-5	2.821300000E+0	3.999977344E+4	1.415903000E+3
-4.549350000E-5	-3.588970000E-5	2.831900000E+0	3.999977344E+4	1.418279000E+3
-4.509860000E-5	-3.577790000E-5	2.842200000E+0	3.999977344E+4	1.419911000E+3
-4.632790000E-5	-3.681360000E-5	2.853000000E+0	3.999977344E+4	1.422385000E+3
-4.720710000E-5	-3.501050000E-5	2.863800000E+0	3.999977344E+4	1.424436000E+3
-4.687930000E-5	-3.641870000E-5	2.873800000E+0	3.999977344E+4	1.426546000E+3
-4.573930000E-5	-3.349800000E-5	2.884100000E+0	3.999977344E+4	1.428534000E+3
-4.524760000E-5	-3.682100000E-5	2.895700000E+0	3.999977344E+4	1.430582000E+3
-4.524760000E-5	-3.729780000E-5	2.907000000E+0	3.999977344E+4	1.433544000E+3
-4.420450000E-5	-3.869850000E-5	2.918200000E+0	3.999977344E+4	1.435317000E+3
-4.354890000E-5	-3.675390000E-5	2.928700000E+0	3.999977344E+4	1.437608000E+3
-4.554560000E-5	-3.671670000E-5	2.938900000E+0	3.999977344E+4	1.439188000E+3
-4.263250000E-5	-3.675390000E-5	2.949700000E+0	3.999977344E+4	1.441639000E+3
-4.101570000E-5	-3.866130000E-5	2.961700000E+0	3.999977344E+4	1.444017000E+3
-4.015890000E-5	-3.877310000E-5	2.974700000E+0	3.999977344E+4	1.446680000E+3
-3.764800000E-5	-3.813230000E-5	2.985800000E+0	3.999977344E+4	1.449063000E+3
-3.889230000E-5	-3.865380000E-5	2.998700000E+0	3.999977344E+4	1.451477000E+3
-3.848990000E-5	-3.863150000E-5	3.010100000E+0	3.999977344E+4	1.453998000E+3
-3.909340000E-5	-3.888480000E-5	3.023800000E+0	3.999977344E+4	1.456422000E+3
-3.942130000E-5	-3.954050000E-5	3.034400000E+0	3.999977344E+4	1.458801000E+3
-3.958520000E-5	-3.886990000E-5	3.046100000E+0	3.999977344E+4	1.460974000E+3
-4.000240000E-5	-3.891460000E-5	3.056400000E+0	3.999977344E+4	1.462968000E+3
-3.797580000E-5	-3.994280000E-5	3.067800000E+0	3.999977344E+4	1.465332000E+3
-3.781190000E-5	-3.802800000E-5	3.077900000E+0	3.999977344E+4	1.466730000E+3
-3.717860000E-5	-3.868360000E-5	3.088500000E+0	3.999977344E+4	1.469557000E+3
-3.758100000E-5	-4.155210000E-5	3.100200000E+0	3.999977344E+4	1.471653000E+3
-3.431020000E-5	-4.012910000E-5	3.111100000E+0	3.999977344E+4	1.474150000E+3
-3.535320000E-5	-4.065810000E-5	3.121400000E+0	3.999977344E+4	1.476122000E+3
-3.489130000E-5	-4.002480000E-5	3.133200000E+0	3.999977344E+4	1.478137000E+3
-3.387800000E-5	-4.124660000E-5	3.145100000E+0	3.999977344E+4	1.480991000E+3
-3.387060000E-5	-3.950320000E-5	3.156100000E+0	3.999977344E+4	1.482560000E+3
-3.446660000E-5	-4.211840000E-5	3.166500000E+0	3.999977344E+4	1.485346000E+3
-3.085310000E-5	-3.971930000E-5	3.178300000E+0	3.999977344E+4	1.487115000E+3
-2.846880000E-5	-3.819940000E-5	3.190200000E+0	3.999977344E+4	1.490002000E+3
-2.827510000E-5	-3.726060000E-5	3.203300000E+0	3.999977344E+4	1.492018000E+3
-2.888600000E-5	-3.965220000E-5	3.214500000E+0	3.999977344E+4	1.494832000E+3
-2.713510000E-5	-3.778210000E-5	3.230500000E+0	3.999977344E+4	1.497516000E+3
-2.717980000E-5	-3.845270000E-5	3.242200000E+0	3.999977344E+4	1.500275000E+3
-2.698610000E-5	-3.690300000E-5	3.253900000E+0	3.999977344E+4	1.502697000E+3
-2.533950000E-5	-3.717860000E-5	3.264400000E+0	3.999977344E+4	1.504328000E+3
-2.543640000E-5	-3.770020000E-5	3.276700000E+0	3.999977344E+4	1.507080000E+3
-2.379730000E-5	-3.806520000E-5	3.288100000E+0	3.999977344E+4	1.509092000E+3
-2.578660000E-5	-3.585240000E-5	3.298600000E+0	3.999977344E+4	1.511683000E+3
-2.511600000E-5	-3.710410000E-5	3.312000000E+0	3.999977344E+4	1.513617000E+3
-2.098100000E-5	-3.601630000E-5	3.322200000E+0	3.999977344E+4	1.516582000E+3
-2.171860000E-5	-3.693280000E-5	3.332300000E+0	3.999977344E+4	1.517764000E+3
-2.099590000E-5	-3.663470000E-5	3.342900000E+0	3.999977344E+4	1.520318000E+3
-2.184520000E-5	-3.626970000E-5	3.354200000E+0	3.999977344E+4	1.522299000E+3
-2.029550000E-5	-3.462310000E-5	3.364600000E+0	3.999977344E+4	1.525097000E+3
-2.065310000E-5	-3.610570000E-5	3.375500000E+0	3.999977344E+4	1.526810000E+3
-2.126410000E-5	-3.565870000E-5	3.386000000E+0	3.999977344E+4	1.528824000E+3
-1.809010000E-5	-3.649320000E-5	3.396600000E+0	3.999977344E+4	1.531228000E+3
-1.958770000E-5	-3.589710000E-5	3.407800000E+0	3.999977344E+4	1.533284000E+3
-1.838070000E-5	-3.625480000E-5	3.418100000E+0	3.999977344E+4	1.535622000E+3
-1.757600000E-5	-3.838560000E-5	3.428800000E+0	3.999977344E+4	1.537456000E+3
-1.718120000E-5	-3.805780000E-5	3.440600000E+0	3.999977344E+4	1.539763000E+3
-1.596670000E-5	-3.882520000E-5	3.452500000E+0	3.999977344E+4	1.542184000E+3
-1.367930000E-5	-3.587480000E-5	3.463300000E+0	3.999977344E+4	1.544370000E+3
-1.470010000E-5	-3.759590000E-5	3.474500000E+0	3.999977344E+4	1.546830000E+3
-1.412640000E-5	-3.754370000E-5	3.484700000E+0	3.999977344E+4	1.548481000E+3
-1.180180000E-5	-3.790130000E-5	3.495800000E+0	3.999977344E+4	1.550907000E+3
-1.267350000E-5	-3.591200000E-5	3.506600000E+0	3.999977344E+4	1.553315000E+3
-1.194330000E-5	-3.492110000E-5	3.517100000E+0	3.999977344E+4	1.554841000E+3
-1.128020000E-5	-3.682100000E-5	3.529000000E+0	3.999977344E+4	1.557383000E+3
-1.087050000E-5	-3.906360000E-5	3.541600000E+0	3.999977344E+4	1.560198000E+3
-1.113870000E-5	-3.844520000E-5	3.553000000E+0	3.999977344E+4	1.562665000E+3
-1.070650000E-5	-4.003220000E-5	3.563400000E+0	3.999977344E+4	1.563975000E+3
-1.025210000E-5	-3.750650000E-5	3.574700000E+0	3.999977344E+4	1.566699000E+3
-8.963110000E-6	-3.838560000E-5	3.588200000E+0	3.999977344E+4	1.569493000E+3
-8.568230000E-6	-3.840050000E-5	3.598600000E+0	3.999977344E+4	1.571100000E+3
-9.760320000E-6	-4.043450000E-5	3.609400000E+0	3.999977344E+4	1.573703000E+3
-8.486270000E-6	-3.939150000E-5	3.620800000E+0	3.999977344E+4	1.575644000E+3
-7.160040000E-6	-3.992790000E-5	3.631700000E+0	3.999977344E+4	1.578167000E+3
-7.160040000E-6	-3.791620000E-5	3.642300000E+0	3.999977344E+4	1.580200000E+3
-6.064800000E-6	-3.887740000E-5	3.654200000E+0	3.999977344E+4	1.582607000E+3
-5.580510000E-6	-3.966710000E-5	3.665400000E+0	3.999977344E+4	1.584596000E+3
-2.451260000E-6	-3.806520000E-5	3.675600000E+0	3.999977344E+4	1.587504000E+3
-3.799810000E-6	-3.723080000E-5	3.688700000E+0	3.999977344E+4	1.589189000E+3
-2.309690000E-6	-4.098590000E-5	3.699600000E+0	3.999977344E+4	1.592065000E+3
-1.840300000E-6	-3.824410000E-5	3.710600000E+0	3.999977344E+4	1.593697000E+3
-1.892450000E-6	-3.762570000E-5	3.722600000E+0	3.999977344E+4	1.596483000E+3
-1.728540000E-6	-3.648570000E-5	3.733900000E+0	3.999977344E+4	1.598461000E+3
-3.226120000E-6	-4.041220000E-5	3.746000000E+0	3.999977344E+4	1.600889000E+3
-4.544870000E-7	-4.009180000E-5	3.757200000E+0	3.999977344E+4	1.602991000E+3
2.205390000E-6	-3.914560000E-5	3.770500000E+0	3.999977344E+4	1.605871000E+3
2.652420000E-6	-4.064310000E-5	3.782100000E+0	3.999977344E+4	1.607870000E+3
1.505020000E-6	-3.994280000E-5	3.794300000E+0	3.999977344E+4	1.610727000E+3
1.505020000E-6	-3.776720000E-5	3.806600000E+0	3.999977344E+4	1.612713000E+3
8.791720000E-7	-3.997260000E-5	3.817000000E+0	3.999977344E+4	1.615111000E+3
3.129260000E-6	-3.901890000E-5	3.827400000E+0	3.999977344E+4	1.617567000E+3
1.825400000E-6	-4.133610000E-5	3.839100000E+0	3.999977344E+4	1.619180000E+3
3.524140000E-6	-4.047920000E-5	3.850300000E+0	3.999977344E+4	1.621652000E+3
4.991920000E-6	-4.120940000E-5	3.861400000E+0	3.999977344E+4	1.624247000E+3
5.908340000E-6	-3.889970000E-5	3.872800000E+0	3.999977344E+4	1.626189000E+3
6.742800000E-6	-3.636650000E-5	3.882800000E+0	3.999977344E+4	1.628238000E+3
5.923240000E-6	-3.553210000E-5	3.892900000E+0	3.999977344E+4	1.630606000E+3
7.547470000E-6	-3.572580000E-5	3.903700000E+0	3.999977344E+4	1.632373000E+3
7.092980000E-6	-3.786410000E-5	3.914300000E+0	3.999977344E+4	1.634394000E+3
8.873700000E-6	-3.648570000E-5	3.925600000E+0	3.999977344E+4	1.637216000E+3
9.015260000E-6	-3.280510000E-5	3.937400000E+0	3.999977344E+4	1.639179000E+3
8.180800000E-6	-3.623990000E-5	3.948000000E+0	3.999977344E+4	1.641117000E+3
7.420810000E-6	-3.487640000E-5	3.960600000E+0	3.999977344E+4	1.643990000E+3
8.545870000E-6	-3.708180000E-5	3.972300000E+0	3.999977344E+4	1.645918000E+3
1.084070000E-5	-3.684340000E-5	3.982800000E+0	3.999977344E+4	1.648049000E+3
9.961480000E-6	-3.793860000E-5	3.993300000E+0	3.999977344E+4	1.650447000E+3
8.463920000E-6	-3.656020000E-5	4.004700000E+0	3.999977344E+4	1.652501000E+3
8.277650000E-6	-3.464540000E-5	4.015700000E+0	3.999977344E+4	1.654586000E+3
9.529350000E-6	-3.698490000E-5	4.025800000E+0	3.999977344E+4	1.657472000E+3
1.108650000E-5	-3.678370000E-5	4.036400000E+0	3.999977344E+4	1.658966000E+3
1.118340000E-5	-3.544260000E-5	4.046900000E+0	3.999977344E+4	1.661558000E+3
1.264370000E-5	-3.469010000E-5	4.057300000E+0	3.999977344E+4	1.662714000E+3
1.165280000E-5	-3.465290000E-5	4.067900000E+0	3.999977344E+4	1.665289000E+3
1.273310000E-5	-3.363960000E-5	4.079100000E+0	3.999977344E+4	1.667309000E+3
1.219670000E-5	-3.541280000E-5	4.089500000E+0	3.999977344E+4	1.670054000E+3
1.241270000E-5	-3.559910000E-5	4.100100000E+0	3.999977344E+4	1.671670000E+3
1.341860000E-5	-3.430270000E-5	4.112300000E+0	3.999977344E+4	1.674059000E+3
1.367190000E-5	-3.151620000E-5	4.122800000E+0	3.999977344E+4	1.676910000E+3
1.363460000E-5	-3.395250000E-5	4.134100000E+0	3.999977344E+4	1.678468000E+3
1.449890000E-5	-3.204520000E-5	4.145200000E+0	3.999977344E+4	1.680874000E+3
1.423070000E-5	-3.282750000E-5	4.156400000E+0	3.999977344E+4	1.682848000E+3
1.249470000E-5	-2.961620000E-5	4.167300000E+0	3.999977344E+4	1.685382000E+3
1.548240000E-5	-2.859540000E-5	4.178900000E+0	3.999977344E+4	1.687511000E+3
1.349310000E-5	-2.988440000E-5	4.191700000E+0	3.999977344E+4	1.689948000E+3
1.340370000E-5	-2.987690000E-5	4.202100000E+0	3.999977344E+4	1.692337000E+3
1.380600000E-5	-2.843150000E-5	4.212600000E+0	3.999977344E+4	1.694378000E+3
1.557180000E-5	-2.815590000E-5	4.224200000E+0	3.999977344E+4	1.696319000E+3
1.474480000E-5	-2.787270000E-5	4.235600000E+0	3.999977344E+4	1.698973000E+3
1.524390000E-5	-2.804410000E-5	4.245900000E+0	3.999977344E+4	1.701036000E+3
1.882770000E-5	-2.630070000E-5	4.258600000E+0	3.999977344E+4	1.703370000E+3
1.633920000E-5	-2.526500000E-5	4.269800000E+0	3.999977344E+4	1.705393000E+3
1.838810000E-5	-2.603990000E-5	4.281000000E+0	3.999977344E+4	1.708185000E+3
1.578040000E-5	-2.998130000E-5	4.292300000E+0	3.999977344E+4	1.709799000E+3
1.554200000E-5	-2.913930000E-5	4.304200000E+0	3.999977344E+4	1.712590000E+3
1.501300000E-5	-2.882640000E-5	4.315000000E+0	3.999977344E+4	1.714989000E+3
1.589220000E-5	-2.787270000E-5	4.327900000E+0	3.999977344E+4	1.717058000E+3
1.762820000E-5	-2.746300000E-5	4.340700000E+0	3.999977344E+4	1.719775000E+3
1.717370000E-5	-2.709790000E-5	4.352000000E+0	3.999977344E+4	1.722380000E+3
1.614550000E-5	-2.929580000E-5	4.365100000E+0	3.999977344E+4	1.724454000E+3
1.462550000E-5	-3.094990000E-5	4.375300000E+0	3.999977344E+4	1.726893000E+3
1.483420000E-5	-2.936290000E-5	4.386200000E+0	3.999977344E+4	1.729251000E+3
1.517690000E-5	-3.015260000E-5	4.397400000E+0	3.999977344E+4	1.730873000E+3
1.525140000E-5	-3.038360000E-5	4.408000000E+0	3.999977344E+4	1.733232000E+3
1.392520000E-5	-3.041340000E-5	4.418600000E+0	3.999977344E+4	1.735378000E+3
1.453610000E-5	-3.033890000E-5	4.429000000E+0	3.999977344E+4	1.737788000E+3
1.449890000E-5	-3.235810000E-5	4.439200000E+0	3.999977344E+4	1.739528000E+3
1.566120000E-5	-3.107660000E-5	4.449700000E+0	3.999977344E+4	1.741510000E+3
1.427540000E-5	-3.030910000E-5	4.460900000E+0	3.999977344E+4	1.743920000E+3
1.537070000E-5	-2.980990000E-5	4.471100000E+0	3.999977344E+4	1.745933000E+3
1.485650000E-5	-2.867000000E-5	4.481400000E+0	3.999977344E+4	1.747945000E+3
1.460320000E-5	-3.217180000E-5	4.491700000E+0	3.999977344E+4	1.750325000E+3
1.404440000E-5	-3.114370000E-5	4.504200000E+0	3.999977344E+4	1.752350000E+3
1.509490000E-5	-3.052530000E-5	4.517100000E+0	3.999977344E+4	1.755163000E+3
1.402950000E-5	-3.236560000E-5	4.528300000E+0	3.999977344E+4	1.757633000E+3
1.606360000E-5	-3.168010000E-5	4.541300000E+0	3.999977344E+4	1.759673000E+3
1.812740000E-5	-3.098720000E-5	4.552300000E+0	3.999977344E+4	1.762423000E+3
1.684590000E-5	-3.023460000E-5	4.565200000E+0	3.999977344E+4	1.764838000E+3
1.590710000E-5	-3.196320000E-5	4.576200000E+0	3.999977344E+4	1.766636000E+3
1.691290000E-5	-3.094990000E-5	4.588900000E+0	3.999977344E+4	1.768978000E+3
1.682350000E-5	-2.787270000E-5	4.599400000E+0	3.999977344E+4	1.771772000E+3
1.444670000E-5	-2.844640000E-5	4.611500000E+0	3.999977344E+4	1.773904000E+3
1.608590000E-5	-2.908720000E-5	4.622100000E+0	3.999977344E+4	1.776362000E+3
1.527380000E-5	-2.778330000E-5	4.633600000E+0	3.999977344E+4	1.778334000E+3
1.570590000E-5	-3.013030000E-5	4.644300000E+0	3.999977344E+4	1.780751000E+3
1.654040000E-5	-3.045810000E-5	4.654500000E+0	3.999977344E+4	1.782448000E+3
1.647340000E-5	-2.724690000E-5	4.665800000E+0	3.999977344E+4	1.785275000E+3
1.566120000E-5	-2.457960000E-5	4.677500000E+0	3.999977344E+4	1.787244000E+3
1.556440000E-5	-2.858800000E-5	4.688000000E+0	3.999977344E+4	1.788897000E+3
1.654790000E-5	-2.966090000E-5	4.698500000E+0	3.999977344E+4	1.791292000E+3
1.811250000E-5	-2.963110000E-5	4.709900000E+0	3.999977344E+4	1.793635000E+3
1.684590000E-5	-3.053270000E-5	4.723000000E+0	3.999977344E+4	1.796446000E+3
1.544520000E-5	-3.040590000E-5	4.733500000E+0	3.999977344E+4	1.798039000E+3
1.632430000E-5	-2.976520000E-5	4.744800000E+0	3.999977344E+4	1.800971000E+3
1.443180000E-5	-2.950440000E-5	4.756700000E+0	3.999977344E+4	1.802976000E+3
1.610830000E-5	-2.905740000E-5	4.770400000E+0	3.999977344E+4	1.805807000E+3
1.697250000E-5	-2.812610000E-5	4.781000000E+0	3.999977344E+4	1.807791000E+3
1.445420000E-5	-2.843900000E-5	4.791400000E+0	3.999977344E+4	1.810223000E+3
1.528130000E-5	-2.731390000E-5	4.803300000E+0	3.999977344E+4	1.812429000E+3
2.031780000E-5	-2.624850000E-5	4.817400000E+0	3.999977344E+4	1.815278000E+3
1.716630000E-5	-2.689670000E-5	4.828400000E+0	3.999977344E+4	1.817687000E+3
1.823910000E-5	-2.608460000E-5	4.839200000E+0	3.999977344E+4	1.819264000E+3
1.774740000E-5	-2.780570000E-5	4.851200000E+0	3.999977344E+4	1.822045000E+3
1.760580000E-5	-2.513840000E-5	4.862200000E+0	3.999977344E+4	1.824051000E+3
1.595930000E-5	-2.719470000E-5	4.874900000E+0	3.999977344E+4	1.826843000E+3
1.651060000E-5	-2.694140000E-5	4.885500000E+0	3.999977344E+4	1.828423000E+3
1.583260000E-5	-2.937030000E-5	4.896100000E+0	3.999977344E+4	1.831381000E+3
1.773250000E-5	-2.769390000E-5	4.906500000E+0	3.999977344E+4	1.832972000E+3
1.668940000E-5	-2.708300000E-5	4.916700000E+0	3.999977344E+4	1.834553000E+3
1.984850000E-5	-2.704570000E-5	4.927600000E+0	3.999977344E+4	1.836989000E+3
1.779210000E-5	-2.725430000E-5	4.938900000E+0	3.999977344E+4	1.839366000E+3
1.570590000E-5	-2.738850000E-5	4.949000000E+0	3.999977344E+4	1.841353000E+3
1.699490000E-5	-2.717240000E-5	4.959900000E+0	3.999977344E+4	1.844291000E+3
1.415620000E-5	-2.808140000E-5	4.971400000E+0	3.999977344E+4	1.846385000E+3
1.543030000E-5	-2.571210000E-5	4.981700000E+0	3.999977344E+4	1.847485000E+3
1.731530000E-5	-2.665080000E-5	4.992900000E+0	3.999977344E+4	1.849890000E+3
1.741210000E-5	-2.818570000E-5	5.004500000E+0	3.999977344E+4	1.852737000E+3
1.710660000E-5	-2.610700000E-5	5.014900000E+0	3.999977344E+4	1.854711000E+3
1.749410000E-5	-2.747790000E-5	5.026200000E+0	3.999977344E+4	1.857102000E+3
1.685330000E-5	-2.817080000E-5	5.037200000E+0	3.999977344E+4	1.859476000E+3
1.867870000E-5	-2.712770000E-5	5.049500000E+0	3.999977344E+4	1.861399000E+3
1.978890000E-5	-2.773860000E-5	5.060200000E+0	3.999977344E+4	1.863779000E+3
1.809010000E-5	-2.538420000E-5	5.071400000E+0	3.999977344E+4	1.866217000E+3
1.849250000E-5	-2.757470000E-5	5.081800000E+0	3.999977344E+4	1.867751000E+3
1.712900000E-5	-2.688930000E-5	5.092800000E+0	3.999977344E+4	1.870189000E+3
1.643610000E-5	-2.484040000E-5	5.104000000E+0	3.999977344E+4	1.872531000E+3
1.706940000E-5	-2.812610000E-5	5.115300000E+0	3.999977344E+4	1.874535000E+3
1.823910000E-5	-2.669550000E-5	5.125500000E+0	3.999977344E+4	1.876935000E+3
1.741210000E-5	-2.685950000E-5	5.137500000E+0	3.999977344E+4	1.878934000E+3
1.907360000E-5	-2.638260000E-5	5.148000000E+0	3.999977344E+4	1.881535000E+3
1.935670000E-5	-2.605480000E-5	5.158000000E+0	3.999977344E+4	1.883465000E+3
1.912580000E-5	-2.632300000E-5	5.169900000E+0	3.999977344E+4	1.885493000E+3
1.850740000E-5	-2.785040000E-5	5.181100000E+0	3.999977344E+4	1.887888000E+3
2.113000000E-5	-2.653910000E-5	5.191800000E+0	3.999977344E+4	1.890473000E+3
2.019860000E-5	-2.832720000E-5	5.201800000E+0	3.999977344E+4	1.892033000E+3
1.937160000E-5	-2.930320000E-5	5.213000000E+0	3.999977344E+4	1.894027000E+3
1.958020000E-5	-2.847620000E-5	5.224800000E+0	3.999977344E+4	1.896803000E+3
1.969200000E-5	-2.831230000E-5	5.235400000E+0	3.999977344E+4	1.898835000E+3
1.925240000E-5	-2.845390000E-5	5.246600000E+0	3.999977344E+4	1.900855000E+3
1.865640000E-5	-2.920640000E-5	5.258500000E+0	3.999977344E+4	1.903608000E+3
2.028060000E-5	-2.866250000E-5	5.269100000E+0	3.999977344E+4	1.906009000E+3
1.975910000E-5	-2.989180000E-5	5.279800000E+0	3.999977344E+4	1.907231000E+3
2.060840000E-5	-3.104680000E-5	5.289900000E+0	3.999977344E+4	1.910140000E+3
2.041470000E-5	-2.900520000E-5	5.300700000E+0	3.999977344E+4	1.912145000E+3
2.146520000E-5	-2.872960000E-5	5.311100000E+0	3.999977344E+4	1.913345000E+3
2.022100000E-5	-2.899780000E-5	5.321800000E+0	3.999977344E+4	1.916303000E+3
1.884260000E-5	-3.057740000E-5	5.333800000E+0	3.999977344E+4	1.918322000E+3
2.010920000E-5	-2.750770000E-5	5.344100000E+0	3.999977344E+4	1.920293000E+3
1.893200000E-5	-2.861030000E-5	5.354500000E+0	3.999977344E+4	1.922680000E+3
1.934180000E-5	-2.913930000E-5	5.366400000E+0	3.999977344E+4	1.925060000E+3
1.963980000E-5	-3.018240000E-5	5.377300000E+0	3.999977344E+4	1.927051000E+3
2.111510000E-5	-3.047300000E-5	5.388800000E+0	3.999977344E+4	1.929470000E+3
1.925990000E-5	-2.928830000E-5	5.398900000E+0	3.999977344E+4	1.931861000E+3
1.861910000E-5	-2.938520000E-5	5.410300000E+0	3.999977344E+4	1.933502000E+3
1.874580000E-5	-2.703830000E-5	5.421400000E+0	3.999977344E+4	1.935998000E+3
1.909600000E-5	-2.995150000E-5	5.432200000E+0	3.999977344E+4	1.938424000E+3
2.007200000E-5	-2.849860000E-5	5.443100000E+0	3.999977344E+4	1.940126000E+3
1.765800000E-5	-2.771630000E-5	5.453600000E+0	3.999977344E+4	1.943005000E+3
1.722590000E-5	-2.942250000E-5	5.464100000E+0	3.999977344E+4	1.944591000E+3
1.891710000E-5	-2.837190000E-5	5.475300000E+0	3.999977344E+4	1.946933000E+3
2.108530000E-5	-2.552580000E-5	5.485800000E+0	3.999977344E+4	1.948926000E+3
1.969200000E-5	-2.723940000E-5	5.497400000E+0	3.999977344E+4	1.951342000E+3
1.943120000E-5	-2.769390000E-5	5.507500000E+0	3.999977344E+4	1.952930000E+3
2.012410000E-5	-2.639010000E-5	5.517700000E+0	3.999977344E+4	1.955344000E+3
2.026570000E-5	-2.473600000E-5	5.528300000E+0	3.999977344E+4	1.957778000E+3
1.969950000E-5	-2.609950000E-5	5.539900000E+0	3.999977344E+4	1.959511000E+3
1.735250000E-5	-2.554820000E-5	5.551200000E+0	3.999977344E+4	1.961895000E+3
1.914810000E-5	-2.490000000E-5	5.562200000E+0	3.999977344E+4	1.964356000E+3
1.701720000E-5	-2.550350000E-5	5.573400000E+0	3.999977344E+4	1.966268000E+3
1.811250000E-5	-2.573440000E-5	5.584100000E+0	3.999977344E+4	1.968643000E+3
1.841050000E-5	-2.618890000E-5	5.594500000E+0	3.999977344E+4	1.970673000E+3
1.496080000E-5	-2.609950000E-5	5.605100000E+0	3.999977344E+4	1.973303000E+3
1.716630000E-5	-2.541400000E-5	5.615700000E+0	3.999977344E+4	1.974823000E+3
1.467030000E-5	-2.571210000E-5	5.626500000E+0	3.999977344E+4	1.976822000E+3
1.668940000E-5	-2.549600000E-5	5.636700000E+0	3.999977344E+4	1.978778000E+3
1.765050000E-5	-2.496700000E-5	5.647400000E+0	3.999977344E+4	1.981169000E+3
1.814970000E-5	-2.571210000E-5	5.658500000E+0	3.999977344E+4	1.983632000E+3
1.751640000E-5	-2.687440000E-5	5.668800000E+0	3.999977344E+4	1.985242000E+3
2.086920000E-5	-2.559290000E-5	5.680400000E+0	3.999977344E+4	1.987643000E+3
1.934180000E-5	-2.620380000E-5	5.690500000E+0	3.999977344E+4	1.989990000E+3
1.844780000E-5	-2.663590000E-5	5.701400000E+0	3.999977344E+4	1.992134000E+3
1.975910000E-5	-2.474350000E-5	5.713300000E+0	3.999977344E+4	1.994152000E+3
1.986340000E-5	-2.577170000E-5	5.723700000E+0	3.999977344E+4	1.995883000E+3
1.795600000E-5	-2.797700000E-5	5.734400000E+0	3.999977344E+4	1.998693000E+3
1.904380000E-5	-2.646460000E-5	5.746800000E+0	3.999977344E+4	2.001042000E+3
1.981870000E-5	-2.436350000E-5	5.758100000E+0	3.999977344E+4	2.003072000E+3
2.058610000E-5	-2.525010000E-5	5.769200000E+0	3.999977344E+4	2.005885000E+3
1.918540000E-5	-2.515330000E-5	5.781500000E+0	3.999977344E+4	2.008245000E+3
1.836580000E-5	-2.585360000E-5	5.791800000E+0	3.999977344E+4	2.009909000E+3
1.950570000E-5	-2.709040000E-5	5.803100000E+0	3.999977344E+4	2.012403000E+3
1.966220000E-5	-2.711280000E-5	5.813200000E+0	3.999977344E+4	2.014469000E+3
1.776230000E-5	-2.688180000E-5	5.827500000E+0	3.999977344E+4	2.017200000E+3
1.779960000E-5	-2.709790000E-5	5.838300000E+0	3.999977344E+4	2.019220000E+3
1.915560000E-5	-2.714260000E-5	5.849800000E+0	3.999977344E+4	2.021580000E+3
1.764310000E-5	-2.908720000E-5	5.860800000E+0	3.999977344E+4	2.024011000E+3
1.727060000E-5	-2.837940000E-5	5.874600000E+0	3.999977344E+4	2.026403000E+3
1.779960000E-5	-2.779820000E-5	5.885000000E+0	3.999977344E+4	2.028811000E+3
1.771010000E-5	-2.848370000E-5	5.895100000E+0	3.999977344E+4	2.030781000E+3
1.705450000E-5	-2.867000000E-5	5.905500000E+0	3.999977344E+4	2.033439000E+3
1.795600000E-5	-2.791740000E-5	5.916300000E+0	3.999977344E+4	2.034912000E+3
1.840310000E-5	-2.748530000E-5	5.926300000E+0	3.999977344E+4	2.036553000E+3
1.638390000E-5	-2.750770000E-5	5.938000000E+0	3.999977344E+4	2.039382000E+3
1.584750000E-5	-2.855820000E-5	5.949500000E+0	3.999977344E+4	2.041711000E+3
1.709170000E-5	-2.715000000E-5	5.961000000E+0	3.999977344E+4	2.043688000E+3
1.684590000E-5	-2.680730000E-5	5.973100000E+0	3.999977344E+4	2.046490000E+3
1.541540000E-5	-2.648690000E-5	5.984400000E+0	3.999977344E+4	2.048640000E+3
1.739720000E-5	-2.472110000E-5	5.996200000E+0	3.999977344E+4	2.051044000E+3
1.627220000E-5	-2.630810000E-5	6.007200000E+0	3.999977344E+4	2.053104000E+3
1.586990000E-5	-2.788760000E-5	6.019000000E+0	3.999977344E+4	2.055455000E+3
2.016880000E-5	-2.507130000E-5	6.029300000E+0	3.999977344E+4	2.057588000E+3
1.943120000E-5	-2.733630000E-5	6.040000000E+0	3.999977344E+4	2.060001000E+3
1.903630000E-5	-2.750770000E-5	6.051400000E+0	3.999977344E+4	2.061626000E+3
1.836580000E-5	-2.843900000E-5	6.063800000E+0	3.999977344E+4	2.064364000E+3
1.752390000E-5	-2.907230000E-5	6.074100000E+0	3.999977344E+4	2.066389000E+3
1.699490000E-5	-2.877430000E-5	6.085700000E+0	3.999977344E+4	2.069177000E+3
1.489380000E-5	-2.989930000E-5	6.097200000E+0	3.999977344E+4	2.070932000E+3
1.654040000E-5	-3.021220000E-5	6.109100000E+0	3.999977344E+4	2.073739000E+3
1.593690000E-5	-3.074880000E-5	6.120700000E+0	3.999977344E+4	2.075813000E+3
1.642120000E-5	-3.242520000E-5	6.134200000E+0	3.999977344E+4	2.078534000E+3
1.420090000E-5	-3.090520000E-5	6.146100000E+0	3.999977344E+4	2.080533000E+3
1.453610000E-5	-3.197810000E-5	6.157900000E+0	3.999977344E+4	2.083316000E+3
1.775480000E-5	-2.923620000E-5	6.168500000E+0	3.999977344E+4	2.085320000E+3
1.686080000E-5	-3.002600000E-5	6.180000000E+0	3.999977344E+4	2.087711000E+3
1.608590000E-5	-3.007070000E-5	6.190300000E+0	3.999977344E+4	2.089767000E+3
1.704700000E-5	-2.852840000E-5	6.201200000E+0	3.999977344E+4	2.091741000E+3
1.560910000E-5	-2.927340000E-5	6.212800000E+0	3.999977344E+4	2.094123000E+3
1.586990000E-5	-2.843900000E-5	6.223000000E+0	3.999977344E+4	2.096496000E+3
1.502040000E-5	-3.008560000E-5	6.235300000E+0	3.999977344E+4	2.099185000E+3
1.576550000E-5	-2.971300000E-5	6.245700000E+0	3.999977344E+4	2.100650000E+3
1.544520000E-5	-2.989930000E-5	6.255800000E+0	3.999977344E+4	2.102644000E+3
1.624980000E-5	-2.881900000E-5	6.266600000E+0	3.999977344E+4	2.105025000E+3
1.641370000E-5	-2.875940000E-5	6.277300000E+0	3.999977344E+4	2.107445000E+3
1.621260000E-5	-2.919150000E-5	6.288800000E+0	3.999977344E+4	2.109465000E+3
1.864890000E-5	-2.734370000E-5	6.300400000E+0	3.999977344E+4	2.111615000E+3
1.829130000E-5	-2.662100000E-5	6.310600000E+0	3.999977344E+4	2.114021000E+3
1.773250000E-5	-2.863270000E-5	6.321800000E+0	3.999977344E+4	2.116431000E+3
1.793370000E-5	-2.820800000E-5	6.333000000E+0	3.999977344E+4	2.118433000E+3
1.739720000E-5	-2.945230000E-5	6.343500000E+0	3.999977344E+4	2.120023000E+3
1.689800000E-5	-2.999620000E-5	6.354000000E+0	3.999977344E+4	2.122819000E+3
1.803050000E-5	-3.031650000E-5	6.365700000E+0	3.999977344E+4	2.125345000E+3
1.816460000E-5	-2.983970000E-5	6.376100000E+0	3.999977344E+4	2.126960000E+3
1.654040000E-5	-2.995890000E-5	6.388300000E+0	3.999977344E+4	2.129371000E+3
1.799330000E-5	-3.048790000E-5	6.398400000E+0	3.999977344E+4	2.131405000E+3
1.879050000E-5	-2.868490000E-5	6.409500000E+0	3.999977344E+4	2.133841000E+3
2.069040000E-5	-2.761200000E-5	6.419600000E+0	3.999977344E+4	2.135445000E+3
1.972180000E-5	-2.858800000E-5	6.432000000E+0	3.999977344E+4	2.137450000E+3
2.124920000E-5	-2.875940000E-5	6.445000000E+0	3.999977344E+4	2.140650000E+3
2.172600000E-5	-2.966830000E-5	6.455100000E+0	3.999977344E+4	2.143047000E+3
2.093620000E-5	-2.955660000E-5	6.466000000E+0	3.999977344E+4	2.144622000E+3
2.051900000E-5	-3.021220000E-5	6.478500000E+0	3.999977344E+4	2.147438000E+3
2.086170000E-5	-2.988440000E-5	6.490400000E+0	3.999977344E+4	2.149422000E+3
2.182290000E-5	-2.932560000E-5	6.500800000E+0	3.999977344E+4	2.151901000E+3
2.016140000E-5	-2.903500000E-5	6.512600000E+0	3.999977344E+4	2.154672000E+3
2.070530000E-5	-3.057000000E-5	6.522700000E+0	3.999977344E+4	2.156249000E+3
2.070530000E-5	-2.934800000E-5	6.533500000E+0	3.999977344E+4	2.158291000E+3
2.126410000E-5	-2.986950000E-5	6.544000000E+0	3.999977344E+4	2.160302000E+3
1.855210000E-5	-2.980990000E-5	6.554200000E+0	3.999977344E+4	2.163043000E+3
2.082450000E-5	-3.040590000E-5	6.565800000E+0	3.999977344E+4	2.164632000E+3
2.113000000E-5	-3.008560000E-5	6.577300000E+0	3.999977344E+4	2.167021000E+3
2.098100000E-5	-3.044320000E-5	6.587900000E+0	3.999977344E+4	2.169033000E+3
1.994530000E-5	-3.018990000E-5	6.599000000E+0	3.999977344E+4	2.171547000E+3
1.816460000E-5	-3.173230000E-5	6.611300000E+0	3.999977344E+4	2.173945000E+3
1.671180000E-5	-3.153110000E-5	6.622800000E+0	3.999977344E+4	2.175756000E+3
1.944610000E-5	-3.086800000E-5	6.633700000E+0	3.999977344E+4	2.178481000E+3
1.810500000E-5	-3.156830000E-5	6.644300000E+0	3.999977344E+4	2.180923000E+3
1.697250000E-5	-3.351290000E-5	6.656000000E+0	3.999977344E+4	2.182496000E+3
1.928220000E-5	-3.054020000E-5	6.668800000E+0	3.999977344E+4	2.185281000E+3
1.954300000E-5	-3.154600000E-5	6.678900000E+0	3.999977344E+4	2.187282000E+3
1.987830000E-5	-3.148640000E-5	6.689600000E+0	3.999977344E+4	2.189740000E+3
2.034770000E-5	-3.048790000E-5	6.703200000E+0	3.999977344E+4	2.192502000E+3
2.108530000E-5	-3.106920000E-5	6.713700000E+0	3.999977344E+4	2.194144000E+3
2.278400000E-5	-2.973540000E-5	6.725200000E+0	3.999977344E+4	2.196541000E+3
2.297770000E-5	-2.959380000E-5	6.736300000E+0	3.999977344E+4	2.199098000E+3
2.292560000E-5	-2.899780000E-5	6.748400000E+0	3.999977344E+4	2.201604000E+3
2.184520000E-5	-2.776100000E-5	6.758900000E+0	3.999977344E+4	2.203168000E+3
2.083940000E-5	-2.945230000E-5	6.770500000E+0	3.999977344E+4	2.205951000E+3
1.888730000E-5	-2.874450000E-5	6.782800000E+0	3.999977344E+4	2.208407000E+3
1.773990000E-5	-2.881900000E-5	6.793500000E+0	3.999977344E+4	2.210802000E+3
1.741960000E-5	-2.872210000E-5	6.803700000E+0	3.999977344E+4	2.212426000E+3
2.035510000E-5	-2.787270000E-5	6.814500000E+0	3.999977344E+4	2.214341000E+3
1.855210000E-5	-2.534700000E-5	6.825400000E+0	3.999977344E+4	2.216753000E+3
1.845520000E-5	-2.724690000E-5	6.835700000E+0	3.999977344E+4	2.218794000E+3
1.625730000E-5	-2.644220000E-5	6.846200000E+0	3.999977344E+4	2.221558000E+3
1.607850000E-5	-2.654650000E-5	6.857900000E+0	3.999977344E+4	2.223167000E+3
1.469260000E-5	-2.799940000E-5	6.868100000E+0	3.999977344E+4	2.225203000E+3
1.490120000E-5	-2.799940000E-5	6.880300000E+0	3.999977344E+4	2.227961000E+3
1.523650000E-5	-2.750020000E-5	6.892700000E+0	3.999977344E+4	2.230361000E+3
1.686080000E-5	-2.772370000E-5	6.903200000E+0	3.999977344E+4	2.231943000E+3
1.576550000E-5	-2.770880000E-5	6.913500000E+0	3.999977344E+4	2.234421000E+3
1.762820000E-5	-2.621130000E-5	6.925500000E+0	3.999977344E+4	2.236765000E+3
1.828380000E-5	-2.680730000E-5	6.935600000E+0	3.999977344E+4	2.238906000E+3
1.911090000E-5	-2.598770000E-5	6.946400000E+0	3.999977344E+4	2.241287000E+3
1.858190000E-5	-2.563010000E-5	6.956600000E+0	3.999977344E+4	2.242912000E+3
1.771010000E-5	-2.577170000E-5	6.966900000E+0	3.999977344E+4	2.244948000E+3
1.766540000E-5	-2.545880000E-5	6.978200000E+0	3.999977344E+4	2.246890000E+3
1.775480000E-5	-2.543640000E-5	6.990200000E+0	3.999977344E+4	2.250119000E+3
1.759840000E-5	-2.582380000E-5	7.000700000E+0	3.999977344E+4	2.251452000E+3
1.601890000E-5	-2.685950000E-5	7.012200000E+0	3.999977344E+4	2.254247000E+3
1.734510000E-5	-2.711280000E-5	7.022700000E+0	3.999977344E+4	2.256209000E+3
1.727800000E-5	-2.725430000E-5	7.034100000E+0	3.999977344E+4	2.258612000E+3
1.833600000E-5	-2.654650000E-5	7.047300000E+0	3.999977344E+4	2.261071000E+3
1.715140000E-5	-2.565250000E-5	7.058300000E+0	3.999977344E+4	2.263012000E+3
1.569850000E-5	-2.610700000E-5	7.069200000E+0	3.999977344E+4	2.265576000E+3
1.570590000E-5	-2.750020000E-5	7.079300000E+0	3.999977344E+4	2.267555000E+3
1.677880000E-5	-2.535440000E-5	7.089500000E+0	3.999977344E+4	2.269952000E+3
1.607850000E-5	-2.556310000E-5	7.101200000E+0	3.999977344E+4	2.271607000E+3
1.493850000E-5	-2.659120000E-5	7.113300000E+0	3.999977344E+4	2.274423000E+3
1.580280000E-5	-2.542150000E-5	7.123600000E+0	3.999977344E+4	2.276394000E+3
1.643610000E-5	-2.469130000E-5	7.135200000E+0	3.999977344E+4	2.278766000E+3
1.708430000E-5	-2.484040000E-5	7.147200000E+0	3.999977344E+4	2.281154000E+3
1.855210000E-5	-2.538420000E-5	7.159000000E+0	3.999977344E+4	2.283281000E+3
1.863400000E-5	-2.434120000E-5	7.169200000E+0	3.999977344E+4	2.285677000E+3
1.803800000E-5	-2.455720000E-5	7.181800000E+0	3.999977344E+4	2.288121000E+3
1.645840000E-5	-2.653910000E-5	7.192900000E+0	3.999977344E+4	2.290516000E+3
1.726310000E-5	-2.583130000E-5	7.203900000E+0	3.999977344E+4	2.292057000E+3
1.574320000E-5	-2.717980000E-5	7.215200000E+0	3.999977344E+4	2.294880000E+3
1.435730000E-5	-2.722450000E-5	7.226100000E+0	3.999977344E+4	2.296852000E+3
1.648080000E-5	-2.585360000E-5	7.236200000E+0	3.999977344E+4	2.299359000E+3
1.674160000E-5	-2.721710000E-5	7.246700000E+0	3.999977344E+4	2.300852000E+3
1.699490000E-5	-2.780570000E-5	7.257200000E+0	3.999977344E+4	2.303283000E+3
1.742700000E-5	-2.679990000E-5	7.268300000E+0	3.999977344E+4	2.305262000E+3
1.756860000E-5	-2.687440000E-5	7.279800000E+0	3.999977344E+4	2.307687000E+3
1.458080000E-5	-2.762690000E-5	7.290200000E+0	3.999977344E+4	2.310051000E+3
1.665220000E-5	-2.682220000E-5	7.300900000E+0	3.999977344E+4	2.311798000E+3
1.644350000E-5	-2.685950000E-5	7.311100000E+0	3.999977344E+4	2.313884000E+3
1.650320000E-5	-2.774610000E-5	7.322900000E+0	3.999977344E+4	2.315762000E+3
1.614550000E-5	-2.785780000E-5	7.334200000E+0	3.999977344E+4	2.318575000E+3
1.746430000E-5	-2.753000000E-5	7.344700000E+0	3.999977344E+4	2.320986000E+3
1.682350000E-5	-2.937030000E-5	7.356200000E+0	3.999977344E+4	2.323017000E+3
1.684590000E-5	-2.893070000E-5	7.368000000E+0	3.999977344E+4	2.325004000E+3
1.776980000E-5	-2.706060000E-5	7.378500000E+0	3.999977344E+4	2.327371000E+3
1.773250000E-5	-2.847620000E-5	7.389800000E+0	3.999977344E+4	2.329774000E+3
1.792620000E-5	-2.846130000E-5	7.400500000E+0	3.999977344E+4	2.332322000E+3
1.703210000E-5	-3.085310000E-5	7.410800000E+0	3.999977344E+4	2.333933000E+3
1.591460000E-5	-3.051020000E-5	7.421500000E+0	3.999977344E+4	2.335889000E+3
1.809760000E-5	-2.926600000E-5	7.432300000E+0	3.999977344E+4	2.338317000E+3
1.804540000E-5	-3.016750000E-5	7.442800000E+0	3.999977344E+4	2.340028000E+3
1.696510000E-5	-2.982480000E-5	7.453700000E+0	3.999977344E+4	2.342870000E+3
1.830620000E-5	-2.821550000E-5	7.464400000E+0	3.999977344E+4	2.344488000E+3
1.823910000E-5	-2.926600000E-5	7.474700000E+0	3.999977344E+4	2.346441000E+3
1.654790000E-5	-2.901270000E-5	7.485000000E+0	3.999977344E+4	2.348456000E+3
1.677140000E-5	-2.950440000E-5	7.495900000E+0	3.999977344E+4	2.350836000E+3
