20240416a_HM449HfTa4Zr_chiAC_vs_T_B_6.001.txt Wed, Apr 16, 2025 6:35:06 PM Juan Gabe
Magnet: None
Trigger spacing of 0.010000 on column #3
Offsets:	0.000000000E+0	0.000000000E+0	0.000000000E+0	0.000000000E+0	0.000000000E+0

Scale Factors:	1.000000000E+0	1.000000000E+0	1.000000000E+0	1.000000000E+0	1.000000000E+0

6 T

Lockin_V_001	Chan2_V_001	Temperture_001	Field_001	Timestamp_001
3.647230000E-4	-3.638890000E-5	7.498700000E+0	6.000017188E+4	2.900000000E-2
3.628150000E-4	-3.451130000E-5	7.488700000E+0	6.000017188E+4	4.487200000E+1
3.718750000E-4	-4.437590000E-5	7.478500000E+0	6.000017188E+4	4.644900000E+1
3.689250000E-4	-3.716370000E-5	7.466900000E+0	6.000017188E+4	4.805300000E+1
3.680610000E-4	-3.540540000E-5	7.455800000E+0	6.000017188E+4	5.001500000E+1
3.638880000E-4	-3.293180000E-5	7.444600000E+0	6.000017188E+4	5.243000000E+1
3.697590000E-4	-3.376630000E-5	7.434300000E+0	6.000017188E+4	5.441800000E+1
3.671070000E-4	-3.227610000E-5	7.423200000E+0	6.000017188E+4	5.680600000E+1
3.626070000E-4	-2.941500000E-5	7.409800000E+0	6.000017188E+4	5.960900000E+1
3.694020000E-4	-3.293180000E-5	7.397900000E+0	6.000017188E+4	6.162000000E+1
3.668680000E-4	-3.621010000E-5	7.386900000E+0	6.000017188E+4	6.377700000E+1
3.606100000E-4	-3.287220000E-5	7.375900000E+0	6.000017188E+4	6.618700000E+1
3.642460000E-4	-3.123310000E-5	7.363500000E+0	6.000017188E+4	6.900200000E+1
3.643050000E-4	-3.308080000E-5	7.351800000E+0	6.000017188E+4	7.095600000E+1
3.637990000E-4	-3.048790000E-5	7.341200000E+0	6.000017188E+4	7.335600000E+1
3.697000000E-4	-4.214070000E-5	7.328500000E+0	6.000017188E+4	7.576500000E+1
3.731570000E-4	-4.115720000E-5	7.317900000E+0	6.000017188E+4	7.734300000E+1
3.652890000E-4	-3.966710000E-5	7.307400000E+0	6.000017188E+4	7.981700000E+1
3.675540000E-4	-3.990550000E-5	7.296700000E+0	6.000017188E+4	8.174900000E+1
3.726500000E-4	-4.631300000E-5	7.283500000E+0	6.000017188E+4	8.452800000E+1
3.727400000E-4	-4.100820000E-5	7.273000000E+0	6.000017188E+4	8.697900000E+1
3.597160000E-4	-2.715000000E-5	7.261700000E+0	6.000017188E+4	8.894500000E+1
3.674050000E-4	-3.638890000E-5	7.250900000E+0	6.000017188E+4	9.096000000E+1
3.673150000E-4	-3.805780000E-5	7.240700000E+0	6.000017188E+4	9.292200000E+1
3.641860000E-4	-3.644850000E-5	7.229100000E+0	6.000017188E+4	9.536500000E+1
3.602520000E-4	-3.412390000E-5	7.218900000E+0	6.000017188E+4	9.772000000E+1
3.738720000E-4	-4.565740000E-5	7.208300000E+0	6.000017188E+4	9.979900000E+1
3.680610000E-4	-3.355760000E-5	7.198200000E+0	6.000017188E+4	1.017160000E+2
3.694310000E-4	-3.632930000E-5	7.185300000E+0	6.000017188E+4	1.039200000E+2
3.643050000E-4	-4.145530000E-5	7.173700000E+0	6.000017188E+4	1.070600000E+2
3.744080000E-4	-4.747530000E-5	7.163400000E+0	6.000017188E+4	1.086790000E+2
3.660040000E-4	-3.615040000E-5	7.153000000E+0	6.000017188E+4	1.102680000E+2
3.691930000E-4	-4.339240000E-5	7.141700000E+0	6.000017188E+4	1.131150000E+2
3.673750000E-4	-3.501800000E-5	7.130300000E+0	6.000017188E+4	1.154990000E+2
3.724410000E-4	-4.208110000E-5	7.118600000E+0	6.000017188E+4	1.174800000E+2
3.662720000E-4	-3.770020000E-5	7.106600000E+0	6.000017188E+4	1.196440000E+2
3.630540000E-4	-3.430270000E-5	7.095500000E+0	6.000017188E+4	1.220060000E+2
3.608480000E-4	-3.707430000E-5	7.083500000E+0	6.000017188E+4	1.246740000E+2
3.666600000E-4	-4.234930000E-5	7.072300000E+0	6.000017188E+4	1.271880000E+2
3.622190000E-4	-3.376630000E-5	7.061400000E+0	6.000017188E+4	1.286720000E+2
3.634110000E-4	-3.901150000E-5	7.050600000E+0	6.000017188E+4	1.312980000E+2
3.626070000E-4	-3.710410000E-5	7.038700000E+0	6.000017188E+4	1.335980000E+2
3.604610000E-4	-3.671670000E-5	7.027800000E+0	6.000017188E+4	1.360100000E+2
3.690140000E-4	-3.883270000E-5	7.017700000E+0	6.000017188E+4	1.373550000E+2
3.658250000E-4	-3.635910000E-5	7.006300000E+0	6.000017188E+4	1.401480000E+2
3.637390000E-4	-3.862400000E-5	6.996200000E+0	6.000017188E+4	1.417900000E+2
3.642460000E-4	-3.102450000E-5	6.985700000E+0	6.000017188E+4	1.438470000E+2
3.657360000E-4	-3.662730000E-5	6.973800000E+0	6.000017188E+4	1.466980000E+2
3.684180000E-4	-3.483910000E-5	6.960700000E+0	6.000017188E+4	1.492680000E+2
3.716070000E-4	-4.088900000E-5	6.949800000E+0	6.000017188E+4	1.512400000E+2
3.675240000E-4	-3.993530000E-5	6.939600000E+0	6.000017188E+4	1.532750000E+2
3.632920000E-4	-3.996510000E-5	6.928000000E+0	6.000017188E+4	1.557830000E+2
3.661230000E-4	-4.246850000E-5	6.915900000E+0	6.000017188E+4	1.581850000E+2
3.584340000E-4	-3.722330000E-5	6.903900000E+0	6.000017188E+4	1.606050000E+2
3.594480000E-4	-3.922010000E-5	6.891500000E+0	6.000017188E+4	1.628070000E+2
3.590900000E-4	-3.644850000E-5	6.879800000E+0	6.000017188E+4	1.651830000E+2
3.615040000E-4	-3.248480000E-5	6.869000000E+0	6.000017188E+4	1.678740000E+2
3.722030000E-4	-4.482290000E-5	6.857400000E+0	6.000017188E+4	1.699050000E+2
3.692820000E-4	-4.449510000E-5	6.846800000E+0	6.000017188E+4	1.720600000E+2
3.681500000E-4	-3.823660000E-5	6.834500000E+0	6.000017188E+4	1.745380000E+2
3.677920000E-4	-4.389910000E-5	6.823600000E+0	6.000017188E+4	1.763980000E+2
3.667790000E-4	-3.933930000E-5	6.813300000E+0	6.000017188E+4	1.782640000E+2
3.582850000E-4	-3.641870000E-5	6.801000000E+0	6.000017188E+4	1.809940000E+2
3.627260000E-4	-3.397490000E-5	6.789900000E+0	6.000017188E+4	1.833190000E+2
3.643950000E-4	-3.960750000E-5	6.779800000E+0	6.000017188E+4	1.854880000E+2
3.658850000E-4	-4.124660000E-5	6.769000000E+0	6.000017188E+4	1.876140000E+2
3.630240000E-4	-3.656770000E-5	6.758800000E+0	6.000017188E+4	1.893120000E+2
3.623980000E-4	-3.808760000E-5	6.745400000E+0	6.000017188E+4	1.918600000E+2
3.610870000E-4	-3.725310000E-5	6.735100000E+0	6.000017188E+4	1.939960000E+2
3.645440000E-4	-3.677630000E-5	6.725000000E+0	6.000017188E+4	1.964010000E+2
3.665410000E-4	-3.877310000E-5	6.713500000E+0	6.000017188E+4	1.990550000E+2
3.604910000E-4	-3.665710000E-5	6.700800000E+0	6.000017188E+4	2.010840000E+2
3.648120000E-4	-3.698490000E-5	6.689900000E+0	6.000017188E+4	2.036190000E+2
3.680610000E-4	-3.719350000E-5	6.678400000E+0	6.000017188E+4	2.053240000E+2
3.580770000E-4	-3.188870000E-5	6.668300000E+0	6.000017188E+4	2.078830000E+2
3.629350000E-4	-3.284240000E-5	6.656000000E+0	6.000017188E+4	2.099920000E+2
3.650510000E-4	-3.585240000E-5	6.644500000E+0	6.000017188E+4	2.125280000E+2
3.599250000E-4	-2.932560000E-5	6.632300000E+0	6.000017188E+4	2.149250000E+2
3.581360000E-4	-2.893820000E-5	6.621800000E+0	6.000017188E+4	2.163950000E+2
3.600440000E-4	-3.269340000E-5	6.611200000E+0	6.000017188E+4	2.187770000E+2
3.648720000E-4	-3.713390000E-5	6.601000000E+0	6.000017188E+4	2.209420000E+2
3.663020000E-4	-3.755120000E-5	6.590900000E+0	6.000017188E+4	2.230770000E+2
3.639780000E-4	-3.343840000E-5	6.580900000E+0	6.000017188E+4	2.253550000E+2
3.690740000E-4	-3.591200000E-5	6.569100000E+0	6.000017188E+4	2.272310000E+2
3.626070000E-4	-4.029300000E-5	6.558300000E+0	6.000017188E+4	2.298870000E+2
3.655570000E-4	-3.665710000E-5	6.546300000E+0	6.000017188E+4	2.318640000E+2
3.590600000E-4	-2.738850000E-5	6.534600000E+0	6.000017188E+4	2.345300000E+2
3.627860000E-4	-3.254440000E-5	6.523600000E+0	6.000017188E+4	2.365220000E+2
3.654980000E-4	-3.179930000E-5	6.512400000E+0	6.000017188E+4	2.382400000E+2
3.649310000E-4	-3.755120000E-5	6.502200000E+0	6.000017188E+4	2.407990000E+2
3.685670000E-4	-3.740210000E-5	6.490800000E+0	6.000017188E+4	2.429130000E+2
3.666600000E-4	-3.632930000E-5	6.479500000E+0	6.000017188E+4	2.453260000E+2
3.725900000E-4	-4.318380000E-5	6.466800000E+0	6.000017188E+4	2.483720000E+2
3.649010000E-4	-3.644850000E-5	6.454900000E+0	6.000017188E+4	2.502940000E+2
3.662430000E-4	-3.087540000E-5	6.444300000E+0	6.000017188E+4	2.522550000E+2
3.630540000E-4	-3.811740000E-5	6.431600000E+0	6.000017188E+4	2.548370000E+2
3.630540000E-4	-3.287220000E-5	6.421100000E+0	6.000017188E+4	2.577650000E+2
3.624580000E-4	-3.430270000E-5	6.410300000E+0	6.000017188E+4	2.594790000E+2
3.581070000E-4	-2.968320000E-5	6.398500000E+0	6.000017188E+4	2.614560000E+2
3.685370000E-4	-3.787900000E-5	6.387000000E+0	6.000017188E+4	2.641270000E+2
3.699680000E-4	-4.425670000E-5	6.375900000E+0	6.000017188E+4	2.657290000E+2
3.651700000E-4	-3.695510000E-5	6.363100000E+0	6.000017188E+4	2.682490000E+2
3.614440000E-4	-3.612060000E-5	6.351700000E+0	6.000017188E+4	2.712680000E+2
3.626370000E-4	-3.871340000E-5	6.339900000E+0	6.000017188E+4	2.737040000E+2
3.587320000E-4	-2.822290000E-5	6.329700000E+0	6.000017188E+4	2.749040000E+2
3.601930000E-4	-3.406430000E-5	6.318400000E+0	6.000017188E+4	2.776260000E+2
3.569440000E-4	-3.165030000E-5	6.307000000E+0	6.000017188E+4	2.796440000E+2
3.654380000E-4	-3.898170000E-5	6.296800000E+0	6.000017188E+4	2.822470000E+2
3.628450000E-4	-3.665710000E-5	6.283900000E+0	6.000017188E+4	2.845430000E+2
3.662430000E-4	-3.677630000E-5	6.269500000E+0	6.000017188E+4	2.873270000E+2
3.682100000E-4	-4.172350000E-5	6.258500000E+0	6.000017188E+4	2.894360000E+2
3.649610000E-4	-4.187250000E-5	6.248300000E+0	6.000017188E+4	2.914590000E+2
3.683880000E-4	-3.945850000E-5	6.235200000E+0	6.000017188E+4	2.941070000E+2
3.637690000E-4	-3.683590000E-5	6.222000000E+0	6.000017188E+4	2.965180000E+2
3.659450000E-4	-3.761080000E-5	6.211600000E+0	6.000017188E+4	2.992300000E+2
3.667490000E-4	-3.838560000E-5	6.201300000E+0	6.000017188E+4	3.014550000E+2
3.627860000E-4	-3.024950000E-5	6.191200000E+0	6.000017188E+4	3.033220000E+2
3.635900000E-4	-3.540540000E-5	6.180200000E+0	6.000017188E+4	3.050560000E+2
3.661230000E-4	-3.588220000E-5	6.169500000E+0	6.000017188E+4	3.068110000E+2
3.659150000E-4	-3.683590000E-5	6.157700000E+0	6.000017188E+4	3.098990000E+2
3.671070000E-4	-3.966710000E-5	6.147000000E+0	6.000017188E+4	3.118590000E+2
3.623380000E-4	-3.173970000E-5	6.135000000E+0	6.000017188E+4	3.142970000E+2
3.595070000E-4	-2.947460000E-5	6.124600000E+0	6.000017188E+4	3.160090000E+2
3.634410000E-4	-3.504780000E-5	6.112000000E+0	6.000017188E+4	3.186850000E+2
3.577790000E-4	-3.027930000E-5	6.100400000E+0	6.000017188E+4	3.206450000E+2
3.642160000E-4	-3.489880000E-5	6.089800000E+0	6.000017188E+4	3.237740000E+2
3.621000000E-4	-3.755120000E-5	6.079000000E+0	6.000017188E+4	3.249980000E+2
3.612950000E-4	-3.072640000E-5	6.067200000E+0	6.000017188E+4	3.280170000E+2
3.647230000E-4	-3.469010000E-5	6.055500000E+0	6.000017188E+4	3.300000000E+2
3.550370000E-4	-2.300750000E-5	6.042700000E+0	6.000017188E+4	3.325100000E+2
3.641860000E-4	-3.907110000E-5	6.029900000E+0	6.000017188E+4	3.352650000E+2
3.543220000E-4	-2.539170000E-5	6.018900000E+0	6.000017188E+4	3.375770000E+2
3.583450000E-4	-3.010050000E-5	6.007000000E+0	6.000017188E+4	3.395850000E+2
3.558420000E-4	-2.548110000E-5	5.996600000E+0	6.000017188E+4	3.418630000E+2
3.550670000E-4	-2.828250000E-5	5.985800000E+0	6.000017188E+4	3.444550000E+2
3.556930000E-4	-2.178560000E-5	5.973500000E+0	6.000017188E+4	3.465170000E+2
3.610270000E-4	-3.185890000E-5	5.963000000E+0	6.000017188E+4	3.482600000E+2
3.555730000E-4	-2.726920000E-5	5.952100000E+0	6.000017188E+4	3.512090000E+2
3.549180000E-4	-3.087540000E-5	5.940700000E+0	6.000017188E+4	3.529020000E+2
3.561690000E-4	-3.403450000E-5	5.929900000E+0	6.000017188E+4	3.544920000E+2
3.547390000E-4	-3.033890000E-5	5.918200000E+0	6.000017188E+4	3.576050000E+2
3.558710000E-4	-2.580890000E-5	5.907400000E+0	6.000017188E+4	3.598590000E+2
3.567060000E-4	-2.941500000E-5	5.891800000E+0	6.000017188E+4	3.622720000E+2
3.588220000E-4	-3.474970000E-5	5.878800000E+0	6.000017188E+4	3.651740000E+2
3.600440000E-4	-3.135230000E-5	5.868600000E+0	6.000017188E+4	3.672690000E+2
3.579280000E-4	-2.601750000E-5	5.858200000E+0	6.000017188E+4	3.690490000E+2
3.592690000E-4	-2.875940000E-5	5.847200000E+0	6.000017188E+4	3.717220000E+2
3.588520000E-4	-3.725310000E-5	5.836300000E+0	6.000017188E+4	3.737150000E+2
3.593880000E-4	-3.343840000E-5	5.825600000E+0	6.000017188E+4	3.764110000E+2
3.671660000E-4	-3.621010000E-5	5.814700000E+0	6.000017188E+4	3.782720000E+2
3.568550000E-4	-2.673280000E-5	5.803900000E+0	6.000017188E+4	3.802560000E+2
3.590600000E-4	-2.795470000E-5	5.792300000E+0	6.000017188E+4	3.821650000E+2
3.542620000E-4	-2.568970000E-5	5.780500000E+0	6.000017188E+4	3.848080000E+2
3.511330000E-4	-1.919280000E-5	5.769600000E+0	6.000017188E+4	3.866830000E+2
3.513710000E-4	-3.021970000E-5	5.757800000E+0	6.000017188E+4	3.896210000E+2
3.505370000E-4	-2.539170000E-5	5.747400000E+0	6.000017188E+4	3.914250000E+2
3.552160000E-4	-2.929580000E-5	5.735800000E+0	6.000017188E+4	3.935030000E+2
3.490760000E-4	-2.312670000E-5	5.724300000E+0	6.000017188E+4	3.965620000E+2
3.495830000E-4	-2.861030000E-5	5.713300000E+0	6.000017188E+4	3.982510000E+2
3.525630000E-4	-2.706060000E-5	5.699100000E+0	6.000017188E+4	4.007640000E+2
3.574810000E-4	-2.700100000E-5	5.687400000E+0	6.000017188E+4	4.036500000E+2
3.477350000E-4	-2.211340000E-5	5.677200000E+0	6.000017188E+4	4.055990000E+2
3.487780000E-4	-2.309690000E-5	5.666000000E+0	6.000017188E+4	4.080920000E+2
3.472880000E-4	-2.059350000E-5	5.655900000E+0	6.000017188E+4	4.094870000E+2
3.492850000E-4	-1.895440000E-5	5.643700000E+0	6.000017188E+4	4.125490000E+2
3.474970000E-4	-1.952060000E-5	5.633400000E+0	6.000017188E+4	4.142320000E+2
3.515500000E-4	-2.068290000E-5	5.621800000E+0	6.000017188E+4	4.162760000E+2
3.508350000E-4	-2.649440000E-5	5.609900000E+0	6.000017188E+4	4.194890000E+2
3.566460000E-4	-2.723940000E-5	5.597600000E+0	6.000017188E+4	4.210210000E+2
3.518780000E-4	-2.035510000E-5	5.586600000E+0	6.000017188E+4	4.238180000E+2
3.521160000E-4	-2.709040000E-5	5.575700000E+0	6.000017188E+4	4.263110000E+2
3.516690000E-4	-2.273930000E-5	5.559600000E+0	6.000017188E+4	4.288180000E+2
3.571830000E-4	-4.404810000E-5	5.549300000E+0	6.000017188E+4	4.316540000E+2
3.557520000E-4	-3.331920000E-5	5.537700000E+0	6.000017188E+4	4.339600000E+2
3.535170000E-4	-2.911700000E-5	5.526800000E+0	6.000017188E+4	4.359500000E+2
3.516390000E-4	-2.557050000E-5	5.513000000E+0	6.000017188E+4	4.382310000E+2
3.524740000E-4	-2.849110000E-5	5.501600000E+0	6.000017188E+4	4.415430000E+2
3.489270000E-4	-2.619640000E-5	5.491000000E+0	6.000017188E+4	4.430600000E+2
3.435330000E-4	-1.794110000E-5	5.479700000E+0	6.000017188E+4	4.454130000E+2
3.503280000E-4	-2.557050000E-5	5.469000000E+0	6.000017188E+4	4.478490000E+2
3.598350000E-4	-3.492860000E-5	5.458100000E+0	6.000017188E+4	4.492950000E+2
3.470200000E-4	-1.993790000E-5	5.447200000E+0	6.000017188E+4	4.523490000E+2
3.471100000E-4	-1.671920000E-5	5.435600000E+0	6.000017188E+4	4.546260000E+2
3.520860000E-4	-2.950440000E-5	5.425000000E+0	6.000017188E+4	4.562410000E+2
3.523250000E-4	-3.021970000E-5	5.413300000E+0	6.000017188E+4	4.588790000E+2
3.429670000E-4	-1.558670000E-5	5.401500000E+0	6.000017188E+4	4.608940000E+2
3.519670000E-4	-2.351410000E-5	5.389500000E+0	6.000017188E+4	4.637030000E+2
3.452020000E-4	-1.204020000E-5	5.377700000E+0	6.000017188E+4	4.657000000E+2
3.478250000E-4	-1.862660000E-5	5.367300000E+0	6.000017188E+4	4.682060000E+2
3.462450000E-4	-1.063950000E-5	5.355100000E+0	6.000017188E+4	4.704970000E+2
3.491660000E-4	-2.077230000E-5	5.344700000E+0	6.000017188E+4	4.720990000E+2
3.495530000E-4	-2.181540000E-5	5.334000000E+0	6.000017188E+4	4.752990000E+2
3.486000000E-4	-1.779210000E-5	5.322300000E+0	6.000017188E+4	4.772940000E+2
3.471100000E-4	-2.005710000E-5	5.311100000E+0	6.000017188E+4	4.795480000E+2
3.441590000E-4	-1.311310000E-5	5.299700000E+0	6.000017188E+4	4.838300000E+2
3.516990000E-4	-1.987830000E-5	5.283100000E+0	6.000017188E+4	4.882190000E+2
3.516390000E-4	-2.923620000E-5	5.271200000E+0	6.000017188E+4	4.894480000E+2
3.443380000E-4	-1.755370000E-5	5.260000000E+0	6.000017188E+4	4.923740000E+2
3.517290000E-4	-2.431880000E-5	5.247400000E+0	6.000017188E+4	4.949500000E+2
3.497620000E-4	-2.887860000E-5	5.233600000E+0	6.000017188E+4	4.966190000E+2
3.632030000E-4	-3.835580000E-5	5.222300000E+0	6.000017188E+4	4.994920000E+2
3.560200000E-4	-3.266360000E-5	5.211900000E+0	6.000017188E+4	5.013400000E+2
3.528910000E-4	-2.595790000E-5	5.199800000E+0	6.000017188E+4	5.033570000E+2
3.474670000E-4	-2.074250000E-5	5.188200000E+0	6.000017188E+4	5.063630000E+2
3.515200000E-4	-2.503410000E-5	5.175800000E+0	6.000017188E+4	5.081500000E+2
3.412380000E-4	-1.335150000E-5	5.163700000E+0	6.000017188E+4	5.100810000E+2
3.448150000E-4	-1.835830000E-5	5.153500000E+0	6.000017188E+4	5.123490000E+2
3.516390000E-4	-3.051780000E-5	5.142200000E+0	6.000017188E+4	5.139630000E+2
3.431760000E-4	-1.117590000E-5	5.130300000E+0	6.000017188E+4	5.164780000E+2
3.425200000E-4	-1.809010000E-5	5.119300000E+0	6.000017188E+4	5.187420000E+2
3.457090000E-4	-1.615300000E-5	5.109200000E+0	6.000017188E+4	5.208790000E+2
3.480330000E-4	-2.011670000E-5	5.097800000E+0	6.000017188E+4	5.221360000E+2
3.519080000E-4	-2.312670000E-5	5.087700000E+0	6.000017188E+4	5.246480000E+2
3.482120000E-4	-2.208360000E-5	5.075400000E+0	6.000017188E+4	5.265600000E+2
3.427580000E-4	-9.775220000E-6	5.065300000E+0	6.000017188E+4	5.288730000E+2
3.489570000E-4	-1.978890000E-5	5.054900000E+0	6.000017188E+4	5.314570000E+2
3.552160000E-4	-2.887860000E-5	5.043500000E+0	6.000017188E+4	5.327610000E+2
3.627560000E-4	-3.075620000E-5	5.033100000E+0	6.000017188E+4	5.352680000E+2
3.532490000E-4	-2.136840000E-5	5.021000000E+0	6.000017188E+4	5.376170000E+2
3.495830000E-4	-2.065310000E-5	5.010500000E+0	6.000017188E+4	5.391510000E+2
3.455000000E-4	-1.430520000E-5	4.999300000E+0	6.000017188E+4	5.414690000E+2
3.498810000E-4	-1.561650000E-5	4.987300000E+0	6.000017188E+4	5.438580000E+2
3.482720000E-4	-1.898420000E-5	4.977000000E+0	6.000017188E+4	5.465030000E+2
3.569440000E-4	-3.048790000E-5	4.964200000E+0	6.000017188E+4	5.486290000E+2
3.533080000E-4	-2.402080000E-5	4.953800000E+0	6.000017188E+4	5.506190000E+2
3.547690000E-4	-2.726920000E-5	4.941700000E+0	6.000017188E+4	5.530190000E+2
3.531590000E-4	-2.655400000E-5	4.930700000E+0	6.000017188E+4	5.554500000E+2
3.586430000E-4	-3.132250000E-5	4.918900000E+0	6.000017188E+4	5.575690000E+2
3.544110000E-4	-2.360360000E-5	4.908800000E+0	6.000017188E+4	5.598810000E+2
3.531890000E-4	-2.676260000E-5	4.897100000E+0	6.000017188E+4	5.619710000E+2
3.521460000E-4	-2.431880000E-5	4.886900000E+0	6.000017188E+4	5.641230000E+2
3.556030000E-4	-2.723940000E-5	4.874600000E+0	6.000017188E+4	5.661160000E+2
3.533680000E-4	-2.682220000E-5	4.862800000E+0	6.000017188E+4	5.688210000E+2
3.522950000E-4	-2.601750000E-5	4.851000000E+0	6.000017188E+4	5.714340000E+2
3.493150000E-4	-1.847760000E-5	4.839900000E+0	6.000017188E+4	5.735610000E+2
3.567650000E-4	-2.908720000E-5	4.829400000E+0	6.000017188E+4	5.753070000E+2
3.584050000E-4	-2.834210000E-5	4.818100000E+0	6.000017188E+4	5.776960000E+2
3.558120000E-4	-3.302120000E-5	4.806100000E+0	6.000017188E+4	5.798050000E+2
3.634710000E-4	-3.540540000E-5	4.794900000E+0	6.000017188E+4	5.824950000E+2
3.634710000E-4	-3.138210000E-5	4.783200000E+0	6.000017188E+4	5.844880000E+2
3.591500000E-4	-2.723940000E-5	4.771100000E+0	6.000017188E+4	5.868990000E+2
3.660040000E-4	-4.425670000E-5	4.759700000E+0	6.000017188E+4	5.898830000E+2
3.590600000E-4	-2.783550000E-5	4.748600000E+0	6.000017188E+4	5.919400000E+2
3.639480000E-4	-3.933930000E-5	4.736200000E+0	6.000017188E+4	5.937140000E+2
3.660040000E-4	-3.871340000E-5	4.725200000E+0	6.000017188E+4	5.960830000E+2
3.598050000E-4	-3.224630000E-5	4.711400000E+0	6.000017188E+4	5.987560000E+2
3.545900000E-4	-2.792490000E-5	4.700100000E+0	6.000017188E+4	6.014340000E+2
3.595970000E-4	-3.197810000E-5	4.688400000E+0	6.000017188E+4	6.034300000E+2
3.628750000E-4	-3.474970000E-5	4.677000000E+0	6.000017188E+4	6.060010000E+2
3.606100000E-4	-3.221650000E-5	4.666900000E+0	6.000017188E+4	6.082400000E+2
3.639480000E-4	-3.361730000E-5	4.654100000E+0	6.000017188E+4	6.102880000E+2
3.611170000E-4	-3.135230000E-5	4.641800000E+0	6.000017188E+4	6.130440000E+2
3.662430000E-4	-4.303480000E-5	4.631000000E+0	6.000017188E+4	6.150710000E+2
3.628450000E-4	-3.430270000E-5	4.620100000E+0	6.000017188E+4	6.172060000E+2
3.647520000E-4	-4.342220000E-5	4.609900000E+0	6.000017188E+4	6.193370000E+2
3.640970000E-4	-4.097840000E-5	4.599500000E+0	6.000017188E+4	6.213700000E+2
3.628750000E-4	-4.449510000E-5	4.588200000E+0	6.000017188E+4	6.236960000E+2
3.703550000E-4	-4.488250000E-5	4.577400000E+0	6.000017188E+4	6.260970000E+2
3.612360000E-4	-3.474970000E-5	4.567000000E+0	6.000017188E+4	6.282910000E+2
3.553050000E-4	-2.694140000E-5	4.553700000E+0	6.000017188E+4	6.299850000E+2
3.575110000E-4	-3.242520000E-5	4.542700000E+0	6.000017188E+4	6.324900000E+2
3.670770000E-4	-3.924990000E-5	4.528800000E+0	6.000017188E+4	6.355890000E+2
3.672560000E-4	-3.412390000E-5	4.518800000E+0	6.000017188E+4	6.377000000E+2
3.644250000E-4	-3.355760000E-5	4.505200000E+0	6.000017188E+4	6.396870000E+2
3.600740000E-4	-3.662730000E-5	4.495000000E+0	6.000017188E+4	6.427920000E+2
3.571230000E-4	-2.959380000E-5	4.484700000E+0	6.000017188E+4	6.445030000E+2
3.599250000E-4	-3.495840000E-5	4.472200000E+0	6.000017188E+4	6.464740000E+2
3.678520000E-4	-4.270700000E-5	4.461600000E+0	6.000017188E+4	6.489780000E+2
3.606700000E-4	-3.385570000E-5	4.451200000E+0	6.000017188E+4	6.513300000E+2
3.574210000E-4	-2.992160000E-5	4.440600000E+0	6.000017188E+4	6.529060000E+2
3.567950000E-4	-3.320000000E-5	4.428400000E+0	6.000017188E+4	6.552000000E+2
3.539340000E-4	-3.162050000E-5	4.416000000E+0	6.000017188E+4	6.581330000E+2
3.572420000E-4	-3.427290000E-5	4.403700000E+0	6.000017188E+4	6.606140000E+2
3.540830000E-4	-2.700100000E-5	4.393600000E+0	6.000017188E+4	6.623530000E+2
3.636800000E-4	-3.877310000E-5	4.382700000E+0	6.000017188E+4	6.649530000E+2
3.626070000E-4	-2.890840000E-5	4.370800000E+0	6.000017188E+4	6.668110000E+2
3.637090000E-4	-3.865380000E-5	4.356700000E+0	6.000017188E+4	6.696930000E+2
3.606400000E-4	-3.433250000E-5	4.345700000E+0	6.000017188E+4	6.720810000E+2
3.593880000E-4	-2.959380000E-5	4.333600000E+0	6.000017188E+4	6.747790000E+2
3.624880000E-4	-4.065060000E-5	4.322700000E+0	6.000017188E+4	6.765500000E+2
3.632920000E-4	-4.568720000E-5	4.311900000E+0	6.000017188E+4	6.789520000E+2
3.677330000E-4	-4.559780000E-5	4.300500000E+0	6.000017188E+4	6.807930000E+2
3.716670000E-4	-5.033640000E-5	4.287700000E+0	6.000017188E+4	6.837090000E+2
3.669280000E-4	-3.492860000E-5	4.275300000E+0	6.000017188E+4	6.862330000E+2
3.680010000E-4	-4.044200000E-5	4.263600000E+0	6.000017188E+4	6.881350000E+2
3.648420000E-4	-4.181290000E-5	4.251000000E+0	6.000017188E+4	6.910330000E+2
3.585830000E-4	-2.726920000E-5	4.240700000E+0	6.000017188E+4	6.930960000E+2
3.636200000E-4	-3.767040000E-5	4.229400000E+0	6.000017188E+4	6.956140000E+2
3.578090000E-4	-3.358750000E-5	4.217800000E+0	6.000017188E+4	6.973240000E+2
3.551860000E-4	-2.431880000E-5	4.207000000E+0	6.000017188E+4	6.998710000E+2
3.661530000E-4	-4.124660000E-5	4.194500000E+0	6.000017188E+4	7.023750000E+2
3.554840000E-4	-2.944480000E-5	4.182400000E+0	6.000017188E+4	7.050640000E+2
3.522060000E-4	-2.437840000E-5	4.168400000E+0	6.000017188E+4	7.076350000E+2
3.501200000E-4	-2.837190000E-5	4.158100000E+0	6.000017188E+4	7.092090000E+2
3.527720000E-4	-2.241150000E-5	4.148000000E+0	6.000017188E+4	7.114560000E+2
3.638580000E-4	-3.889230000E-5	4.136100000E+0	6.000017188E+4	7.144600000E+2
3.615930000E-4	-3.317020000E-5	4.124800000E+0	6.000017188E+4	7.159940000E+2
3.545900000E-4	-2.068290000E-5	4.113500000E+0	6.000017188E+4	7.182680000E+2
3.594180000E-4	-3.284240000E-5	4.103300000E+0	6.000017188E+4	7.206790000E+2
3.588810000E-4	-3.388550000E-5	4.091100000E+0	6.000017188E+4	7.230840000E+2
3.587920000E-4	-3.653790000E-5	4.080300000E+0	6.000017188E+4	7.251010000E+2
3.514310000E-4	-2.077230000E-5	4.068200000E+0	6.000017188E+4	7.274700000E+2
3.513710000E-4	-2.145780000E-5	4.055900000E+0	6.000017188E+4	7.305180000E+2
3.568550000E-4	-2.753750000E-5	4.044300000E+0	6.000017188E+4	7.323560000E+2
3.495230000E-4	-2.294790000E-5	4.034000000E+0	6.000017188E+4	7.342970000E+2
3.544110000E-4	-2.500430000E-5	4.023400000E+0	6.000017188E+4	7.365690000E+2
3.483310000E-4	-2.262010000E-5	4.013100000E+0	6.000017188E+4	7.385200000E+2
3.558120000E-4	-2.688180000E-5	4.001500000E+0	6.000017188E+4	7.410970000E+2
3.510140000E-4	-2.104060000E-5	3.990300000E+0	6.000017188E+4	7.433310000E+2
3.497920000E-4	-1.665960000E-5	3.979200000E+0	6.000017188E+4	7.453260000E+2
3.519370000E-4	-2.044450000E-5	3.965500000E+0	6.000017188E+4	7.478560000E+2
3.414770000E-4	-7.122780000E-6	3.953500000E+0	6.000017188E+4	7.506530000E+2
3.416850000E-4	-3.397480000E-6	3.942900000E+0	6.000017188E+4	7.526550000E+2
3.474080000E-4	-9.983840000E-6	3.932600000E+0	6.000017188E+4	7.546790000E+2
3.451430000E-4	-1.245740000E-5	3.920400000E+0	6.000017188E+4	7.570110000E+2
3.464240000E-4	-1.445420000E-5	3.909800000E+0	6.000017188E+4	7.594630000E+2
3.430560000E-4	-8.732140000E-6	3.898200000E+0	6.000017188E+4	7.615810000E+2
3.434440000E-4	-5.453850000E-6	3.887500000E+0	6.000017188E+4	7.634040000E+2
3.449340000E-4	-8.255300000E-6	3.875900000E+0	6.000017188E+4	7.663140000E+2
3.469900000E-4	-1.877560000E-5	3.862400000E+0	6.000017188E+4	7.683200000E+2
3.517290000E-4	-2.098100000E-5	3.850900000E+0	6.000017188E+4	7.711100000E+2
3.482120000E-4	-2.366320000E-5	3.838400000E+0	6.000017188E+4	7.734480000E+2
3.523850000E-4	-3.156090000E-5	3.826000000E+0	6.000017188E+4	7.759940000E+2
3.474370000E-4	-1.502040000E-5	3.815400000E+0	6.000017188E+4	7.785010000E+2
3.386460000E-4	-7.063180000E-6	3.802800000E+0	6.000017188E+4	7.803280000E+2
3.343540000E-4	-5.155830000E-6	3.790000000E+0	6.000017188E+4	7.832910000E+2
3.424310000E-4	-7.361200000E-6	3.777900000E+0	6.000017188E+4	7.858220000E+2
3.393910000E-4	-8.672530000E-6	3.767000000E+0	6.000017188E+4	7.876060000E+2
3.479440000E-4	-1.725570000E-5	3.756700000E+0	6.000017188E+4	7.900580000E+2
3.472880000E-4	-1.442440000E-5	3.745800000E+0	6.000017188E+4	7.917120000E+2
3.505960000E-4	-1.937160000E-5	3.734200000E+0	6.000017188E+4	7.944600000E+2
3.440400000E-4	-1.183160000E-5	3.723500000E+0	6.000017188E+4	7.963890000E+2
3.541730000E-4	-1.755370000E-5	3.709700000E+0	6.000017188E+4	7.993550000E+2
3.508650000E-4	-1.138450000E-5	3.699500000E+0	6.000017188E+4	8.012600000E+2
3.503880000E-4	-1.424560000E-5	3.687600000E+0	6.000017188E+4	8.036070000E+2
3.438010000E-4	-1.448400000E-5	3.675800000E+0	6.000017188E+4	8.061200000E+2
3.455600000E-4	-8.612930000E-6	3.664900000E+0	6.000017188E+4	8.082710000E+2
3.440700000E-4	-8.821550000E-6	3.651500000E+0	6.000017188E+4	8.109600000E+2
3.441890000E-4	-7.301600000E-6	3.640400000E+0	6.000017188E+4	8.129660000E+2
3.514010000E-4	-1.308330000E-5	3.629400000E+0	6.000017188E+4	8.153930000E+2
3.472290000E-4	-1.108650000E-5	3.617500000E+0	6.000017188E+4	8.177770000E+2
3.486290000E-4	-1.189120000E-5	3.605300000E+0	6.000017188E+4	8.199230000E+2
3.466030000E-4	-1.671920000E-5	3.591600000E+0	6.000017188E+4	8.229250000E+2
3.449040000E-4	-7.987080000E-6	3.580300000E+0	6.000017188E+4	8.250820000E+2
3.442780000E-4	-1.090770000E-5	3.563400000E+0	6.000017188E+4	8.287310000E+2
3.425500000E-4	-2.264990000E-6	3.549100000E+0	6.000017188E+4	8.319090000E+2
3.479740000E-4	-1.084810000E-5	3.536700000E+0	6.000017188E+4	8.350690000E+2
3.448150000E-4	-4.559780000E-6	3.523900000E+0	6.000017188E+4	8.372520000E+2
3.469010000E-4	-1.364950000E-5	3.509000000E+0	6.000017188E+4	8.409620000E+2
3.482720000E-4	-1.457340000E-5	3.495900000E+0	6.000017188E+4	8.431130000E+2
3.499410000E-4	-1.895440000E-5	3.483900000E+0	6.000017188E+4	8.462610000E+2
3.481230000E-4	-1.749410000E-5	3.469900000E+0	6.000017188E+4	8.483990000E+2
3.398380000E-4	-9.656010000E-6	3.455200000E+0	6.000017188E+4	8.520770000E+2
3.460960000E-4	-1.570590000E-5	3.443000000E+0	6.000017188E+4	8.547230000E+2
3.410000000E-4	-4.440580000E-6	3.432800000E+0	6.000017188E+4	8.568280000E+2
3.428780000E-4	-9.983840000E-6	3.417600000E+0	6.000017188E+4	8.600250000E+2
3.460370000E-4	-1.055010000E-5	3.403000000E+0	6.000017188E+4	8.631780000E+2
3.443680000E-4	-1.370910000E-5	3.391700000E+0	6.000017188E+4	8.653450000E+2
3.381090000E-4	-4.500180000E-6	3.378000000E+0	6.000017188E+4	8.685360000E+2
3.438610000E-4	-7.003570000E-6	3.364200000E+0	6.000017188E+4	8.706650000E+2
3.456190000E-4	-1.522900000E-5	3.352800000E+0	6.000017188E+4	8.738550000E+2
3.417750000E-4	-8.523520000E-6	3.341000000E+0	6.000017188E+4	8.760600000E+2
3.435930000E-4	-1.037130000E-5	3.326800000E+0	6.000017188E+4	8.792300000E+2
3.472590000E-4	-1.430520000E-5	3.315700000E+0	6.000017188E+4	8.814440000E+2
3.455300000E-4	-8.642730000E-6	3.301700000E+0	6.000017188E+4	8.845330000E+2
3.480930000E-4	-1.463300000E-5	3.286900000E+0	6.000017188E+4	8.866720000E+2
3.473480000E-4	-1.144420000E-5	3.274300000E+0	6.000017188E+4	8.901440000E+2
3.484510000E-4	-1.516940000E-5	3.263800000E+0	6.000017188E+4	8.922800000E+2
3.524740000E-4	-1.391770000E-5	3.249400000E+0	6.000017188E+4	8.954770000E+2
3.528610000E-4	-1.865640000E-5	3.236300000E+0	6.000017188E+4	8.976370000E+2
3.573620000E-4	-2.667320000E-5	3.223300000E+0	6.000017188E+4	9.007850000E+2
3.475570000E-4	-1.737490000E-5	3.210700000E+0	6.000017188E+4	9.029400000E+2
3.494640000E-4	-1.806030000E-5	3.200400000E+0	6.000017188E+4	9.056150000E+2
3.439210000E-4	-9.775220000E-6	3.186800000E+0	6.000017188E+4	9.077730000E+2
3.411790000E-4	-7.987080000E-6	3.175900000E+0	6.000017188E+4	9.108610000E+2
3.488980000E-4	-1.889480000E-5	3.163400000E+0	6.000017188E+4	9.129470000E+2
3.592990000E-4	-2.643480000E-5	3.146300000E+0	6.000017188E+4	9.166040000E+2
3.365300000E-4	-6.586340000E-6	3.133000000E+0	6.000017188E+4	9.197680000E+2
3.504470000E-4	-1.719610000E-5	3.119900000E+0	6.000017188E+4	9.229180000E+2
3.471690000E-4	-9.059960000E-6	3.103900000E+0	6.000017188E+4	9.250620000E+2
3.548280000E-4	-2.306710000E-5	3.085500000E+0	6.000017188E+4	9.293250000E+2
3.476160000E-4	-1.826890000E-5	3.074900000E+0	6.000017188E+4	9.320590000E+2
3.519370000E-4	-2.193460000E-5	3.064700000E+0	6.000017188E+4	9.341590000E+2
3.593580000E-4	-3.024950000E-5	3.054400000E+0	6.000017188E+4	9.363170000E+2
3.582260000E-4	-2.995150000E-5	3.043400000E+0	6.000017188E+4	9.384030000E+2
3.487190000E-4	-2.044450000E-5	3.027800000E+0	6.000017188E+4	9.416280000E+2
3.545900000E-4	-2.777590000E-5	3.014100000E+0	6.000017188E+4	9.448330000E+2
3.665110000E-4	-3.588220000E-5	3.003500000E+0	6.000017188E+4	9.469330000E+2
3.609080000E-4	-3.713390000E-5	2.993200000E+0	6.000017188E+4	9.491070000E+2
3.613250000E-4	-3.361730000E-5	2.979900000E+0	6.000017188E+4	9.522750000E+2
3.542020000E-4	-2.774610000E-5	2.968500000E+0	6.000017188E+4	9.544230000E+2
3.520270000E-4	-2.810370000E-5	2.958300000E+0	6.000017188E+4	9.565900000E+2
3.578090000E-4	-2.786530000E-5	2.945700000E+0	6.000017188E+4	9.596240000E+2
3.524440000E-4	-1.931200000E-5	2.932100000E+0	6.000017188E+4	9.617710000E+2
3.598350000E-4	-3.254440000E-5	2.917200000E+0	6.000017188E+4	9.649480000E+2
3.601930000E-4	-3.346820000E-5	2.906300000E+0	6.000017188E+4	9.681890000E+2
3.610270000E-4	-3.510740000E-5	2.891400000E+0	6.000017188E+4	9.702950000E+2
3.562890000E-4	-3.385570000E-5	2.877000000E+0	6.000017188E+4	9.739130000E+2
3.612660000E-4	-3.424310000E-5	2.862900000E+0	6.000017188E+4	9.760240000E+2
3.532190000E-4	-2.291810000E-5	2.846600000E+0	6.000017188E+4	9.797980000E+2
3.531890000E-4	-2.637520000E-5	2.833800000E+0	6.000017188E+4	9.829570000E+2
3.576000000E-4	-3.215690000E-5	2.822700000E+0	6.000017188E+4	9.850680000E+2
3.555730000E-4	-2.622620000E-5	2.810600000E+0	6.000017188E+4	9.876190000E+2
3.627860000E-4	-3.147150000E-5	2.798900000E+0	6.000017188E+4	9.897690000E+2
3.579280000E-4	-2.291810000E-5	2.783400000E+0	6.000017188E+4	9.934860000E+2
3.592390000E-4	-3.176950000E-5	2.771900000E+0	6.000017188E+4	9.956100000E+2
3.620400000E-4	-3.230600000E-5	2.761700000E+0	6.000017188E+4	9.984450000E+2
3.610570000E-4	-2.631560000E-5	2.745200000E+0	6.000017188E+4	1.001026000E+3
3.675540000E-4	-3.924990000E-5	2.733300000E+0	6.000017188E+4	1.004217000E+3
3.572420000E-4	-2.276910000E-5	2.720400000E+0	6.000017188E+4	1.006278000E+3
3.586430000E-4	-2.476580000E-5	2.708200000E+0	6.000017188E+4	1.009492000E+3
3.623980000E-4	-3.546500000E-5	2.693900000E+0	6.000017188E+4	1.011624000E+3
3.617420000E-4	-3.549480000E-5	2.678200000E+0	6.000017188E+4	1.015271000E+3
3.539040000E-4	-2.232210000E-5	2.667100000E+0	6.000017188E+4	1.018431000E+3
3.637090000E-4	-3.320000000E-5	2.652600000E+0	6.000017188E+4	1.020555000E+3
3.597460000E-4	-2.652420000E-5	2.642500000E+0	6.000017188E+4	1.023766000E+3
3.614740000E-4	-3.188870000E-5	2.624900000E+0	6.000017188E+4	1.025905000E+3
3.593880000E-4	-3.355760000E-5	2.609200000E+0	6.000017188E+4	1.029606000E+3
3.590600000E-4	-3.123310000E-5	2.598900000E+0	6.000017188E+4	1.032741000E+3
3.621890000E-4	-3.579280000E-5	2.582800000E+0	6.000017188E+4	1.034845000E+3
3.580770000E-4	-2.384200000E-5	2.572300000E+0	6.000017188E+4	1.038033000E+3
3.629350000E-4	-2.995150000E-5	2.558000000E+0	6.000017188E+4	1.040159000E+3
3.604910000E-4	-2.983220000E-5	2.544000000E+0	6.000017188E+4	1.043355000E+3
3.602520000E-4	-3.242520000E-5	2.529000000E+0	6.000017188E+4	1.046954000E+3
3.629940000E-4	-3.194830000E-5	2.516100000E+0	6.000017188E+4	1.049088000E+3
3.655570000E-4	-4.214070000E-5	2.504700000E+0	6.000017188E+4	1.051744000E+3
3.702360000E-4	-4.291560000E-5	2.494600000E+0	6.000017188E+4	1.053884000E+3
3.645740000E-4	-3.960750000E-5	2.480700000E+0	6.000017188E+4	1.057096000E+3
3.693420000E-4	-4.372020000E-5	2.468400000E+0	6.000017188E+4	1.059262000E+3
3.613250000E-4	-2.989180000E-5	2.453100000E+0	6.000017188E+4	1.062881000E+3
3.599250000E-4	-3.120330000E-5	2.441800000E+0	6.000017188E+4	1.065006000E+3
3.582850000E-4	-3.200790000E-5	2.429200000E+0	6.000017188E+4	1.067617000E+3
3.552160000E-4	-2.810370000E-5	2.417900000E+0	6.000017188E+4	1.070730000E+3
3.534570000E-4	-2.262010000E-5	2.402400000E+0	6.000017188E+4	1.072849000E+3
3.622190000E-4	-3.945850000E-5	2.389000000E+0	6.000017188E+4	1.076445000E+3
3.582260000E-4	-3.236560000E-5	2.376700000E+0	6.000017188E+4	1.078594000E+3
3.570340000E-4	-3.221650000E-5	2.359800000E+0	6.000017188E+4	1.082303000E+3
3.604310000E-4	-4.324340000E-5	2.344700000E+0	6.000017188E+4	1.085904000E+3
3.483610000E-4	-2.747790000E-5	2.331300000E+0	6.000017188E+4	1.088036000E+3
3.531300000E-4	-3.218670000E-5	2.320400000E+0	6.000017188E+4	1.090696000E+3
3.556030000E-4	-2.586850000E-5	2.309900000E+0	6.000017188E+4	1.092832000E+3
3.523850000E-4	-2.810370000E-5	2.293900000E+0	6.000017188E+4	1.095867000E+3
3.594180000E-4	-3.373650000E-5	2.282100000E+0	6.000017188E+4	1.099077000E+3
3.626370000E-4	-4.664090000E-5	2.269500000E+0	6.000017188E+4	1.101202000E+3
3.609680000E-4	-4.690910000E-5	2.257800000E+0	6.000017188E+4	1.104417000E+3
3.608780000E-4	-3.626970000E-5	2.244200000E+0	6.000017188E+4	1.106599000E+3
3.531890000E-4	-3.609080000E-5	2.228200000E+0	6.000017188E+4	1.110156000E+3
3.574510000E-4	-3.257420000E-5	2.216900000E+0	6.000017188E+4	1.113215000E+3
3.606100000E-4	-3.683590000E-5	2.200400000E+0	6.000017188E+4	1.115368000E+3
3.625170000E-4	-4.532960000E-5	2.184600000E+0	6.000017188E+4	1.119079000E+3
3.621600000E-4	-5.391260000E-5	2.174000000E+0	6.000017188E+4	1.122174000E+3
3.620110000E-4	-4.327320000E-5	2.158300000E+0	6.000017188E+4	1.124399000E+3
3.662720000E-4	-5.045560000E-5	2.143900000E+0	6.000017188E+4	1.127932000E+3
3.610270000E-4	-5.522390000E-5	2.133600000E+0	6.000017188E+4	1.130827000E+3
3.687460000E-4	-5.805520000E-5	2.116600000E+0	6.000017188E+4	1.133245000E+3
3.647820000E-4	-5.432990000E-5	2.099700000E+0	6.000017188E+4	1.136960000E+3
3.621000000E-4	-5.221390000E-5	2.088900000E+0	6.000017188E+4	1.140058000E+3
3.594480000E-4	-5.176690000E-5	2.074100000E+0	6.000017188E+4	1.142141000E+3
3.559910000E-4	-4.833960000E-5	2.059000000E+0	6.000017188E+4	1.145790000E+3
3.517290000E-4	-4.452490000E-5	2.048700000E+0	6.000017188E+4	1.147892000E+3
3.481230000E-4	-4.076980000E-5	2.034800000E+0	6.000017188E+4	1.150605000E+3
3.539640000E-4	-5.134960000E-5	2.021200000E+0	6.000017188E+4	1.154208000E+3
3.614150000E-4	-6.547620000E-5	2.008300000E+0	6.000017188E+4	1.156364000E+3
3.575700000E-4	-5.772730000E-5	1.997900000E+0	6.000017188E+4	1.160298000E+3
3.622790000E-4	-6.330060000E-5	2.010100000E+0	6.000017188E+4	1.285078000E+3
3.621300000E-4	-5.298880000E-5	2.021300000E+0	6.000017188E+4	1.287086000E+3
3.642460000E-4	-5.516430000E-5	2.033400000E+0	6.000017188E+4	1.289493000E+3
3.645440000E-4	-5.689290000E-5	2.045400000E+0	6.000017188E+4	1.291859000E+3
3.753030000E-4	-6.875440000E-5	2.057300000E+0	6.000017188E+4	1.294315000E+3
3.635900000E-4	-4.205130000E-5	2.069300000E+0	6.000017188E+4	1.296727000E+3
3.685080000E-4	-6.112500000E-5	2.081100000E+0	6.000017188E+4	1.299091000E+3
3.684780000E-4	-6.380720000E-5	2.092400000E+0	6.000017188E+4	1.301279000E+3
3.682100000E-4	-6.315160000E-5	2.103100000E+0	6.000017188E+4	1.303780000E+3
3.654080000E-4	-6.046910000E-5	2.114400000E+0	6.000017188E+4	1.305891000E+3
3.662430000E-4	-5.531330000E-5	2.125000000E+0	6.000017188E+4	1.308064000E+3
3.663320000E-4	-6.353900000E-5	2.135400000E+0	6.000017188E+4	1.310010000E+3
3.677920000E-4	-5.936650000E-5	2.145700000E+0	6.000017188E+4	1.312009000E+3
3.663020000E-4	-5.230330000E-5	2.157300000E+0	6.000017188E+4	1.314680000E+3
3.485700000E-4	-2.869980000E-5	2.169000000E+0	6.000017188E+4	1.316705000E+3
3.478250000E-4	-2.610700000E-5	2.180900000E+0	6.000017188E+4	1.319219000E+3
3.527420000E-4	-2.181540000E-5	2.192100000E+0	6.000017188E+4	1.321379000E+3
3.573910000E-4	-3.114370000E-5	2.203400000E+0	6.000017188E+4	1.323763000E+3
3.544710000E-4	-3.048790000E-5	2.213700000E+0	6.000017188E+4	1.325800000E+3
3.503880000E-4	-2.852090000E-5	2.226400000E+0	6.000017188E+4	1.328257000E+3
3.585830000E-4	-3.269340000E-5	2.238000000E+0	6.000017188E+4	1.330457000E+3
3.585830000E-4	-2.780570000E-5	2.248200000E+0	6.000017188E+4	1.333006000E+3
3.624280000E-4	-3.010050000E-5	2.260900000E+0	6.000017188E+4	1.335017000E+3
3.527720000E-4	-2.136840000E-5	2.271900000E+0	6.000017188E+4	1.337503000E+3
3.494340000E-4	-1.940140000E-5	2.283100000E+0	6.000017188E+4	1.339515000E+3
3.592990000E-4	-3.060720000E-5	2.294700000E+0	6.000017188E+4	1.342041000E+3
3.512220000E-4	-1.895440000E-5	2.306600000E+0	6.000017188E+4	1.344005000E+3
3.525040000E-4	-1.674900000E-5	2.318200000E+0	6.000017188E+4	1.346672000E+3
3.554540000E-4	-2.136840000E-5	2.329500000E+0	6.000017188E+4	1.349083000E+3
3.551860000E-4	-2.470620000E-5	2.339800000E+0	6.000017188E+4	1.351082000E+3
3.519370000E-4	-1.323230000E-5	2.350600000E+0	6.000017188E+4	1.353218000E+3
3.495530000E-4	-1.734510000E-5	2.362300000E+0	6.000017188E+4	1.355751000E+3
3.435930000E-4	-7.420810000E-6	2.373100000E+0	6.000017188E+4	1.357341000E+3
3.537850000E-4	-2.327570000E-5	2.383600000E+0	6.000017188E+4	1.359917000E+3
3.576000000E-4	-2.104060000E-5	2.393700000E+0	6.000017188E+4	1.361485000E+3
3.392120000E-4	-9.596410000E-6	2.405000000E+0	6.000017188E+4	1.364003000E+3
3.460660000E-4	-1.722590000E-5	2.415500000E+0	6.000017188E+4	1.366055000E+3
3.457090000E-4	-1.183160000E-5	2.427500000E+0	6.000017188E+4	1.368400000E+3
3.399870000E-4	-6.347920000E-6	2.438900000E+0	6.000017188E+4	1.371124000E+3
3.419840000E-4	-9.089770000E-6	2.449600000E+0	6.000017188E+4	1.372725000E+3
3.478250000E-4	-1.773250000E-5	2.460000000E+0	6.000017188E+4	1.375265000E+3
3.494340000E-4	-1.612320000E-5	2.472000000E+0	6.000017188E+4	1.377252000E+3
3.500000000E-4	-1.800070000E-5	2.484700000E+0	6.000017188E+4	1.380006000E+3
3.509540000E-4	-1.844780000E-5	2.495500000E+0	6.000017188E+4	1.382220000E+3
3.443980000E-4	-1.239780000E-5	2.506400000E+0	6.000017188E+4	1.384229000E+3
3.518180000E-4	-1.975910000E-5	2.517400000E+0	6.000017188E+4	1.386648000E+3
3.524140000E-4	-1.865640000E-5	2.529500000E+0	6.000017188E+4	1.388811000E+3
3.435930000E-4	-6.049900000E-6	2.540900000E+0	6.000017188E+4	1.391404000E+3
3.485100000E-4	-1.230840000E-5	2.551100000E+0	6.000017188E+4	1.393339000E+3
3.457680000E-4	-2.151740000E-5	2.562900000E+0	6.000017188E+4	1.395330000E+3
3.453510000E-4	-1.660000000E-5	2.574000000E+0	6.000017188E+4	1.398120000E+3
3.500900000E-4	-1.370910000E-5	2.584900000E+0	6.000017188E+4	1.399775000E+3
3.434740000E-4	-1.406680000E-5	2.596300000E+0	6.000017188E+4	1.402401000E+3
3.412380000E-4	-7.808270000E-6	2.607700000E+0	6.000017188E+4	1.404792000E+3
3.407620000E-4	-8.404310000E-6	2.618300000E+0	6.000017188E+4	1.406461000E+3
3.374540000E-4	-5.424050000E-6	2.629400000E+0	6.000017188E+4	1.409108000E+3
3.480930000E-4	-2.041470000E-5	2.639900000E+0	6.000017188E+4	1.410680000E+3
3.394500000E-4	-7.838070000E-6	2.650200000E+0	6.000017188E+4	1.413059000E+3
3.474080000E-4	-1.537810000E-5	2.662700000E+0	6.000017188E+4	1.415457000E+3
3.499410000E-4	-1.481180000E-5	2.674000000E+0	6.000017188E+4	1.417856000E+3
3.466030000E-4	-1.508000000E-5	2.684800000E+0	6.000017188E+4	1.420052000E+3
3.447850000E-4	-1.770270000E-5	2.697700000E+0	6.000017188E+4	1.422509000E+3
3.379010000E-4	-6.854560000E-6	2.709200000E+0	6.000017188E+4	1.425074000E+3
3.497320000E-4	-2.259030000E-5	2.721000000E+0	6.000017188E+4	1.427065000E+3
3.522060000E-4	-2.482550000E-5	2.731500000E+0	6.000017188E+4	1.429481000E+3
3.542920000E-4	-2.214320000E-5	2.742000000E+0	6.000017188E+4	1.431329000E+3
3.546490000E-4	-1.809010000E-5	2.752400000E+0	6.000017188E+4	1.433646000E+3
3.520270000E-4	-1.868620000E-5	2.762800000E+0	6.000017188E+4	1.435609000E+3
3.481230000E-4	-1.475220000E-5	2.772800000E+0	6.000017188E+4	1.437333000E+3
3.443380000E-4	-8.523520000E-6	2.783700000E+0	6.000017188E+4	1.440128000E+3
3.498510000E-4	-1.379850000E-5	2.795500000E+0	6.000017188E+4	1.442149000E+3
3.494340000E-4	-1.475220000E-5	2.808000000E+0	6.000017188E+4	1.444410000E+3
3.571830000E-4	-2.297770000E-5	2.818400000E+0	6.000017188E+4	1.446814000E+3
3.502690000E-4	-1.677880000E-5	2.830300000E+0	6.000017188E+4	1.448811000E+3
3.471390000E-4	-9.834820000E-6	2.840500000E+0	6.000017188E+4	1.451220000E+3
3.457090000E-4	-1.320250000E-5	2.850700000E+0	6.000017188E+4	1.452946000E+3
3.513710000E-4	-1.502040000E-5	2.861300000E+0	6.000017188E+4	1.455396000E+3
3.486890000E-4	-1.838810000E-5	2.872900000E+0	6.000017188E+4	1.457471000E+3
3.419540000E-4	-9.954030000E-6	2.883500000E+0	6.000017188E+4	1.459915000E+3
3.457980000E-4	-1.508000000E-5	2.895600000E+0	6.000017188E+4	1.461876000E+3
3.511030000E-4	-1.516940000E-5	2.907100000E+0	6.000017188E+4	1.464516000E+3
3.451430000E-4	-1.165280000E-5	2.917500000E+0	6.000017188E+4	1.466401000E+3
3.433540000E-4	-9.775220000E-6	2.928600000E+0	6.000017188E+4	1.468951000E+3
3.419540000E-4	-8.761940000E-6	2.938700000E+0	6.000017188E+4	1.470946000E+3
3.549180000E-4	-2.160680000E-5	2.949100000E+0	6.000017188E+4	1.472554000E+3
3.498510000E-4	-2.118960000E-5	2.961400000E+0	6.000017188E+4	1.475466000E+3
3.472880000E-4	-1.761330000E-5	2.971700000E+0	6.000017188E+4	1.477219000E+3
3.501790000E-4	-2.312670000E-5	2.981800000E+0	6.000017188E+4	1.479231000E+3
3.470200000E-4	-1.519920000E-5	2.994700000E+0	6.000017188E+4	1.482012000E+3
3.491960000E-4	-1.701720000E-5	3.005800000E+0	6.000017188E+4	1.484243000E+3
3.531000000E-4	-1.889480000E-5	3.017400000E+0	6.000017188E+4	1.486559000E+3
3.500300000E-4	-1.904380000E-5	3.028800000E+0	6.000017188E+4	1.488971000E+3
3.528610000E-4	-2.133860000E-5	3.039800000E+0	6.000017188E+4	1.490568000E+3
3.430560000E-4	-1.370910000E-5	3.050100000E+0	6.000017188E+4	1.493130000E+3
3.424600000E-4	-1.338130000E-5	3.062000000E+0	6.000017188E+4	1.495499000E+3
3.451720000E-4	-1.201040000E-5	3.073700000E+0	6.000017188E+4	1.497661000E+3
3.474080000E-4	-9.656010000E-6	3.083900000E+0	6.000017188E+4	1.500050000E+3
3.497620000E-4	-2.229230000E-5	3.095800000E+0	6.000017188E+4	1.502255000E+3
3.460070000E-4	-1.603380000E-5	3.106100000E+0	6.000017188E+4	1.504290000E+3
3.449940000E-4	-1.233820000E-5	3.118300000E+0	6.000017188E+4	1.506294000E+3
3.490760000E-4	-1.445420000E-5	3.129700000E+0	6.000017188E+4	1.509090000E+3
3.426390000E-4	-1.031170000E-5	3.142800000E+0	6.000017188E+4	1.511092000E+3
3.391220000E-4	-5.215440000E-6	3.153300000E+0	6.000017188E+4	1.513893000E+3
3.443680000E-4	-1.171240000E-5	3.163700000E+0	6.000017188E+4	1.515903000E+3
3.393910000E-4	-6.228710000E-6	3.174600000E+0	6.000017188E+4	1.518222000E+3
3.364700000E-4	-5.483660000E-6	3.186400000E+0	6.000017188E+4	1.520572000E+3
3.404930000E-4	-5.573060000E-6	3.196700000E+0	6.000017188E+4	1.522154000E+3
3.373640000E-4	-4.142550000E-6	3.206700000E+0	6.000017188E+4	1.524546000E+3
3.358740000E-4	-3.486890000E-6	3.217000000E+0	6.000017188E+4	1.526157000E+3
3.379900000E-4	-1.937170000E-6	3.230200000E+0	6.000017188E+4	1.529279000E+3
3.350690000E-4	-1.579530000E-6	3.241500000E+0	6.000017188E+4	1.531260000E+3
3.301820000E-4	-3.755110000E-6	3.253600000E+0	6.000017188E+4	1.534028000E+3
3.356060000E-4	-5.066430000E-7	3.264300000E+0	6.000017188E+4	1.535612000E+3
3.405530000E-4	-5.275040000E-6	3.275900000E+0	6.000017188E+4	1.538017000E+3
3.425200000E-4	-8.672530000E-6	3.287400000E+0	6.000017188E+4	1.540821000E+3
3.401950000E-4	-1.165280000E-5	3.297900000E+0	6.000017188E+4	1.542570000E+3
3.409400000E-4	-5.900890000E-6	3.308400000E+0	6.000017188E+4	1.544591000E+3
3.386160000E-4	-1.007320000E-5	3.318600000E+0	6.000017188E+4	1.547085000E+3
3.404340000E-4	-1.406680000E-5	3.329300000E+0	6.000017188E+4	1.548738000E+3
3.444270000E-4	-6.854560000E-6	3.341200000E+0	6.000017188E+4	1.551324000E+3
3.457680000E-4	-6.228710000E-6	3.352600000E+0	6.000017188E+4	1.553640000E+3
3.452620000E-4	-4.977020000E-6	3.364000000E+0	6.000017188E+4	1.555632000E+3
3.358740000E-4	-1.490120000E-6	3.375100000E+0	6.000017188E+4	1.558597000E+3
3.296160000E-4	-2.086170000E-7	3.386100000E+0	6.000017188E+4	1.560172000E+3
3.427580000E-4	-6.556540000E-6	3.398300000E+0	6.000017188E+4	1.562577000E+3
3.363510000E-4	-2.801430000E-6	3.409800000E+0	6.000017188E+4	1.564974000E+3
3.357250000E-4	4.172350000E-6	3.421400000E+0	6.000017188E+4	1.567513000E+3
3.365890000E-4	5.573060000E-6	3.432700000E+0	6.000017188E+4	1.569183000E+3
3.332220000E-4	5.453850000E-6	3.442800000E+0	6.000017188E+4	1.571510000E+3
3.420430000E-4	3.367680000E-6	3.454500000E+0	6.000017188E+4	1.573960000E+3
3.345030000E-4	8.136090000E-6	3.465200000E+0	6.000017188E+4	1.576581000E+3
3.437420000E-4	-1.907360000E-6	3.477200000E+0	6.000017188E+4	1.578264000E+3
3.397780000E-4	1.192100000E-7	3.487300000E+0	6.000017188E+4	1.580594000E+3
3.421920000E-4	-3.874330000E-6	3.499000000E+0	6.000017188E+4	1.583014000E+3
3.435030000E-4	-6.675750000E-6	3.509300000E+0	6.000017188E+4	1.584573000E+3
3.434140000E-4	-2.890840000E-6	3.522200000E+0	6.000017188E+4	1.587029000E+3
3.388840000E-4	-7.450620000E-7	3.533600000E+0	6.000017188E+4	1.590044000E+3
3.421920000E-4	-2.592820000E-6	3.543700000E+0	6.000017188E+4	1.591118000E+3
3.402850000E-4	7.748640000E-7	3.553700000E+0	6.000017188E+4	1.593686000E+3
3.383770000E-4	1.013290000E-6	3.564400000E+0	6.000017188E+4	1.596098000E+3
3.404930000E-4	1.698740000E-6	3.574500000E+0	6.000017188E+4	1.597664000E+3
3.443980000E-4	-1.063950000E-5	3.586700000E+0	6.000017188E+4	1.600060000E+3
3.445760000E-4	-7.122780000E-6	3.597100000E+0	6.000017188E+4	1.602849000E+3
3.331620000E-4	5.543260000E-6	3.609000000E+0	6.000017188E+4	1.604635000E+3
3.409400000E-4	-4.619390000E-6	3.619600000E+0	6.000017188E+4	1.606991000E+3
3.362020000E-4	1.579530000E-6	3.630800000E+0	6.000017188E+4	1.609523000E+3
3.331020000E-4	5.513460000E-6	3.641900000E+0	6.000017188E+4	1.611526000E+3
3.336690000E-4	4.559780000E-6	3.653700000E+0	6.000017188E+4	1.613523000E+3
3.388540000E-4	2.205390000E-6	3.664700000E+0	6.000017188E+4	1.615947000E+3
3.349200000E-4	-2.384200000E-7	3.675200000E+0	6.000017188E+4	1.617932000E+3
3.373340000E-4	4.589590000E-6	3.691900000E+0	6.000017188E+4	1.621370000E+3
3.397480000E-4	-5.066420000E-6	3.703600000E+0	6.000017188E+4	1.623392000E+3
3.388240000E-4	-2.950440000E-6	3.716200000E+0	6.000017188E+4	1.626578000E+3
3.322380000E-4	-1.579530000E-6	3.727000000E+0	6.000017188E+4	1.628209000E+3
3.329830000E-4	1.817950000E-6	3.738500000E+0	6.000017188E+4	1.630999000E+3
3.383180000E-4	-7.450620000E-7	3.749500000E+0	6.000017188E+4	1.632703000E+3
3.331020000E-4	2.205390000E-6	3.760800000E+0	6.000017188E+4	1.635133000E+3
3.323570000E-4	5.215440000E-6	3.771500000E+0	6.000017188E+4	1.637528000E+3
3.351290000E-4	5.126030000E-6	3.784100000E+0	6.000017188E+4	1.640058000E+3
3.285720000E-4	4.559780000E-6	3.795300000E+0	6.000017188E+4	1.642057000E+3
3.367680000E-4	-2.294790000E-6	3.806500000E+0	6.000017188E+4	1.644860000E+3
3.321490000E-4	5.126030000E-6	3.818600000E+0	6.000017188E+4	1.646525000E+3
3.345930000E-4	5.096230000E-6	3.829300000E+0	6.000017188E+4	1.649271000E+3
3.275290000E-4	6.973770000E-6	3.841900000E+0	6.000017188E+4	1.650973000E+3
3.334300000E-4	4.321370000E-6	3.853500000E+0	6.000017188E+4	1.653829000E+3
3.391220000E-4	2.145780000E-6	3.864100000E+0	6.000017188E+4	1.655958000E+3
3.264570000E-4	7.361200000E-6	3.876500000E+0	6.000017188E+4	1.658333000E+3
3.303310000E-4	5.543260000E-6	3.889400000E+0	6.000017188E+4	1.661144000E+3
3.295260000E-4	8.612930000E-6	3.900200000E+0	6.000017188E+4	1.663311000E+3
3.361420000E-4	7.957280000E-6	3.910900000E+0	6.000017188E+4	1.665617000E+3
3.332220000E-4	8.970560000E-6	3.922600000E+0	6.000017188E+4	1.667656000E+3
3.325660000E-4	7.748660000E-6	3.933600000E+0	6.000017188E+4	1.669629000E+3
3.322680000E-4	2.533210000E-6	3.944700000E+0	6.000017188E+4	1.672040000E+3
3.370360000E-4	3.159060000E-6	3.956400000E+0	6.000017188E+4	1.674472000E+3
3.354570000E-4	4.500180000E-6	3.967000000E+0	6.000017188E+4	1.676474000E+3
3.364100000E-4	1.132500000E-6	3.979600000E+0	6.000017188E+4	1.679405000E+3
3.260390000E-4	5.930690000E-6	3.990200000E+0	6.000017188E+4	1.681403000E+3
3.309270000E-4	3.844530000E-6	4.000800000E+0	6.000017188E+4	1.682707000E+3
3.283940000E-4	7.331400000E-6	4.011000000E+0	6.000017188E+4	1.685122000E+3
3.215390000E-4	9.208980000E-6	4.021300000E+0	6.000017188E+4	1.687094000E+3
3.268740000E-4	5.781680000E-6	4.031500000E+0	6.000017188E+4	1.689499000E+3
3.273210000E-4	7.689060000E-6	4.044000000E+0	6.000017188E+4	1.692105000E+3
3.302710000E-4	5.453850000E-6	4.058500000E+0	6.000017188E+4	1.694155000E+3
3.269040000E-4	3.546490000E-6	4.069900000E+0	6.000017188E+4	1.696961000E+3
3.223740000E-4	6.467130000E-6	4.081600000E+0	6.000017188E+4	1.699824000E+3
3.329830000E-4	4.470380000E-6	4.094600000E+0	6.000017188E+4	1.701781000E+3
3.284830000E-4	4.649190000E-6	4.106800000E+0	6.000017188E+4	1.704621000E+3
3.277680000E-4	7.659260000E-6	4.117200000E+0	6.000017188E+4	1.706566000E+3
3.212110000E-4	7.987080000E-6	4.128200000E+0	6.000017188E+4	1.708598000E+3
3.347120000E-4	3.159060000E-6	4.138500000E+0	6.000017188E+4	1.711022000E+3
3.363810000E-4	1.341110000E-6	4.148900000E+0	6.000017188E+4	1.713017000E+3
3.457390000E-4	-2.354400000E-6	4.162700000E+0	6.000017188E+4	1.715625000E+3
3.445470000E-4	-4.291560000E-6	4.175400000E+0	6.000017188E+4	1.718433000E+3
3.302710000E-4	5.364450000E-6	4.186900000E+0	6.000017188E+4	1.720474000E+3
3.239530000E-4	6.705550000E-6	4.197400000E+0	6.000017188E+4	1.722427000E+3
3.278870000E-4	2.890840000E-6	4.207500000E+0	6.000017188E+4	1.724906000E+3
3.262180000E-4	8.851350000E-6	4.219100000E+0	6.000017188E+4	1.727214000E+3
3.233270000E-4	9.715620000E-6	4.232300000E+0	6.000017188E+4	1.729170000E+3
3.219270000E-4	9.924230000E-6	4.244500000E+0	6.000017188E+4	1.731909000E+3
3.288410000E-4	6.437330000E-6	4.256700000E+0	6.000017188E+4	1.734371000E+3
3.314930000E-4	8.881150000E-6	4.270300000E+0	6.000017188E+4	1.737129000E+3
3.412090000E-4	1.549730000E-6	4.280800000E+0	6.000017188E+4	1.739128000E+3
3.252050000E-4	7.838070000E-6	4.292600000E+0	6.000017188E+4	1.741941000E+3
3.328340000E-4	4.559780000E-6	4.302900000E+0	6.000017188E+4	1.743901000E+3
3.316720000E-4	2.801430000E-6	4.314200000E+0	6.000017188E+4	1.745921000E+3
3.334600000E-4	3.576290000E-6	4.325000000E+0	6.000017188E+4	1.748305000E+3
3.391520000E-4	1.877550000E-6	4.336100000E+0	6.000017188E+4	1.750045000E+3
3.378410000E-4	5.662480000E-7	4.346800000E+0	6.000017188E+4	1.752445000E+3
3.376320000E-4	1.102690000E-6	4.358200000E+0	6.000017188E+4	1.754830000E+3
3.369170000E-4	2.980250000E-7	4.369000000E+0	6.000017188E+4	1.756617000E+3
3.428180000E-4	-1.579530000E-6	4.381900000E+0	6.000017188E+4	1.759437000E+3
3.441590000E-4	-3.039850000E-6	4.392100000E+0	6.000017188E+4	1.761758000E+3
3.381690000E-4	-1.788150000E-7	4.402900000E+0	6.000017188E+4	1.763491000E+3
3.375730000E-4	2.861040000E-6	4.414300000E+0	6.000017188E+4	1.765935000E+3
3.432350000E-4	5.066430000E-7	4.426200000E+0	6.000017188E+4	1.768301000E+3
3.370070000E-4	-1.013290000E-6	4.442000000E+0	6.000017188E+4	1.771208000E+3
3.464240000E-4	-7.748660000E-6	4.453200000E+0	6.000017188E+4	1.774025000E+3
3.422220000E-4	-4.738600000E-6	4.463700000E+0	6.000017188E+4	1.776028000E+3
3.385260000E-4	1.728540000E-6	4.474800000E+0	6.000017188E+4	1.778430000E+3
3.507160000E-4	-1.093750000E-5	4.486700000E+0	6.000017188E+4	1.780443000E+3
3.356950000E-4	1.013290000E-6	4.497500000E+0	6.000017188E+4	1.782831000E+3
3.377220000E-4	2.414000000E-6	4.510400000E+0	6.000017188E+4	1.784880000E+3
3.385560000E-4	-4.172340000E-7	4.520500000E+0	6.000017188E+4	1.787406000E+3
3.354570000E-4	-5.960500000E-7	4.533000000E+0	6.000017188E+4	1.789801000E+3
3.367090000E-4	-3.576300000E-7	4.544500000E+0	6.000017188E+4	1.791750000E+3
3.415360000E-4	-5.006820000E-6	4.555800000E+0	6.000017188E+4	1.794584000E+3
3.427580000E-4	-2.861040000E-6	4.566500000E+0	6.000017188E+4	1.796539000E+3
3.380200000E-4	-1.072890000E-6	4.578700000E+0	6.000017188E+4	1.798698000E+3
3.286920000E-4	4.470380000E-6	4.588800000E+0	6.000017188E+4	1.801073000E+3
3.363510000E-4	-2.652420000E-6	4.600300000E+0	6.000017188E+4	1.803222000E+3
3.357550000E-4	4.768410000E-7	4.611400000E+0	6.000017188E+4	1.805617000E+3
3.379900000E-4	-1.192100000E-7	4.622300000E+0	6.000017188E+4	1.807216000E+3
3.463350000E-4	-7.569820000E-6	4.633200000E+0	6.000017188E+4	1.809670000E+3
3.381990000E-4	-1.341110000E-6	4.644500000E+0	6.000017188E+4	1.812052000E+3
3.420130000E-4	-6.437330000E-6	4.657500000E+0	6.000017188E+4	1.814561000E+3
3.363210000E-4	-5.871090000E-6	4.668900000E+0	6.000017188E+4	1.816693000E+3
3.370660000E-4	-6.198910000E-6	4.679000000E+0	6.000017188E+4	1.819387000E+3
3.326260000E-4	-3.695500000E-6	4.690800000E+0	6.000017188E+4	1.820953000E+3
3.447850000E-4	-9.834820000E-6	4.702400000E+0	6.000017188E+4	1.823345000E+3
3.439500000E-4	-1.579530000E-6	4.714300000E+0	6.000017188E+4	1.826177000E+3
3.359040000E-4	1.728540000E-6	4.727200000E+0	6.000017188E+4	1.828708000E+3
3.407910000E-4	-7.271800000E-6	4.739400000E+0	6.000017188E+4	1.830769000E+3
3.418050000E-4	-2.741830000E-6	4.750400000E+0	6.000017188E+4	1.833070000E+3
3.416850000E-4	6.854570000E-7	4.761100000E+0	6.000017188E+4	1.835969000E+3
3.370660000E-4	-1.519930000E-6	4.771400000E+0	6.000017188E+4	1.837495000E+3
3.452920000E-4	-6.318120000E-6	4.783400000E+0	6.000017188E+4	1.839485000E+3
3.455300000E-4	-7.152590000E-6	4.794000000E+0	6.000017188E+4	1.841897000E+3
3.425500000E-4	-4.023340000E-6	4.808100000E+0	6.000017188E+4	1.844560000E+3
3.373050000E-4	1.490130000E-7	4.818100000E+0	6.000017188E+4	1.846634000E+3
3.345330000E-4	4.142550000E-6	4.828600000E+0	6.000017188E+4	1.848987000E+3
3.344730000E-4	3.486890000E-6	4.840900000E+0	6.000017188E+4	1.851358000E+3
3.392720000E-4	1.698740000E-6	4.852700000E+0	6.000017188E+4	1.853369000E+3
3.407910000E-4	-6.258520000E-7	4.862700000E+0	6.000017188E+4	1.855765000E+3
3.353380000E-4	-3.308070000E-6	4.874600000E+0	6.000017188E+4	1.858225000E+3
3.442780000E-4	-3.218670000E-6	4.885000000E+0	6.000017188E+4	1.860235000E+3
3.415070000E-4	-1.668940000E-6	4.895700000E+0	6.000017188E+4	1.862344000E+3
3.366190000E-4	-1.966970000E-6	4.905700000E+0	6.000017188E+4	1.864331000E+3
3.341750000E-4	-3.069650000E-6	4.916900000E+0	6.000017188E+4	1.866701000E+3
3.318510000E-4	8.940740000E-8	4.928300000E+0	6.000017188E+4	1.868296000E+3
3.252640000E-4	7.927480000E-6	4.938800000E+0	6.000017188E+4	1.870821000E+3
3.298240000E-4	2.115980000E-6	4.949000000E+0	6.000017188E+4	1.872826000E+3
3.343840000E-4	1.728540000E-6	4.960500000E+0	6.000017188E+4	1.875219000E+3
3.347710000E-4	3.486890000E-6	4.970600000E+0	6.000017188E+4	1.876878000E+3
3.348910000E-4	1.817950000E-6	4.981400000E+0	6.000017188E+4	1.879675000E+3
3.300030000E-4	2.414000000E-6	4.993500000E+0	6.000017188E+4	1.881655000E+3
3.331320000E-4	1.341110000E-6	5.003900000E+0	6.000017188E+4	1.884063000E+3
3.361420000E-4	-6.109510000E-6	5.014100000E+0	6.000017188E+4	1.885627000E+3
3.355760000E-4	-8.642710000E-7	5.026300000E+0	6.000017188E+4	1.888571000E+3
3.317610000E-4	2.771630000E-6	5.036400000E+0	6.000017188E+4	1.890552000E+3
3.321790000E-4	4.351170000E-6	5.047600000E+0	6.000017188E+4	1.892324000E+3
3.312550000E-4	2.324600000E-6	5.059400000E+0	6.000017188E+4	1.895084000E+3
3.409110000E-4	-4.589590000E-6	5.072500000E+0	6.000017188E+4	1.897473000E+3
3.344140000E-4	7.391010000E-6	5.083400000E+0	6.000017188E+4	1.899921000E+3
3.424310000E-4	-8.344690000E-7	5.093800000E+0	6.000017188E+4	1.901883000E+3
3.378710000E-4	-4.768410000E-7	5.104400000E+0	6.000017188E+4	1.903892000E+3
3.361720000E-4	2.056370000E-6	5.117300000E+0	6.000017188E+4	1.906731000E+3
3.293180000E-4	5.781680000E-6	5.128900000E+0	6.000017188E+4	1.908357000E+3
3.421030000E-4	-4.321370000E-6	5.139200000E+0	6.000017188E+4	1.911070000E+3
3.304800000E-4	2.831240000E-6	5.149500000E+0	6.000017188E+4	1.912853000E+3
3.297940000E-4	4.410770000E-6	5.161500000E+0	6.000017188E+4	1.915682000E+3
3.216880000E-4	1.376870000E-5	5.171600000E+0	6.000017188E+4	1.917389000E+3
3.264860000E-4	1.272560000E-5	5.183100000E+0	6.000017188E+4	1.919350000E+3
3.295860000E-4	9.805020000E-6	5.193400000E+0	6.000017188E+4	1.921777000E+3
3.384370000E-4	4.589590000E-6	5.205300000E+0	6.000017188E+4	1.924159000E+3
3.447250000E-4	-5.334640000E-6	5.217900000E+0	6.000017188E+4	1.926563000E+3
3.417750000E-4	-3.546490000E-6	5.228100000E+0	6.000017188E+4	1.928606000E+3
3.302120000E-4	9.656010000E-6	5.238900000E+0	6.000017188E+4	1.930968000E+3
3.442780000E-4	-2.354400000E-6	5.249500000E+0	6.000017188E+4	1.932535000E+3
3.447850000E-4	-4.828010000E-6	5.261600000E+0	6.000017188E+4	1.935091000E+3
3.400170000E-4	2.175580000E-6	5.272100000E+0	6.000017188E+4	1.937472000E+3
3.393310000E-4	-3.516690000E-6	5.282400000E+0	6.000017188E+4	1.939887000E+3
3.419840000E-4	-5.543260000E-6	5.293900000E+0	6.000017188E+4	1.941919000E+3
3.402250000E-4	-1.788150000E-7	5.304900000E+0	6.000017188E+4	1.944337000E+3
3.334900000E-4	-1.192100000E-7	5.316200000E+0	6.000017188E+4	1.946205000E+3
3.432350000E-4	-4.559780000E-6	5.329300000E+0	6.000017188E+4	1.948844000E+3
3.598650000E-4	-2.229230000E-5	5.339800000E+0	6.000017188E+4	1.950820000E+3
3.455300000E-4	-1.242760000E-5	5.351900000E+0	6.000017188E+4	1.953685000E+3
3.414770000E-4	-5.245240000E-6	5.363100000E+0	6.000017188E+4	1.956074000E+3
3.418050000E-4	-8.642730000E-6	5.373300000E+0	6.000017188E+4	1.957650000E+3
3.349800000E-4	-2.712030000E-6	5.384500000E+0	6.000017188E+4	1.959633000E+3
3.415360000E-4	-2.443800000E-6	5.395300000E+0	6.000017188E+4	1.962424000E+3
3.377810000E-4	-1.162300000E-6	5.407600000E+0	6.000017188E+4	1.964448000E+3
3.368280000E-4	-2.145780000E-6	5.419500000E+0	6.000017188E+4	1.967492000E+3
3.362910000E-4	-1.758340000E-6	5.430700000E+0	6.000017188E+4	1.969478000E+3
3.426990000E-4	-5.096230000E-6	5.443900000E+0	6.000017188E+4	1.971484000E+3
3.399870000E-4	-5.751880000E-6	5.454400000E+0	6.000017188E+4	1.973938000E+3
3.379600000E-4	5.573060000E-6	5.467300000E+0	6.000017188E+4	1.976676000E+3
3.477060000E-4	-7.420810000E-6	5.478500000E+0	6.000017188E+4	1.979093000E+3
3.429970000E-4	-3.725300000E-6	5.490900000E+0	6.000017188E+4	1.981119000E+3
3.418350000E-4	3.546490000E-6	5.502500000E+0	6.000017188E+4	1.983557000E+3
3.420130000E-4	-4.649190000E-6	5.514800000E+0	6.000017188E+4	1.986034000E+3
3.348910000E-4	-5.066430000E-7	5.526000000E+0	6.000017188E+4	1.988447000E+3
3.385260000E-4	-5.036620000E-6	5.539700000E+0	6.000017188E+4	1.991259000E+3
3.414770000E-4	-6.467130000E-6	5.551100000E+0	6.000017188E+4	1.993330000E+3
3.386460000E-4	-2.682230000E-7	5.562300000E+0	6.000017188E+4	1.995634000E+3
3.411190000E-4	-2.354400000E-6	5.573600000E+0	6.000017188E+4	1.997620000E+3
3.466030000E-4	-8.434120000E-6	5.584000000E+0	6.000017188E+4	1.999656000E+3
3.348610000E-4	6.943970000E-6	5.595300000E+0	6.000017188E+4	2.002439000E+3
3.348610000E-4	-5.364450000E-7	5.606700000E+0	6.000017188E+4	2.004608000E+3
3.307780000E-4	3.576300000E-7	5.617200000E+0	6.000017188E+4	2.006572000E+3
3.388840000E-4	-4.917410000E-6	5.627300000E+0	6.000017188E+4	2.008575000E+3
3.391820000E-4	-7.420810000E-6	5.637700000E+0	6.000017188E+4	2.010578000E+3
3.433540000E-4	-1.007320000E-5	5.649300000E+0	6.000017188E+4	2.013363000E+3
3.312550000E-4	2.712030000E-6	5.659400000E+0	6.000017188E+4	2.014959000E+3
3.311350000E-4	5.513460000E-6	5.670800000E+0	6.000017188E+4	2.016960000E+3
3.351590000E-4	2.980250000E-8	5.682400000E+0	6.000017188E+4	2.019522000E+3
3.411790000E-4	-5.543260000E-6	5.693900000E+0	6.000017188E+4	2.022347000E+3
3.361420000E-4	-3.576300000E-7	5.705400000E+0	6.000017188E+4	2.024281000E+3
3.457390000E-4	-1.302370000E-5	5.719300000E+0	6.000017188E+4	2.026815000E+3
3.474670000E-4	-1.257660000E-5	5.729500000E+0	6.000017188E+4	2.029281000E+3
3.379900000E-4	-3.695500000E-6	5.741100000E+0	6.000017188E+4	2.031621000E+3
3.359040000E-4	-1.519930000E-6	5.752900000E+0	6.000017188E+4	2.033631000E+3
3.330730000E-4	-3.904130000E-6	5.763700000E+0	6.000017188E+4	2.035674000E+3
3.268440000E-4	1.788150000E-6	5.774400000E+0	6.000017188E+4	2.038007000E+3
3.316420000E-4	1.162300000E-6	5.784900000E+0	6.000017188E+4	2.040607000E+3
3.348910000E-4	-3.218670000E-6	5.796600000E+0	6.000017188E+4	2.042593000E+3
3.391820000E-4	-6.109510000E-6	5.806700000E+0	6.000017188E+4	2.044557000E+3
3.342050000E-4	-2.592820000E-6	5.817100000E+0	6.000017188E+4	2.046549000E+3
3.358740000E-4	2.771630000E-6	5.828900000E+0	6.000017188E+4	2.048560000E+3
3.412090000E-4	-1.251700000E-6	5.839300000E+0	6.000017188E+4	2.050976000E+3
3.415070000E-4	-1.519930000E-6	5.850800000E+0	6.000017188E+4	2.053406000E+3
3.374540000E-4	2.235190000E-6	5.861500000E+0	6.000017188E+4	2.055778000E+3
3.375130000E-4	1.519930000E-6	5.871800000E+0	6.000017188E+4	2.057772000E+3
3.416560000E-4	-1.758340000E-6	5.882600000E+0	6.000017188E+4	2.059381000E+3
3.364400000E-4	1.460320000E-6	5.893000000E+0	6.000017188E+4	2.061377000E+3
3.401360000E-4	-6.794960000E-6	5.904000000E+0	6.000017188E+4	2.064159000E+3
3.377220000E-4	2.086170000E-7	5.915000000E+0	6.000017188E+4	2.066291000E+3
3.353380000E-4	-1.311310000E-6	5.925700000E+0	6.000017188E+4	2.067921000E+3
3.335790000E-4	-1.728540000E-6	5.936700000E+0	6.000017188E+4	2.070287000E+3
3.320590000E-4	3.814730000E-6	5.947700000E+0	6.000017188E+4	2.072723000E+3
3.360230000E-4	-5.036620000E-6	5.957900000E+0	6.000017188E+4	2.074831000E+3
3.426390000E-4	-9.924230000E-6	5.968800000E+0	6.000017188E+4	2.077209000E+3
3.433540000E-4	-1.040110000E-5	5.981200000E+0	6.000017188E+4	2.079218000E+3
3.313740000E-4	-3.874320000E-7	5.992100000E+0	6.000017188E+4	2.081627000E+3
3.448450000E-4	-5.096230000E-6	6.002500000E+0	6.000017188E+4	2.084185000E+3
3.411790000E-4	-7.212190000E-6	6.012800000E+0	6.000017188E+4	2.085626000E+3
3.396290000E-4	-7.152590000E-6	6.024000000E+0	6.000017188E+4	2.087694000E+3
3.417750000E-4	-3.695500000E-6	6.035000000E+0	6.000017188E+4	2.090162000E+3
3.367680000E-4	5.960510000E-8	6.046000000E+0	6.000017188E+4	2.092567000E+3
3.266350000E-4	3.367680000E-6	6.056300000E+0	6.000017188E+4	2.094611000E+3
3.300920000E-4	3.963740000E-6	6.067600000E+0	6.000017188E+4	2.096581000E+3
3.350100000E-4	2.324600000E-6	6.077900000E+0	6.000017188E+4	2.098700000E+3
3.426990000E-4	-6.824760000E-6	6.088900000E+0	6.000017188E+4	2.101135000E+3
3.358140000E-4	1.072890000E-6	6.100000000E+0	6.000017188E+4	2.102760000E+3
3.374240000E-4	-1.788150000E-7	6.112100000E+0	6.000017188E+4	2.105509000E+3
3.324770000E-4	8.821550000E-6	6.122600000E+0	6.000017188E+4	2.107487000E+3
3.334900000E-4	1.192100000E-6	6.134700000E+0	6.000017188E+4	2.109922000E+3
3.249660000E-4	1.016270000E-5	6.146400000E+0	6.000017188E+4	2.112707000E+3
3.266650000E-4	1.043090000E-6	6.158500000E+0	6.000017188E+4	2.114688000E+3
3.294670000E-4	3.963740000E-6	6.169700000E+0	6.000017188E+4	2.116702000E+3
3.288410000E-4	2.175580000E-6	6.180900000E+0	6.000017188E+4	2.119524000E+3
3.338180000E-4	-3.337870000E-6	6.193500000E+0	6.000017188E+4	2.121990000E+3
3.361720000E-4	1.609330000E-6	6.206500000E+0	6.000017188E+4	2.123885000E+3
3.405830000E-4	-1.025210000E-5	6.217200000E+0	6.000017188E+4	2.126344000E+3
3.332810000E-4	-6.437330000E-6	6.227300000E+0	6.000017188E+4	2.128702000E+3
3.315230000E-4	-2.682230000E-7	6.238200000E+0	6.000017188E+4	2.131283000E+3
3.341460000E-4	5.960510000E-8	6.248500000E+0	6.000017188E+4	2.132873000E+3
3.333710000E-4	-4.559780000E-6	6.259200000E+0	6.000017188E+4	2.135345000E+3
3.322680000E-4	-8.940740000E-8	6.273300000E+0	6.000017188E+4	2.137771000E+3
3.349800000E-4	8.344690000E-7	6.285300000E+0	6.000017188E+4	2.140162000E+3
3.351290000E-4	-4.291560000E-6	6.296500000E+0	6.000017188E+4	2.142164000E+3
3.340260000E-4	3.188860000E-6	6.307100000E+0	6.000017188E+4	2.144566000E+3
3.351290000E-4	3.427280000E-6	6.318000000E+0	6.000017188E+4	2.146970000E+3
3.302410000E-4	3.248470000E-6	6.328600000E+0	6.000017188E+4	2.148980000E+3
3.348010000E-4	3.397480000E-6	6.339000000E+0	6.000017188E+4	2.150990000E+3
3.357850000E-4	-1.966970000E-6	6.350300000E+0	6.000017188E+4	2.152976000E+3
3.323570000E-4	-2.890840000E-6	6.360900000E+0	6.000017188E+4	2.155376000E+3
