20250523_HM463Mo3NbRu2_chiAC_vs_T_B_0.001.txt Fri, May 23, 2025 1:31:54 PM Gabe
Magnet: None
Trigger spacing of 0.010000 on column #3
Offsets:	0.000000000E+0	0.000000000E+0	0.000000000E+0	0.000000000E+0	0.000000000E+0

Scale Factors:	1.000000000E+0	1.000000000E+0	1.000000000E+0	1.000000000E+0	1.000000000E+0

0T
Lockin_V_001	Chan2_V_001	Temperature_001	Field_001	Timestamp_001
-1.043090000E-7	-4.470370000E-8	5.515800000E+0	-9.026970714E-2	4.400000000E-2
0.000000000E+0	-4.470370000E-8	5.503900000E+0	-9.026970714E-2	2.142000000E+0
-5.215430000E-8	-5.215430000E-8	5.493300000E+0	-9.026970714E-2	3.238800000E+1
-5.960510000E-8	1.490130000E-8	5.469900000E+0	-9.026970714E-2	8.811400000E+1
-9.685800000E-8	-2.980250000E-8	5.481400000E+0	-9.026970714E-2	8.928500000E+1
-1.341110000E-7	-8.195680000E-8	5.469000000E+0	-9.026970714E-2	1.001340000E+2
-1.266610000E-7	-6.705570000E-8	5.452200000E+0	-9.026970714E-2	1.009250000E+2
-8.940740000E-8	-2.235190000E-8	5.422200000E+0	-9.026970714E-2	1.043170000E+2
-9.685800000E-8	-2.980250000E-8	5.392900000E+0	-9.026970714E-2	1.062510000E+2
-9.685800000E-8	-4.470370000E-8	5.404400000E+0	-9.026970714E-2	1.066430000E+2
-1.341110000E-7	-5.215430000E-8	5.420300000E+0	-9.026970714E-2	1.074440000E+2
-1.192100000E-7	-2.235190000E-8	5.406400000E+0	-9.026970714E-2	1.102730000E+2
-2.682230000E-7	-1.043090000E-7	5.400300000E+0	-9.026970714E-2	1.218870000E+2
-1.937160000E-7	-2.980250000E-8	5.389800000E+0	-9.026970714E-2	1.239040000E+2
-1.490130000E-7	-7.450640000E-9	5.376600000E+0	-9.026970714E-2	1.270410000E+2
-1.639140000E-7	-6.705570000E-8	5.366000000E+0	-9.026970714E-2	1.342820000E+2
-1.415620000E-7	0.000000000E+0	5.354400000E+0	-9.026970714E-2	1.398530000E+2
-1.341110000E-7	-4.470370000E-8	5.342200000E+0	-9.026970714E-2	1.414230000E+2
-1.564630000E-7	-2.235190000E-8	5.329800000E+0	-9.026970714E-2	1.434880000E+2
-2.011670000E-7	-6.705570000E-8	5.318100000E+0	-9.026970714E-2	1.458380000E+2
-2.011670000E-7	-2.980250000E-8	5.308100000E+0	-9.026970714E-2	1.474560000E+2
-2.086170000E-7	-2.980250000E-8	5.297700000E+0	-9.026970714E-2	1.490440000E+2
-2.607720000E-7	-6.705570000E-8	5.285400000E+0	-9.026970714E-2	1.506140000E+2
-2.756730000E-7	-7.450630000E-8	5.274700000E+0	-9.026970714E-2	1.526210000E+2
-3.129260000E-7	-5.960510000E-8	5.264500000E+0	-9.026970714E-2	1.542170000E+2
-2.905740000E-7	-8.195680000E-8	5.254100000E+0	-9.026970714E-2	1.558070000E+2
-3.352780000E-7	-6.705570000E-8	5.241100000E+0	-9.026970714E-2	1.578210000E+2
-3.203770000E-7	-7.450630000E-8	5.229300000E+0	-9.026970714E-2	1.598700000E+2
-3.501790000E-7	-1.117590000E-7	5.218800000E+0	-9.026970714E-2	1.614130000E+2
-3.501790000E-7	-1.490130000E-7	5.205000000E+0	-9.026970714E-2	1.634030000E+2
-4.395860000E-7	-2.831240000E-7	5.193700000E+0	-9.026970714E-2	1.654530000E+2
-5.438960000E-7	-3.874320000E-7	5.183300000E+0	-9.026970714E-2	1.670050000E+2
-6.705560000E-7	-7.972160000E-7	5.171300000E+0	-9.026970714E-2	1.690190000E+2
-9.536820000E-7	-1.370910000E-6	5.161000000E+0	-9.026970714E-2	1.706080000E+2
-1.743440000E-6	-2.697120000E-6	5.150300000E+0	-9.026970714E-2	1.728880000E+2
-2.667320000E-6	-3.859430000E-6	5.138600000E+0	-9.026970714E-2	1.743500000E+2
-5.222890000E-6	-5.945590000E-6	5.126300000E+0	-9.026970714E-2	1.765610000E+2
-7.882770000E-6	-7.353750000E-6	5.115700000E+0	-9.026970714E-2	1.780740000E+2
-1.300130000E-5	-8.694890000E-6	5.102800000E+0	-9.026970714E-2	1.803970000E+2
-1.796350000E-5	-8.821550000E-6	5.092100000E+0	-9.026970714E-2	1.825980000E+2
-2.110020000E-5	-8.568230000E-6	5.081800000E+0	-9.026970714E-2	1.841100000E+2
-2.488510000E-5	-8.009430000E-6	5.070300000E+0	-9.026970714E-2	1.858210000E+2
-2.850600000E-5	-7.331400000E-6	5.058000000E+0	-9.026970714E-2	1.878310000E+2
-3.177700000E-5	-6.541640000E-6	5.045900000E+0	-9.026970714E-2	1.903520000E+2
-3.360240000E-5	-6.020100000E-6	5.035400000E+0	-9.026970714E-2	1.919420000E+2
-3.588970000E-5	-5.349550000E-6	5.025000000E+0	-9.026970714E-2	1.940550000E+2
-3.740210000E-5	-4.880160000E-6	5.014900000E+0	-9.026970714E-2	1.959430000E+2
-3.846760000E-5	-4.515080000E-6	5.004200000E+0	-9.026970714E-2	1.976840000E+2
-3.990550000E-5	-4.060600000E-6	4.990200000E+0	-9.026970714E-2	2.002190000E+2
-4.102310000E-5	-3.665700000E-6	4.980000000E+0	-9.026970714E-2	2.024600000E+2
-4.173090000E-5	-3.397480000E-6	4.968100000E+0	-9.026970714E-2	2.040670000E+2
-4.275170000E-5	-3.032400000E-6	4.956600000E+0	-9.026970714E-2	2.070090000E+2
-4.325090000E-5	-2.808880000E-6	4.944400000E+0	-9.026970714E-2	2.088580000E+2
-4.380220000E-5	-2.600270000E-6	4.932200000E+0	-9.026970714E-2	2.108750000E+2
-4.453240000E-5	-2.279890000E-6	4.920300000E+0	-9.026970714E-2	2.139170000E+2
-4.486020000E-5	-2.078730000E-6	4.907400000E+0	-9.026970714E-2	2.156850000E+2
-4.528490000E-5	-1.877550000E-6	4.897000000E+0	-9.026970714E-2	2.181000000E+2
-4.554560000E-5	-1.735990000E-6	4.885100000E+0	-9.026970714E-2	2.199320000E+2
-4.593310000E-5	-1.549730000E-6	4.873200000E+0	-9.026970714E-2	2.224640000E+2
-4.609700000E-5	-1.452870000E-6	4.862600000E+0	-9.026970714E-2	2.243160000E+2
-4.636520000E-5	-1.288960000E-6	4.851000000E+0	-9.026970714E-2	2.267300000E+2
-4.657380000E-5	-1.207000000E-6	4.840500000E+0	-9.026970714E-2	2.288680000E+2
-4.678990000E-5	-1.110140000E-6	4.830400000E+0	-9.026970714E-2	2.306580000E+2
-4.694630000E-5	-1.080340000E-6	4.819900000E+0	-9.026970714E-2	2.331180000E+2
-4.707300000E-5	-1.005840000E-6	4.807400000E+0	-9.026970714E-2	2.349880000E+2
-4.716990000E-5	-9.387770000E-7	4.796800000E+0	-9.026970714E-2	2.374080000E+2
-4.733380000E-5	-8.791720000E-7	4.785600000E+0	-9.026970714E-2	2.395440000E+2
-4.745300000E-5	-8.270180000E-7	4.774600000E+0	-9.026970714E-2	2.412500000E+2
-4.757220000E-5	-8.270180000E-7	4.764400000E+0	-9.026970714E-2	2.438510000E+2
-4.765410000E-5	-7.674130000E-7	4.752400000E+0	-9.026970714E-2	2.460710000E+2
-4.775850000E-5	-7.674130000E-7	4.742100000E+0	-9.026970714E-2	2.480650000E+2
-4.784040000E-5	-7.003580000E-7	4.731700000E+0	-9.026970714E-2	2.499600000E+2
-4.792980000E-5	-6.482040000E-7	4.721400000E+0	-9.026970714E-2	2.524360000E+2
-4.795220000E-5	-6.333030000E-7	4.710300000E+0	-9.026970714E-2	2.544630000E+2
-4.801180000E-5	-6.556550000E-7	4.698300000E+0	-9.026970714E-2	2.563070000E+2
-4.815330000E-5	-6.035010000E-7	4.685300000E+0	-9.026970714E-2	2.592850000E+2
-4.819060000E-5	-5.736980000E-7	4.674800000E+0	-9.026970714E-2	2.618200000E+2
-4.826510000E-5	-5.736980000E-7	4.664400000E+0	-9.026970714E-2	2.631170000E+2
-4.825760000E-5	-5.140940000E-7	4.652500000E+0	-9.026970714E-2	2.660350000E+2
-4.833960000E-5	-4.917420000E-7	4.640800000E+0	-9.026970714E-2	2.679550000E+2
-4.844390000E-5	-4.842910000E-7	4.627300000E+0	-9.026970714E-2	2.708860000E+2
-4.845880000E-5	-4.768410000E-7	4.616400000E+0	-9.026970714E-2	2.729120000E+2
-4.853330000E-5	-3.725310000E-7	4.604500000E+0	-9.026970714E-2	2.757180000E+2
-4.860780000E-5	-4.246850000E-7	4.592000000E+0	-9.026970714E-2	2.776670000E+2
-4.860040000E-5	-4.097840000E-7	4.581400000E+0	-9.026970714E-2	2.800660000E+2
-4.867490000E-5	-3.874320000E-7	4.568500000E+0	-9.026970714E-2	2.824470000E+2
-4.868230000E-5	-3.129260000E-7	4.557300000E+0	-9.026970714E-2	2.844370000E+2
-4.871960000E-5	-3.203770000E-7	4.546300000E+0	-9.026970714E-2	2.868380000E+2
-4.877170000E-5	-3.427290000E-7	4.534400000E+0	-9.026970714E-2	2.896630000E+2
-4.877170000E-5	-3.650800000E-7	4.523900000E+0	-9.026970714E-2	2.916480000E+2
-4.886110000E-5	-2.533220000E-7	4.513500000E+0	-9.026970714E-2	2.934530000E+2
-4.883880000E-5	-3.203770000E-7	4.503200000E+0	-9.026970714E-2	2.955010000E+2
-4.890580000E-5	-2.607720000E-7	4.491900000E+0	-9.026970714E-2	2.975100000E+2
-4.889840000E-5	-2.607720000E-7	4.480700000E+0	-9.026970714E-2	3.003170000E+2
-4.889840000E-5	-2.905740000E-7	4.469500000E+0	-9.026970714E-2	3.023080000E+2
-4.898030000E-5	-2.831240000E-7	4.458400000E+0	-9.026970714E-2	3.049980000E+2
-4.902510000E-5	-2.607720000E-7	4.448300000E+0	-9.026970714E-2	3.061910000E+2
-4.899530000E-5	-2.607720000E-7	4.437500000E+0	-9.026970714E-2	3.091130000E+2
-4.902510000E-5	-2.533220000E-7	4.427300000E+0	-9.026970714E-2	3.109960000E+2
-4.900270000E-5	-2.309690000E-7	4.415700000E+0	-9.026970714E-2	3.124470000E+2
-4.905490000E-5	-2.607720000E-7	4.405300000E+0	-9.026970714E-2	3.155380000E+2
-4.905490000E-5	-2.235180000E-7	4.390700000E+0	-9.026970714E-2	3.177790000E+2
-4.907720000E-5	-2.309690000E-7	4.378100000E+0	-9.026970714E-2	3.207810000E+2
-4.917410000E-5	-2.458710000E-7	4.366600000E+0	-9.026970714E-2	3.226970000E+2
-4.915920000E-5	-2.011670000E-7	4.354500000E+0	-9.026970714E-2	3.255250000E+2
-4.918900000E-5	-1.639140000E-7	4.341500000E+0	-9.026970714E-2	3.275410000E+2
-4.915170000E-5	-2.011670000E-7	4.329700000E+0	-9.026970714E-2	3.304450000E+2
-4.917410000E-5	-2.086170000E-7	4.316400000E+0	-9.026970714E-2	3.329460000E+2
-4.921880000E-5	-1.788150000E-7	4.303900000E+0	-9.026970714E-2	3.352710000E+2
-4.923370000E-5	-1.937160000E-7	4.292000000E+0	-9.026970714E-2	3.382190000E+2
-4.924860000E-5	-2.235180000E-7	4.279400000E+0	-9.026970714E-2	3.401620000E+2
-4.926350000E-5	-2.011670000E-7	4.267500000E+0	-9.026970714E-2	3.429970000E+2
-4.925600000E-5	-2.160680000E-7	4.256600000E+0	-9.026970714E-2	3.444730000E+2
-4.927840000E-5	-1.713640000E-7	4.245200000E+0	-9.026970714E-2	3.475320000E+2
-4.933050000E-5	-1.639140000E-7	4.233500000E+0	-9.026970714E-2	3.497620000E+2
-4.931560000E-5	-1.564630000E-7	4.222200000E+0	-9.026970714E-2	3.512050000E+2
-4.935290000E-5	-1.266610000E-7	4.211000000E+0	-9.026970714E-2	3.543010000E+2
-4.930820000E-5	-1.788150000E-7	4.197400000E+0	-9.026970714E-2	3.565530000E+2
-4.939760000E-5	-1.564630000E-7	4.185900000E+0	-9.026970714E-2	3.585750000E+2
-4.936780000E-5	-1.713640000E-7	4.175100000E+0	-9.026970714E-2	3.615390000E+2
-4.939760000E-5	-1.490130000E-7	4.162300000E+0	-9.026970714E-2	3.633680000E+2
-4.939760000E-5	-1.862650000E-7	4.151700000E+0	-9.026970714E-2	3.657750000E+2
-4.939760000E-5	-8.940740000E-8	4.141600000E+0	-9.026970714E-2	3.682910000E+2
-4.940500000E-5	-1.341110000E-7	4.128600000E+0	-9.026970714E-2	3.701410000E+2
-4.940500000E-5	-1.117590000E-7	4.118500000E+0	-9.026970714E-2	3.721690000E+2
-4.942740000E-5	-1.415620000E-7	4.108000000E+0	-9.026970714E-2	3.752730000E+2
-4.940500000E-5	-1.341110000E-7	4.095500000E+0	-9.026970714E-2	3.769760000E+2
-4.944970000E-5	-1.788150000E-7	4.084500000E+0	-9.026970714E-2	3.794050000E+2
-4.948700000E-5	-1.490130000E-7	4.072600000E+0	-9.026970714E-2	3.815010000E+2
-4.944230000E-5	-1.341110000E-7	4.062200000E+0	-9.026970714E-2	3.837740000E+2
-4.945720000E-5	-1.490130000E-7	4.051200000E+0	-9.026970714E-2	3.861690000E+2
-4.944230000E-5	-1.490130000E-7	4.039900000E+0	-9.026970714E-2	3.876290000E+2
-4.949440000E-5	-1.117590000E-7	4.029100000E+0	-9.026970714E-2	3.905850000E+2
-4.947210000E-5	-1.043090000E-7	4.018500000E+0	-9.026970714E-2	3.921770000E+2
-4.952420000E-5	-1.341110000E-7	4.008300000E+0	-9.026970714E-2	3.944150000E+2
-4.956150000E-5	-1.490130000E-7	3.997900000E+0	-9.026970714E-2	3.964880000E+2
-4.953170000E-5	-1.341110000E-7	3.986600000E+0	-9.026970714E-2	3.995000000E+2
-4.951680000E-5	-1.341110000E-7	3.976400000E+0	-9.026970714E-2	4.007490000E+2
-4.954660000E-5	-1.713640000E-7	3.965900000E+0	-9.026970714E-2	4.032340000E+2
-4.954660000E-5	-1.341110000E-7	3.954100000E+0	-9.026970714E-2	4.051580000E+2
-4.959130000E-5	-1.266610000E-7	3.943900000E+0	-9.026970714E-2	4.071360000E+2
-4.959870000E-5	-1.415620000E-7	3.932600000E+0	-9.026970714E-2	4.100280000E+2
-4.959870000E-5	-1.341110000E-7	3.921000000E+0	-9.026970714E-2	4.119120000E+2
-4.956150000E-5	-1.192100000E-7	3.909400000E+0	-9.026970714E-2	4.143000000E+2
-4.959130000E-5	-1.117590000E-7	3.898100000E+0	-9.026970714E-2	4.164270000E+2
-4.965840000E-5	-1.341110000E-7	3.887200000E+0	-9.026970714E-2	4.187720000E+2
-4.963600000E-5	-1.415620000E-7	3.876400000E+0	-9.026970714E-2	4.211610000E+2
-4.963600000E-5	-1.341110000E-7	3.865300000E+0	-9.026970714E-2	4.228220000E+2
-4.962860000E-5	-1.117590000E-7	3.854000000E+0	-9.026970714E-2	4.255850000E+2
-4.968070000E-5	-7.450630000E-8	3.842800000E+0	-9.026970714E-2	4.275630000E+2
-4.968070000E-5	-1.266610000E-7	3.832500000E+0	-9.026970714E-2	4.299240000E+2
-4.964350000E-5	-1.192100000E-7	3.822500000E+0	-9.026970714E-2	4.317760000E+2
-4.971050000E-5	-1.266610000E-7	3.809900000E+0	-9.026970714E-2	4.338410000E+2
-4.972540000E-5	-1.341110000E-7	3.798300000E+0	-9.026970714E-2	4.368410000E+2
-4.970310000E-5	-1.341110000E-7	3.784400000E+0	-9.026970714E-2	4.391330000E+2
-4.970310000E-5	-1.341110000E-7	3.774300000E+0	-9.026970714E-2	4.409730000E+2
-4.971800000E-5	-1.043090000E-7	3.763000000E+0	-9.026970714E-2	4.439360000E+2
-4.973290000E-5	-9.685800000E-8	3.751900000E+0	-9.026970714E-2	4.454170000E+2
-4.973290000E-5	-1.043090000E-7	3.739600000E+0	-9.026970714E-2	4.483160000E+2
-4.974030000E-5	-7.450630000E-8	3.726300000E+0	-9.026970714E-2	4.507220000E+2
-4.974780000E-5	-8.195680000E-8	3.713800000E+0	-9.026970714E-2	4.536420000E+2
-4.977010000E-5	-1.043090000E-7	3.699100000E+0	-9.026970714E-2	4.560470000E+2
-4.979990000E-5	-6.705570000E-8	3.686500000E+0	-9.026970714E-2	4.589750000E+2
-4.978500000E-5	-1.490130000E-7	3.674400000E+0	-9.026970714E-2	4.613650000E+2
-4.977010000E-5	-8.940740000E-8	3.663300000E+0	-9.026970714E-2	4.639180000E+2
-4.982970000E-5	-5.960510000E-8	3.652400000E+0	-9.026970714E-2	4.657520000E+2
-4.979250000E-5	-2.235190000E-8	3.639700000E+0	-9.026970714E-2	4.677690000E+2
-4.981480000E-5	-1.043090000E-7	3.626600000E+0	-9.026970714E-2	4.706960000E+2
-4.985210000E-5	-1.043090000E-7	3.608400000E+0	-9.026970714E-2	4.740360000E+2
-4.983720000E-5	-9.685800000E-8	3.594700000E+0	-9.026970714E-2	4.777750000E+2
-4.991170000E-5	-4.470370000E-8	3.579600000E+0	-9.026970714E-2	4.799120000E+2
-4.991170000E-5	-7.450630000E-8	3.559700000E+0	-9.026970714E-2	4.840080000E+2
-4.997130000E-5	-5.960510000E-8	3.549100000E+0	-9.026970714E-2	4.872160000E+2
-4.992660000E-5	-4.470370000E-8	3.538600000E+0	-9.026970714E-2	4.893630000E+2
-4.996380000E-5	-6.705570000E-8	3.526900000E+0	-9.026970714E-2	4.914810000E+2
-4.998620000E-5	-2.235190000E-8	3.509600000E+0	-9.026970714E-2	4.947110000E+2
-4.997870000E-5	-2.235190000E-8	3.499400000E+0	-9.026970714E-2	4.977570000E+2
-4.999360000E-5	-2.235190000E-8	3.487700000E+0	-9.026970714E-2	4.999410000E+2
-5.001600000E-5	-6.705570000E-8	3.474800000E+0	-9.026970714E-2	5.020190000E+2
-4.997870000E-5	-3.725310000E-8	3.463200000E+0	-9.026970714E-2	5.051180000E+2
-5.003090000E-5	-5.215430000E-8	3.451400000E+0	-9.026970714E-2	5.072060000E+2
-4.997130000E-5	-3.725310000E-8	3.439500000E+0	-9.026970714E-2	5.102790000E+2
-5.000850000E-5	-3.725310000E-8	3.423500000E+0	-9.026970714E-2	5.124590000E+2
-5.003090000E-5	-7.450640000E-9	3.408600000E+0	-9.026970714E-2	5.167180000E+2
-5.003830000E-5	-3.725310000E-8	3.393900000E+0	-9.026970714E-2	5.188630000E+2
-5.009790000E-5	-2.235190000E-8	3.382900000E+0	-9.026970714E-2	5.220200000E+2
-5.006070000E-5	-2.980250000E-8	3.368300000E+0	-9.026970714E-2	5.242010000E+2
-5.009790000E-5	-2.980250000E-8	3.356100000E+0	-9.026970714E-2	5.273630000E+2
-5.008300000E-5	0.000000000E+0	3.345300000E+0	-9.026970714E-2	5.294750000E+2
-5.010540000E-5	-5.215430000E-8	3.331900000E+0	-9.026970714E-2	5.326140000E+2
-5.004580000E-5	-1.490130000E-8	3.319500000E+0	-9.026970714E-2	5.346890000E+2
-5.010540000E-5	-2.980250000E-8	3.306000000E+0	-9.026970714E-2	5.379120000E+2
-5.013520000E-5	-4.470370000E-8	3.292600000E+0	-9.026970714E-2	5.400040000E+2
-5.013520000E-5	-1.490130000E-8	3.279800000E+0	-9.026970714E-2	5.436550000E+2
-5.015010000E-5	0.000000000E+0	3.267100000E+0	-9.026970714E-2	5.457960000E+2
-5.017240000E-5	-2.235190000E-8	3.253800000E+0	-9.026970714E-2	5.489860000E+2
-5.014260000E-5	7.450640000E-9	3.240500000E+0	-9.026970714E-2	5.511220000E+2
-5.017990000E-5	0.000000000E+0	3.228000000E+0	-9.026970714E-2	5.541370000E+2
-5.016500000E-5	-3.725310000E-8	3.217700000E+0	-9.026970714E-2	5.566720000E+2
-5.013520000E-5	-7.450640000E-9	3.206600000E+0	-9.026970714E-2	5.587870000E+2
-5.016500000E-5	-1.490130000E-8	3.193800000E+0	-9.026970714E-2	5.609310000E+2
-5.011280000E-5	0.000000000E+0	3.181900000E+0	-9.026970714E-2	5.639900000E+2
-5.017990000E-5	0.000000000E+0	3.167900000E+0	-9.026970714E-2	5.661850000E+2
-5.018730000E-5	7.450640000E-9	3.155900000E+0	-9.026970714E-2	5.693560000E+2
-5.016500000E-5	0.000000000E+0	3.144800000E+0	-9.026970714E-2	5.714620000E+2
-5.016500000E-5	2.235190000E-8	3.133500000E+0	-9.026970714E-2	5.741550000E+2
-5.017990000E-5	0.000000000E+0	3.121600000E+0	-9.026970714E-2	5.762570000E+2
-5.015750000E-5	-2.235190000E-8	3.107700000E+0	-9.026970714E-2	5.794050000E+2
-5.020970000E-5	1.490130000E-8	3.091300000E+0	-9.026970714E-2	5.826100000E+2
-5.020970000E-5	-2.235190000E-8	3.078200000E+0	-9.026970714E-2	5.861240000E+2
-5.017240000E-5	-7.450640000E-9	3.063700000E+0	-9.026970714E-2	5.882450000E+2
-5.020220000E-5	3.725310000E-8	3.047500000E+0	-9.026970714E-2	5.919760000E+2
-5.020220000E-5	-2.235190000E-8	3.036300000E+0	-9.026970714E-2	5.941150000E+2
-5.019480000E-5	0.000000000E+0	3.024800000E+0	-9.026970714E-2	5.973220000E+2
-5.023200000E-5	-2.235190000E-8	3.011800000E+0	-9.026970714E-2	5.994710000E+2
-5.020970000E-5	7.450640000E-9	3.001500000E+0	-9.026970714E-2	6.019780000E+2
-5.021710000E-5	2.235190000E-8	2.989700000E+0	-9.026970714E-2	6.041260000E+2
-5.021710000E-5	-7.450640000E-9	2.979400000E+0	-9.026970714E-2	6.062470000E+2
-5.020970000E-5	0.000000000E+0	2.966700000E+0	-9.026970714E-2	6.089350000E+2
-5.021710000E-5	0.000000000E+0	2.956300000E+0	-9.026970714E-2	6.111030000E+2
-5.019480000E-5	-7.450640000E-9	2.943100000E+0	-9.026970714E-2	6.141360000E+2
-5.020220000E-5	-5.960510000E-8	2.932200000E+0	-9.026970714E-2	6.162990000E+2
-5.019480000E-5	0.000000000E+0	2.913700000E+0	-9.026970714E-2	6.193190000E+2
-5.023200000E-5	0.000000000E+0	2.902600000E+0	-9.026970714E-2	6.225160000E+2
-5.020970000E-5	-2.235190000E-8	2.889500000E+0	-9.026970714E-2	6.246670000E+2
-5.024690000E-5	0.000000000E+0	2.877700000E+0	-9.026970714E-2	6.278580000E+2
-5.025440000E-5	0.000000000E+0	2.865600000E+0	-9.026970714E-2	6.300350000E+2
-5.022460000E-5	1.490130000E-8	2.851200000E+0	-9.026970714E-2	6.330610000E+2
-5.027680000E-5	-1.490130000E-8	2.840100000E+0	-9.026970714E-2	6.361660000E+2
-5.023200000E-5	7.450640000E-9	2.824500000E+0	-9.026970714E-2	6.382730000E+2
-5.023950000E-5	2.980250000E-8	2.813000000E+0	-9.026970714E-2	6.413500000E+2
-5.020970000E-5	0.000000000E+0	2.795700000E+0	-9.026970714E-2	6.445260000E+2
-5.027680000E-5	2.235190000E-8	2.785200000E+0	-9.026970714E-2	6.475940000E+2
-5.024690000E-5	-2.235190000E-8	2.771000000E+0	-9.026970714E-2	6.497360000E+2
-5.022460000E-5	2.235190000E-8	2.757700000E+0	-9.026970714E-2	6.529710000E+2
-5.023950000E-5	1.490130000E-8	2.746300000E+0	-9.026970714E-2	6.550740000E+2
-5.023950000E-5	-2.980250000E-8	2.735000000E+0	-9.026970714E-2	6.583350000E+2
-5.021710000E-5	7.450640000E-9	2.719600000E+0	-9.026970714E-2	6.603980000E+2
-5.024690000E-5	-2.235190000E-8	2.707500000E+0	-9.026970714E-2	6.636090000E+2
-5.028420000E-5	-1.490130000E-8	2.690500000E+0	-9.026970714E-2	6.667940000E+2
-5.026930000E-5	1.490130000E-8	2.675500000E+0	-9.026970714E-2	6.704400000E+2
-5.025440000E-5	0.000000000E+0	2.663500000E+0	-9.026970714E-2	6.725820000E+2
-5.023200000E-5	-1.490130000E-8	2.652600000E+0	-9.026970714E-2	6.757300000E+2
-5.027680000E-5	5.960510000E-8	2.639000000E+0	-9.026970714E-2	6.778930000E+2
-5.026180000E-5	2.235190000E-8	2.624100000E+0	-9.026970714E-2	6.810670000E+2
-5.026930000E-5	7.450640000E-9	2.612000000E+0	-9.026970714E-2	6.842690000E+2
-5.029910000E-5	7.450640000E-9	2.600800000E+0	-9.026970714E-2	6.863830000E+2
-5.029910000E-5	0.000000000E+0	2.589700000E+0	-9.026970714E-2	6.885950000E+2
-5.027680000E-5	0.000000000E+0	2.573200000E+0	-9.026970714E-2	6.915900000E+2
-5.027680000E-5	3.725310000E-8	2.561600000E+0	-9.026970714E-2	6.946710000E+2
-5.030660000E-5	-1.490130000E-8	2.550300000E+0	-9.026970714E-2	6.967970000E+2
-5.029910000E-5	7.450640000E-9	2.535100000E+0	-9.026970714E-2	6.998680000E+2
-5.026930000E-5	0.000000000E+0	2.521500000E+0	-9.026970714E-2	7.029710000E+2
-5.026930000E-5	-7.450640000E-9	2.509800000E+0	-9.026970714E-2	7.050710000E+2
-5.028420000E-5	0.000000000E+0	2.498100000E+0	-9.026970714E-2	7.082640000E+2
-5.029910000E-5	7.450640000E-9	2.485200000E+0	-9.026970714E-2	7.104070000E+2
-5.029170000E-5	0.000000000E+0	2.473700000E+0	-9.026970714E-2	7.135930000E+2
-5.029910000E-5	-3.725310000E-8	2.457100000E+0	-9.026970714E-2	7.158020000E+2
-5.027680000E-5	0.000000000E+0	2.442800000E+0	-9.026970714E-2	7.194600000E+2
-5.032150000E-5	0.000000000E+0	2.432800000E+0	-9.026970714E-2	7.216090000E+2
-5.029170000E-5	-2.235190000E-8	2.416100000E+0	-9.026970714E-2	7.248290000E+2
-5.027680000E-5	7.450640000E-9	2.405600000E+0	-9.026970714E-2	7.278950000E+2
-5.025440000E-5	1.490130000E-8	2.392000000E+0	-9.026970714E-2	7.300090000E+2
-5.029170000E-5	7.450640000E-9	2.379100000E+0	-9.026970714E-2	7.332650000E+2
-5.034380000E-5	5.960510000E-8	2.369000000E+0	-9.026970714E-2	7.353200000E+2
-5.023950000E-5	4.470370000E-8	2.356500000E+0	-9.026970714E-2	7.374810000E+2
-5.026930000E-5	1.490130000E-8	2.339800000E+0	-9.026970714E-2	7.410630000E+2
-5.027680000E-5	3.725310000E-8	2.326600000E+0	-9.026970714E-2	7.442410000E+2
-5.030660000E-5	-1.490130000E-8	2.310600000E+0	-9.026970714E-2	7.475100000E+2
-5.028420000E-5	2.235190000E-8	2.297300000E+0	-9.026970714E-2	7.506850000E+2
-5.031400000E-5	0.000000000E+0	2.285400000E+0	-9.026970714E-2	7.527870000E+2
-5.030660000E-5	-7.450640000E-9	2.272500000E+0	-9.026970714E-2	7.560060000E+2
-5.030660000E-5	-1.490130000E-8	2.259200000E+0	-9.026970714E-2	7.581660000E+2
-5.034380000E-5	-2.980250000E-8	2.240600000E+0	-9.026970714E-2	7.619030000E+2
-5.030660000E-5	0.000000000E+0	2.229700000E+0	-9.026970714E-2	7.650870000E+2
-5.028420000E-5	-6.705570000E-8	2.216900000E+0	-9.026970714E-2	7.671760000E+2
-5.029170000E-5	7.450640000E-9	2.205100000E+0	-9.026970714E-2	7.703040000E+2
-5.032890000E-5	2.235190000E-8	2.192500000E+0	-9.026970714E-2	7.723630000E+2
-5.026930000E-5	2.235190000E-8	2.177800000E+0	-9.026970714E-2	7.755860000E+2
-5.033640000E-5	2.235190000E-8	2.166600000E+0	-9.026970714E-2	7.777030000E+2
-5.035870000E-5	7.450640000E-9	2.152900000E+0	-9.026970714E-2	7.809080000E+2
-5.030660000E-5	7.450640000E-9	2.137100000E+0	-9.026970714E-2	7.841600000E+2
-5.030660000E-5	-2.235190000E-8	2.125000000E+0	-9.026970714E-2	7.873340000E+2
-5.029170000E-5	1.490130000E-8	2.110800000E+0	-9.026970714E-2	7.894520000E+2
-5.029910000E-5	1.490130000E-8	2.097900000E+0	-9.026970714E-2	7.926860000E+2
-5.034380000E-5	0.000000000E+0	2.087400000E+0	-9.026970714E-2	7.947770000E+2
-5.032150000E-5	-1.490130000E-8	2.071900000E+0	-9.026970714E-2	7.979980000E+2
-5.032890000E-5	-2.980250000E-8	2.060800000E+0	-9.026970714E-2	8.010590000E+2
-5.030660000E-5	2.235190000E-8	2.046000000E+0	-9.026970714E-2	8.032070000E+2
-5.030660000E-5	0.000000000E+0	2.034700000E+0	-9.026970714E-2	8.063960000E+2
-5.025440000E-5	1.490130000E-8	2.020900000E+0	-9.026970714E-2	8.085110000E+2
-5.030660000E-5	-7.450640000E-9	2.006300000E+0	-9.026970714E-2	8.117120000E+2
-5.033640000E-5	0.000000000E+0	2.017400000E+0	-9.026970714E-2	9.448610000E+2
-5.035130000E-5	1.490130000E-8	2.028400000E+0	-9.026970714E-2	9.472470000E+2
-5.031400000E-5	0.000000000E+0	2.039600000E+0	-9.026970714E-2	9.492670000E+2
-5.032890000E-5	0.000000000E+0	2.049800000E+0	-9.026970714E-2	9.516680000E+2
-5.035870000E-5	-2.235190000E-8	2.060100000E+0	-9.026970714E-2	9.536660000E+2
-5.029170000E-5	-2.235190000E-8	2.070600000E+0	-9.026970714E-2	9.558100000E+2
-5.032150000E-5	0.000000000E+0	2.083600000E+0	-9.026970714E-2	9.585820000E+2
-5.029170000E-5	0.000000000E+0	2.093800000E+0	-9.026970714E-2	9.605080000E+2
-5.034380000E-5	0.000000000E+0	2.104900000E+0	-9.026970714E-2	9.625890000E+2
-5.029170000E-5	3.725310000E-8	2.116200000E+0	-9.026970714E-2	9.648600000E+2
-5.029910000E-5	0.000000000E+0	2.127200000E+0	-9.026970714E-2	9.668640000E+2
-5.030660000E-5	-1.490130000E-8	2.137900000E+0	-9.026970714E-2	9.692610000E+2
-5.031400000E-5	2.980250000E-8	2.151300000E+0	-9.026970714E-2	9.717620000E+2
-5.033640000E-5	-7.450640000E-9	2.161600000E+0	-9.026970714E-2	9.739340000E+2
-5.030660000E-5	-1.490130000E-8	2.172100000E+0	-9.026970714E-2	9.761200000E+2
-5.030660000E-5	-3.725310000E-8	2.182300000E+0	-9.026970714E-2	9.777320000E+2
-5.029170000E-5	-3.725310000E-8	2.193100000E+0	-9.026970714E-2	9.802180000E+2
-5.030660000E-5	0.000000000E+0	2.203800000E+0	-9.026970714E-2	9.822450000E+2
-5.029170000E-5	-1.490130000E-8	2.215400000E+0	-9.026970714E-2	9.848070000E+2
-5.032150000E-5	7.450640000E-9	2.225500000E+0	-9.026970714E-2	9.863920000E+2
-5.029910000E-5	1.490130000E-8	2.237200000E+0	-9.026970714E-2	9.890640000E+2
-5.029910000E-5	2.235190000E-8	2.248500000E+0	-9.026970714E-2	9.914150000E+2
-5.037360000E-5	-7.450640000E-9	2.260300000E+0	-9.026970714E-2	9.934370000E+2
-5.028420000E-5	2.235190000E-8	2.271200000E+0	-9.026970714E-2	9.960610000E+2
-5.027680000E-5	2.235190000E-8	2.282200000E+0	-9.026970714E-2	9.980890000E+2
-5.029170000E-5	0.000000000E+0	2.292800000E+0	-9.026970714E-2	9.998630000E+2
-5.031400000E-5	0.000000000E+0	2.303500000E+0	-9.026970714E-2	1.002677000E+3
-5.029910000E-5	5.960510000E-8	2.313700000E+0	-9.026970714E-2	1.004537000E+3
-5.033640000E-5	2.235190000E-8	2.326200000E+0	-9.026970714E-2	1.006768000E+3
-5.028420000E-5	-2.980250000E-8	2.337300000E+0	-9.026970714E-2	1.009325000E+3
-5.029170000E-5	4.470370000E-8	2.348300000E+0	-9.026970714E-2	1.011026000E+3
-5.030660000E-5	0.000000000E+0	2.361300000E+0	-9.026970714E-2	1.013951000E+3
-5.031400000E-5	0.000000000E+0	2.373500000E+0	-9.026970714E-2	1.015961000E+3
-5.030660000E-5	-1.490130000E-8	2.383600000E+0	-9.026970714E-2	1.018336000E+3
-5.029170000E-5	0.000000000E+0	2.393900000E+0	-9.026970714E-2	1.019934000E+3
-5.026930000E-5	1.490130000E-8	2.404200000E+0	-9.026970714E-2	1.022497000E+3
-5.025440000E-5	-1.490130000E-8	2.414800000E+0	-9.026970714E-2	1.024253000E+3
-5.026930000E-5	2.235190000E-8	2.428100000E+0	-9.026970714E-2	1.027220000E+3
-5.029910000E-5	7.450640000E-9	2.439400000E+0	-9.026970714E-2	1.029341000E+3
-5.026930000E-5	0.000000000E+0	2.452400000E+0	-9.026970714E-2	1.032080000E+3
-5.027680000E-5	-2.980250000E-8	2.465600000E+0	-9.026970714E-2	1.034546000E+3
-5.025440000E-5	-5.215430000E-8	2.476600000E+0	-9.026970714E-2	1.036947000E+3
-5.029170000E-5	0.000000000E+0	2.488200000E+0	-9.026970714E-2	1.039030000E+3
-5.026180000E-5	0.000000000E+0	2.498400000E+0	-9.026970714E-2	1.041139000E+3
-5.024690000E-5	0.000000000E+0	2.510300000E+0	-9.026970714E-2	1.043753000E+3
-5.027680000E-5	0.000000000E+0	2.522200000E+0	-9.026970714E-2	1.045682000E+3
-5.026930000E-5	2.235190000E-8	2.534400000E+0	-9.026970714E-2	1.048698000E+3
-5.026930000E-5	0.000000000E+0	2.546200000E+0	-9.026970714E-2	1.051025000E+3
-5.026930000E-5	2.235190000E-8	2.556300000E+0	-9.026970714E-2	1.052824000E+3
-5.023200000E-5	2.235190000E-8	2.566700000E+0	-9.026970714E-2	1.054852000E+3
-5.026180000E-5	-7.450640000E-9	2.578100000E+0	-9.026970714E-2	1.057146000E+3
-5.026930000E-5	-5.215430000E-8	2.588800000E+0	-9.026970714E-2	1.059575000E+3
-5.023950000E-5	-1.490130000E-8	2.601800000E+0	-9.026970714E-2	1.061844000E+3
-5.027680000E-5	-4.470370000E-8	2.612900000E+0	-9.026970714E-2	1.064340000E+3
-5.024690000E-5	7.450640000E-9	2.624200000E+0	-9.026970714E-2	1.066275000E+3
-5.025440000E-5	0.000000000E+0	2.635100000E+0	-9.026970714E-2	1.068339000E+3
-5.030660000E-5	0.000000000E+0	2.647600000E+0	-9.026970714E-2	1.071288000E+3
-5.029170000E-5	0.000000000E+0	2.661000000E+0	-9.026970714E-2	1.073331000E+3
-5.026930000E-5	-1.490130000E-8	2.671700000E+0	-9.026970714E-2	1.075820000E+3
-5.023200000E-5	7.450640000E-9	2.681800000E+0	-9.026970714E-2	1.078252000E+3
-5.032150000E-5	-1.490130000E-8	2.692800000E+0	-9.026970714E-2	1.080086000E+3
-5.025440000E-5	-2.235190000E-8	2.703100000E+0	-9.026970714E-2	1.082347000E+3
-5.026180000E-5	-2.235190000E-8	2.713800000E+0	-9.026970714E-2	1.084348000E+3
-5.027680000E-5	2.980250000E-8	2.726700000E+0	-9.026970714E-2	1.086617000E+3
-5.023200000E-5	2.980250000E-8	2.738200000E+0	-9.026970714E-2	1.089447000E+3
-5.026180000E-5	1.490130000E-8	2.748200000E+0	-9.026970714E-2	1.090646000E+3
-5.026180000E-5	-1.490130000E-8	2.758500000E+0	-9.026970714E-2	1.093194000E+3
-5.022460000E-5	2.235190000E-8	2.770800000E+0	-9.026970714E-2	1.095598000E+3
-5.025440000E-5	0.000000000E+0	2.780900000E+0	-9.026970714E-2	1.097625000E+3
-5.020970000E-5	7.450640000E-9	2.792200000E+0	-9.026970714E-2	1.100329000E+3
-5.027680000E-5	2.235190000E-8	2.803000000E+0	-9.026970714E-2	1.102085000E+3
-5.020220000E-5	-1.490130000E-8	2.814200000E+0	-9.026970714E-2	1.104235000E+3
-5.020970000E-5	2.235190000E-8	2.824600000E+0	-9.026970714E-2	1.106626000E+3
-5.021710000E-5	0.000000000E+0	2.836500000E+0	-9.026970714E-2	1.108605000E+3
-5.025440000E-5	-7.450640000E-9	2.847300000E+0	-9.026970714E-2	1.111260000E+3
-5.020220000E-5	0.000000000E+0	2.858300000E+0	-9.026970714E-2	1.112893000E+3
-5.026180000E-5	-7.450640000E-9	2.870400000E+0	-9.026970714E-2	1.115676000E+3
-5.025440000E-5	-2.235190000E-8	2.882500000E+0	-9.026970714E-2	1.117664000E+3
-5.020970000E-5	0.000000000E+0	2.892700000E+0	-9.026970714E-2	1.120092000E+3
-5.021710000E-5	1.490130000E-8	2.903500000E+0	-9.026970714E-2	1.122073000E+3
-5.023950000E-5	2.980250000E-8	2.915000000E+0	-9.026970714E-2	1.124684000E+3
-5.021710000E-5	-1.490130000E-8	2.928200000E+0	-9.026970714E-2	1.127148000E+3
-5.020970000E-5	-3.725310000E-8	2.938700000E+0	-9.026970714E-2	1.129165000E+3
-5.023200000E-5	1.490130000E-8	2.949100000E+0	-9.026970714E-2	1.131687000E+3
-5.022460000E-5	2.980250000E-8	2.959200000E+0	-9.026970714E-2	1.133307000E+3
-5.022460000E-5	-7.450640000E-9	2.971800000E+0	-9.026970714E-2	1.135809000E+3
-5.023200000E-5	3.725310000E-8	2.982700000E+0	-9.026970714E-2	1.137796000E+3
-5.022460000E-5	-2.235190000E-8	2.995500000E+0	-9.026970714E-2	1.140633000E+3
-5.020970000E-5	1.490130000E-8	3.005900000E+0	-9.026970714E-2	1.142698000E+3
-5.020970000E-5	0.000000000E+0	3.016700000E+0	-9.026970714E-2	1.145187000E+3
-5.019480000E-5	0.000000000E+0	3.027300000E+0	-9.026970714E-2	1.146787000E+3
-5.022460000E-5	-3.725310000E-8	3.038800000E+0	-9.026970714E-2	1.149748000E+3
-5.020970000E-5	7.450640000E-9	3.049100000E+0	-9.026970714E-2	1.151442000E+3
-5.020970000E-5	-7.450640000E-9	3.060400000E+0	-9.026970714E-2	1.153400000E+3
-5.020970000E-5	4.470370000E-8	3.071800000E+0	-9.026970714E-2	1.155900000E+3
-5.016500000E-5	-7.450640000E-9	3.083200000E+0	-9.026970714E-2	1.158198000E+3
-5.019480000E-5	-2.235190000E-8	3.093900000E+0	-9.026970714E-2	1.160330000E+3
-5.017990000E-5	0.000000000E+0	3.104600000E+0	-9.026970714E-2	1.162326000E+3
-5.020220000E-5	0.000000000E+0	3.116500000E+0	-9.026970714E-2	1.164760000E+3
-5.019480000E-5	1.490130000E-8	3.127600000E+0	-9.026970714E-2	1.166896000E+3
-5.012770000E-5	-7.450640000E-9	3.139600000E+0	-9.026970714E-2	1.169694000E+3
-5.017990000E-5	-1.490130000E-8	3.150900000E+0	-9.026970714E-2	1.171725000E+3
-5.016500000E-5	7.450640000E-9	3.161100000E+0	-9.026970714E-2	1.173927000E+3
-5.017990000E-5	2.980250000E-8	3.173100000E+0	-9.026970714E-2	1.176370000E+3
-5.019480000E-5	-2.235190000E-8	3.186200000E+0	-9.026970714E-2	1.178816000E+3
-5.018730000E-5	7.450640000E-9	3.196900000E+0	-9.026970714E-2	1.181177000E+3
-5.017240000E-5	-2.235190000E-8	3.209800000E+0	-9.026970714E-2	1.183679000E+3
-5.016500000E-5	-3.725310000E-8	3.220300000E+0	-9.026970714E-2	1.185156000E+3
-5.015010000E-5	-2.235190000E-8	3.234000000E+0	-9.026970714E-2	1.188238000E+3
-5.011280000E-5	7.450640000E-9	3.244500000E+0	-9.026970714E-2	1.190659000E+3
-5.009050000E-5	-2.235190000E-8	3.254900000E+0	-9.026970714E-2	1.192646000E+3
-5.016500000E-5	-7.450640000E-9	3.266900000E+0	-9.026970714E-2	1.194657000E+3
-5.016500000E-5	-2.235190000E-8	3.278700000E+0	-9.026970714E-2	1.197525000E+3
-5.011280000E-5	-4.470370000E-8	3.290000000E+0	-9.026970714E-2	1.199150000E+3
-5.014260000E-5	0.000000000E+0	3.301600000E+0	-9.026970714E-2	1.201960000E+3
-5.012030000E-5	-4.470370000E-8	3.312900000E+0	-9.026970714E-2	1.204187000E+3
-5.012770000E-5	-2.235190000E-8	3.323500000E+0	-9.026970714E-2	1.206459000E+3
-5.016500000E-5	-2.980250000E-8	3.336400000E+0	-9.026970714E-2	1.208889000E+3
-5.006810000E-5	0.000000000E+0	3.346400000E+0	-9.026970714E-2	1.210463000E+3
-5.003830000E-5	-2.980250000E-8	3.357900000E+0	-9.026970714E-2	1.213448000E+3
-5.009790000E-5	-2.980250000E-8	3.371200000E+0	-9.026970714E-2	1.215643000E+3
-5.001600000E-5	-2.980250000E-8	3.381400000E+0	-9.026970714E-2	1.217938000E+3
-5.006810000E-5	-4.470370000E-8	3.394500000E+0	-9.026970714E-2	1.220361000E+3
-5.002340000E-5	-7.450640000E-9	3.405600000E+0	-9.026970714E-2	1.222467000E+3
-5.005320000E-5	-6.705570000E-8	3.416300000E+0	-9.026970714E-2	1.225258000E+3
-5.004580000E-5	-2.235190000E-8	3.426700000E+0	-9.026970714E-2	1.226877000E+3
-5.003830000E-5	-7.450640000E-9	3.436900000E+0	-9.026970714E-2	1.228844000E+3
-5.001600000E-5	-5.215430000E-8	3.447600000E+0	-9.026970714E-2	1.230859000E+3
-5.002340000E-5	-1.490130000E-8	3.458300000E+0	-9.026970714E-2	1.233247000E+3
-5.000110000E-5	-2.235190000E-8	3.471900000E+0	-9.026970714E-2	1.235838000E+3
-4.997870000E-5	-4.470370000E-8	3.482500000E+0	-9.026970714E-2	1.238375000E+3
-4.997870000E-5	-2.235190000E-8	3.492600000E+0	-9.026970714E-2	1.240332000E+3
-4.997870000E-5	-8.195680000E-8	3.504400000E+0	-9.026970714E-2	1.241944000E+3
-4.993400000E-5	-5.215430000E-8	3.515800000E+0	-9.026970714E-2	1.244723000E+3
-4.997130000E-5	-5.215430000E-8	3.527400000E+0	-9.026970714E-2	1.247035000E+3
-4.994890000E-5	-7.450640000E-9	3.538600000E+0	-9.026970714E-2	1.249063000E+3
-4.991910000E-5	-1.117590000E-7	3.549300000E+0	-9.026970714E-2	1.251841000E+3
-4.996380000E-5	-8.195680000E-8	3.560400000E+0	-9.026970714E-2	1.253397000E+3
-4.995640000E-5	-6.705570000E-8	3.571700000E+0	-9.026970714E-2	1.255798000E+3
-4.990420000E-5	-7.450630000E-8	3.584500000E+0	-9.026970714E-2	1.258617000E+3
-4.984460000E-5	-5.960510000E-8	3.595600000E+0	-9.026970714E-2	1.260579000E+3
-4.989680000E-5	-2.235190000E-8	3.605900000E+0	-9.026970714E-2	1.262995000E+3
-4.981480000E-5	-5.215430000E-8	3.617500000E+0	-9.026970714E-2	1.264809000E+3
-4.979250000E-5	-5.215430000E-8	3.627800000E+0	-9.026970714E-2	1.267287000E+3
-4.985950000E-5	-1.415620000E-7	3.638600000E+0	-9.026970714E-2	1.269284000E+3
-4.978500000E-5	-1.341110000E-7	3.650000000E+0	-9.026970714E-2	1.271324000E+3
-4.978500000E-5	-8.940740000E-8	3.661700000E+0	-9.026970714E-2	1.274201000E+3
-4.979990000E-5	-6.705570000E-8	3.673100000E+0	-9.026970714E-2	1.276180000E+3
-4.985210000E-5	-1.490130000E-7	3.684900000E+0	-9.026970714E-2	1.278766000E+3
-4.978500000E-5	-1.117590000E-7	3.697100000E+0	-9.026970714E-2	1.281171000E+3
-4.976270000E-5	-8.940740000E-8	3.708900000E+0	-9.026970714E-2	1.283107000E+3
-4.977010000E-5	-7.450630000E-8	3.719800000E+0	-9.026970714E-2	1.285913000E+3
-4.975520000E-5	-1.192100000E-7	3.730200000E+0	-9.026970714E-2	1.287516000E+3
-4.975520000E-5	-8.940740000E-8	3.741300000E+0	-9.026970714E-2	1.289914000E+3
-4.972540000E-5	-1.266610000E-7	3.753600000E+0	-9.026970714E-2	1.291919000E+3
-4.973290000E-5	-1.192100000E-7	3.764100000E+0	-9.026970714E-2	1.294439000E+3
-4.971050000E-5	-8.195680000E-8	3.775500000E+0	-9.026970714E-2	1.296862000E+3
-4.971800000E-5	-1.043090000E-7	3.786900000E+0	-9.026970714E-2	1.298530000E+3
-4.971050000E-5	-1.341110000E-7	3.798000000E+0	-9.026970714E-2	1.301400000E+3
-4.974030000E-5	-8.940740000E-8	3.809200000E+0	-9.026970714E-2	1.302974000E+3
-4.966580000E-5	-9.685800000E-8	3.819300000E+0	-9.026970714E-2	1.305529000E+3
-4.963600000E-5	-9.685800000E-8	3.830700000E+0	-9.026970714E-2	1.307960000E+3
-4.968070000E-5	-1.266610000E-7	3.841200000E+0	-9.026970714E-2	1.309640000E+3
-4.962110000E-5	-1.266610000E-7	3.852000000E+0	-9.026970714E-2	1.311981000E+3
-4.965840000E-5	-1.341110000E-7	3.863600000E+0	-9.026970714E-2	1.314502000E+3
-4.961360000E-5	-1.415620000E-7	3.874900000E+0	-9.026970714E-2	1.316042000E+3
-4.965840000E-5	-1.192100000E-7	3.885700000E+0	-9.026970714E-2	1.318880000E+3
-4.960620000E-5	-1.341110000E-7	3.897800000E+0	-9.026970714E-2	1.320862000E+3
-4.962110000E-5	-1.490130000E-7	3.909000000E+0	-9.026970714E-2	1.323408000E+3
-4.959870000E-5	-8.195680000E-8	3.919000000E+0	-9.026970714E-2	1.325850000E+3
-4.956150000E-5	-8.195680000E-8	3.930800000E+0	-9.026970714E-2	1.327395000E+3
-4.958380000E-5	-1.341110000E-7	3.941400000E+0	-9.026970714E-2	1.330188000E+3
-4.959130000E-5	-1.564630000E-7	3.953400000E+0	-9.026970714E-2	1.332187000E+3
-4.959130000E-5	-1.490130000E-7	3.963400000E+0	-9.026970714E-2	1.333798000E+3
-4.951680000E-5	-1.117590000E-7	3.974300000E+0	-9.026970714E-2	1.337038000E+3
-4.953170000E-5	-9.685800000E-8	3.986000000E+0	-9.026970714E-2	1.338488000E+3
-4.951680000E-5	-1.117590000E-7	3.997800000E+0	-9.026970714E-2	1.341295000E+3
-4.953910000E-5	-1.341110000E-7	4.011000000E+0	-9.026970714E-2	1.343657000E+3
-4.953170000E-5	-1.266610000E-7	4.021100000E+0	-9.026970714E-2	1.345667000E+3
-4.949440000E-5	-1.341110000E-7	4.032000000E+0	-9.026970714E-2	1.348046000E+3
-4.948700000E-5	-1.341110000E-7	4.044900000E+0	-9.026970714E-2	1.350250000E+3
-4.943480000E-5	-1.415620000E-7	4.056800000E+0	-9.026970714E-2	1.352996000E+3
-4.946460000E-5	-1.937160000E-7	4.067800000E+0	-9.026970714E-2	1.355537000E+3
-4.944230000E-5	-1.490130000E-7	4.079800000E+0	-9.026970714E-2	1.357129000E+3
-4.944230000E-5	-1.490130000E-7	4.091600000E+0	-9.026970714E-2	1.359939000E+3
-4.946460000E-5	-1.266610000E-7	4.101800000E+0	-9.026970714E-2	1.361939000E+3
-4.939010000E-5	-1.117590000E-7	4.114000000E+0	-9.026970714E-2	1.363939000E+3
-4.940500000E-5	-1.788150000E-7	4.124300000E+0	-9.026970714E-2	1.366738000E+3
-4.945720000E-5	-1.341110000E-7	4.136800000E+0	-9.026970714E-2	1.368476000E+3
-4.940500000E-5	-1.341110000E-7	4.147000000E+0	-9.026970714E-2	1.370857000E+3
-4.941990000E-5	-1.639140000E-7	4.158100000E+0	-9.026970714E-2	1.373440000E+3
-4.939760000E-5	-1.415620000E-7	4.169100000E+0	-9.026970714E-2	1.374992000E+3
-4.938270000E-5	-1.862650000E-7	4.181000000E+0	-9.026970714E-2	1.377803000E+3
-4.936780000E-5	-1.713640000E-7	4.192800000E+0	-9.026970714E-2	1.380250000E+3
-4.933050000E-5	-1.862650000E-7	4.203300000E+0	-9.026970714E-2	1.381815000E+3
-4.934540000E-5	-1.341110000E-7	4.214500000E+0	-9.026970714E-2	1.384641000E+3
-4.933050000E-5	-1.862650000E-7	4.226500000E+0	-9.026970714E-2	1.386609000E+3
-4.930070000E-5	-1.937160000E-7	4.239700000E+0	-9.026970714E-2	1.389683000E+3
-4.927840000E-5	-1.639140000E-7	4.251800000E+0	-9.026970714E-2	1.392052000E+3
-4.929330000E-5	-2.011670000E-7	4.262100000E+0	-9.026970714E-2	1.393665000E+3
-4.925600000E-5	-2.011670000E-7	4.273900000E+0	-9.026970714E-2	1.396166000E+3
-4.930070000E-5	-1.639140000E-7	4.284800000E+0	-9.026970714E-2	1.398482000E+3
-4.924110000E-5	-1.415620000E-7	4.295100000E+0	-9.026970714E-2	1.400870000E+3
-4.924860000E-5	-1.937160000E-7	4.305300000E+0	-9.026970714E-2	1.402609000E+3
-4.920390000E-5	-1.862650000E-7	4.316100000E+0	-9.026970714E-2	1.405015000E+3
-4.922620000E-5	-2.384200000E-7	4.327600000E+0	-9.026970714E-2	1.406606000E+3
-4.919640000E-5	-2.384200000E-7	4.337800000E+0	-9.026970714E-2	1.409007000E+3
-4.917410000E-5	-2.384200000E-7	4.348200000E+0	-9.026970714E-2	1.411407000E+3
-4.912940000E-5	-2.458710000E-7	4.359900000E+0	-9.026970714E-2	1.413423000E+3
-4.913680000E-5	-2.235180000E-7	4.371000000E+0	-9.026970714E-2	1.415552000E+3
-4.914430000E-5	-2.309690000E-7	4.381900000E+0	-9.026970714E-2	1.417944000E+3
-4.915170000E-5	-2.011670000E-7	4.394100000E+0	-9.026970714E-2	1.420350000E+3
-4.907720000E-5	-2.309690000E-7	4.404400000E+0	-9.026970714E-2	1.422381000E+3
-4.906230000E-5	-2.607720000E-7	4.414900000E+0	-9.026970714E-2	1.424880000E+3
-4.907720000E-5	-2.309690000E-7	4.426000000E+0	-9.026970714E-2	1.426520000E+3
-4.898780000E-5	-2.235180000E-7	4.440900000E+0	-9.026970714E-2	1.429817000E+3
-4.900270000E-5	-2.384200000E-7	4.451600000E+0	-9.026970714E-2	1.431863000E+3
-4.898030000E-5	-2.458710000E-7	4.463700000E+0	-9.026970714E-2	1.434670000E+3
-4.896540000E-5	-2.831240000E-7	4.474100000E+0	-9.026970714E-2	1.436630000E+3
-4.894310000E-5	-2.831240000E-7	4.484200000E+0	-9.026970714E-2	1.438235000E+3
-4.889840000E-5	-2.831240000E-7	4.497500000E+0	-9.026970714E-2	1.441147000E+3
-4.888350000E-5	-2.831240000E-7	4.507600000E+0	-9.026970714E-2	1.443195000E+3
-4.885370000E-5	-3.427290000E-7	4.520000000E+0	-9.026970714E-2	1.445657000E+3
-4.882390000E-5	-3.129260000E-7	4.531800000E+0	-9.026970714E-2	1.447612000E+3
-4.877920000E-5	-3.427290000E-7	4.542500000E+0	-9.026970714E-2	1.449937000E+3
-4.878660000E-5	-3.725310000E-7	4.553500000E+0	-9.026970714E-2	1.452794000E+3
-4.875680000E-5	-3.725310000E-7	4.564400000E+0	-9.026970714E-2	1.454361000E+3
-4.864510000E-5	-3.874320000E-7	4.575900000E+0	-9.026970714E-2	1.456863000E+3
-4.864510000E-5	-3.874320000E-7	4.587100000E+0	-9.026970714E-2	1.458521000E+3
-4.864510000E-5	-4.097840000E-7	4.597200000E+0	-9.026970714E-2	1.460866000E+3
-4.856310000E-5	-4.246850000E-7	4.607400000E+0	-9.026970714E-2	1.463011000E+3
-4.854820000E-5	-4.395860000E-7	4.619700000E+0	-9.026970714E-2	1.465396000E+3
-4.848860000E-5	-4.619380000E-7	4.632400000E+0	-9.026970714E-2	1.468200000E+3
-4.841410000E-5	-4.619380000E-7	4.643900000E+0	-9.026970714E-2	1.470653000E+3
-4.839180000E-5	-4.842910000E-7	4.654800000E+0	-9.026970714E-2	1.472414000E+3
-4.833210000E-5	-5.140940000E-7	4.665500000E+0	-9.026970714E-2	1.474370000E+3
-4.825020000E-5	-4.991930000E-7	4.676100000E+0	-9.026970714E-2	1.476751000E+3
-4.820550000E-5	-5.364450000E-7	4.686800000E+0	-9.026970714E-2	1.479254000E+3
-4.814590000E-5	-5.811490000E-7	4.697100000E+0	-9.026970714E-2	1.480868000E+3
-4.810860000E-5	-5.811490000E-7	4.707200000E+0	-9.026970714E-2	1.482867000E+3
-4.798940000E-5	-5.960500000E-7	4.719400000E+0	-9.026970714E-2	1.485663000E+3
-4.792240000E-5	-6.482040000E-7	4.729900000E+0	-9.026970714E-2	1.487272000E+3
-4.782550000E-5	-6.929080000E-7	4.740000000E+0	-9.026970714E-2	1.489666000E+3
-4.775100000E-5	-7.450620000E-7	4.751100000E+0	-9.026970714E-2	1.492112000E+3
-4.767650000E-5	-7.227100000E-7	4.762500000E+0	-9.026970714E-2	1.493709000E+3
-4.759450000E-5	-7.748640000E-7	4.773700000E+0	-9.026970714E-2	1.496454000E+3
-4.747530000E-5	-8.121170000E-7	4.786100000E+0	-9.026970714E-2	1.498890000E+3
-4.734870000E-5	-8.940730000E-7	4.798800000E+0	-9.026970714E-2	1.500854000E+3
-4.725180000E-5	-9.313260000E-7	4.809200000E+0	-9.026970714E-2	1.503593000E+3
-4.711770000E-5	-9.313260000E-7	4.820700000E+0	-9.026970714E-2	1.505507000E+3
-4.689420000E-5	-1.065440000E-6	4.831300000E+0	-9.026970714E-2	1.507943000E+3
-4.679730000E-5	-1.110140000E-6	4.842500000E+0	-9.026970714E-2	1.509927000E+3
-4.659620000E-5	-1.221900000E-6	4.852900000E+0	-9.026970714E-2	1.512335000E+3
-4.641730000E-5	-1.274060000E-6	4.864700000E+0	-9.026970714E-2	1.514313000E+3
-4.615660000E-5	-1.452870000E-6	4.875800000E+0	-9.026970714E-2	1.516340000E+3
-4.585860000E-5	-1.557180000E-6	4.886600000E+0	-9.026970714E-2	1.519153000E+3
-4.567970000E-5	-1.668940000E-6	4.899000000E+0	-9.026970714E-2	1.520988000E+3
-4.514330000E-5	-1.922260000E-6	4.909700000E+0	-9.026970714E-2	1.523864000E+3
-4.490490000E-5	-2.056370000E-6	4.920100000E+0	-9.026970714E-2	1.525441000E+3
-4.451750000E-5	-2.272440000E-6	4.930400000E+0	-9.026970714E-2	1.527395000E+3
-4.403320000E-5	-2.488510000E-6	4.940500000E+0	-9.026970714E-2	1.529776000E+3
-4.364570000E-5	-2.644970000E-6	4.951000000E+0	-9.026970714E-2	1.531791000E+3
-4.304220000E-5	-2.920640000E-6	4.962000000E+0	-9.026970714E-2	1.533790000E+3
-4.228970000E-5	-3.181410000E-6	4.973300000E+0	-9.026970714E-2	1.536194000E+3
-4.168620000E-5	-3.397480000E-6	4.983800000E+0	-9.026970714E-2	1.538210000E+3
-4.077730000E-5	-3.717850000E-6	4.994100000E+0	-9.026970714E-2	1.540240000E+3
-3.987570000E-5	-4.053140000E-6	5.005100000E+0	-9.026970714E-2	1.542577000E+3
-3.879540000E-5	-4.373520000E-6	5.016800000E+0	-9.026970714E-2	1.544640000E+3
-3.691790000E-5	-5.014270000E-6	5.029700000E+0	-9.026970714E-2	1.547548000E+3
-3.505520000E-5	-5.595420000E-6	5.040600000E+0	-9.026970714E-2	1.549775000E+3
-3.295420000E-5	-6.213810000E-6	5.051800000E+0	-9.026970714E-2	1.552063000E+3
-3.106920000E-5	-6.720450000E-6	5.062500000E+0	-9.026970714E-2	1.554069000E+3
-2.785780000E-5	-7.465510000E-6	5.074500000E+0	-9.026970714E-2	1.556111000E+3
-2.384940000E-5	-8.195700000E-6	5.085500000E+0	-9.026970714E-2	1.558471000E+3
-1.993040000E-5	-8.717240000E-6	5.095600000E+0	-9.026970714E-2	1.560874000E+3
-1.668200000E-5	-8.851350000E-6	5.106600000E+0	-9.026970714E-2	1.562861000E+3
-1.149630000E-5	-8.396860000E-6	5.117800000E+0	-9.026970714E-2	1.565023000E+3
-6.906720000E-6	-6.914170000E-6	5.129800000E+0	-9.026970714E-2	1.567805000E+3
-4.410770000E-6	-5.409150000E-6	5.143100000E+0	-9.026970714E-2	1.569557000E+3
-2.346950000E-6	-3.486890000E-6	5.154100000E+0	-9.026970714E-2	1.572359000E+3
-1.318760000E-6	-2.004220000E-6	5.164300000E+0	-9.026970714E-2	1.574811000E+3
-9.313260000E-7	-1.326210000E-6	5.176500000E+0	-9.026970714E-2	1.576365000E+3
-5.960500000E-7	-6.556550000E-7	5.186600000E+0	-9.026970714E-2	1.578749000E+3
-4.470370000E-7	-3.203770000E-7	5.197600000E+0	-9.026970714E-2	1.581139000E+3
-4.172340000E-7	-2.309690000E-7	5.210000000E+0	-9.026970714E-2	1.583560000E+3
-3.650800000E-7	-1.490130000E-7	5.222200000E+0	-9.026970714E-2	1.585528000E+3
-3.203770000E-7	-1.341110000E-7	5.233200000E+0	-9.026970714E-2	1.588378000E+3
-3.576300000E-7	-1.043090000E-7	5.245100000E+0	-9.026970714E-2	1.590387000E+3
-2.533220000E-7	-9.685800000E-8	5.256900000E+0	-9.026970714E-2	1.593135000E+3
-2.682230000E-7	-8.940740000E-8	5.268700000E+0	-9.026970714E-2	1.595385000E+3
-2.384200000E-7	-9.685800000E-8	5.279100000E+0	-9.026970714E-2	1.597679000E+3
-2.384200000E-7	-7.450630000E-8	5.291600000E+0	-9.026970714E-2	1.599255000E+3
-2.309690000E-7	-6.705570000E-8	5.303300000E+0	-9.026970714E-2	1.602077000E+3
-2.309690000E-7	-6.705570000E-8	5.314500000E+0	-9.026970714E-2	1.604705000E+3
-1.937160000E-7	-8.195680000E-8	5.326500000E+0	-9.026970714E-2	1.606598000E+3
-1.937160000E-7	-6.705570000E-8	5.339200000E+0	-9.026970714E-2	1.609411000E+3
-1.862650000E-7	-6.705570000E-8	5.350500000E+0	-9.026970714E-2	1.611811000E+3
-1.341110000E-7	-6.705570000E-8	5.362900000E+0	-9.026970714E-2	1.613963000E+3
-1.639140000E-7	-5.215430000E-8	5.373800000E+0	-9.026970714E-2	1.615942000E+3
-1.713640000E-7	-5.215430000E-8	5.383900000E+0	-9.026970714E-2	1.618326000E+3
-1.415620000E-7	-6.705570000E-8	5.395300000E+0	-9.026970714E-2	1.621194000E+3
-1.341110000E-7	-6.705570000E-8	5.406800000E+0	-9.026970714E-2	1.622750000E+3
-1.415620000E-7	-2.235190000E-8	5.418100000E+0	-9.026970714E-2	1.624876000E+3
-9.685800000E-8	-5.215430000E-8	5.429100000E+0	-9.026970714E-2	1.627259000E+3
-1.117590000E-7	-6.705570000E-8	5.441400000E+0	-9.026970714E-2	1.630069000E+3
-9.685800000E-8	-5.960510000E-8	5.453600000E+0	-9.026970714E-2	1.632105000E+3
-7.450630000E-8	-6.705570000E-8	5.463800000E+0	-9.026970714E-2	1.634463000E+3
-8.195680000E-8	-4.470370000E-8	5.474400000E+0	-9.026970714E-2	1.636457000E+3
-4.470370000E-8	-2.980250000E-8	5.484900000E+0	-9.026970714E-2	1.638066000E+3
-8.195680000E-8	-8.195680000E-8	5.497000000E+0	-9.026970714E-2	1.640861000E+3
